"Første vacc. dato";"kommunenavn";"Antal første vacc.";"c_kom_num"
2020-12-01;Aabenraa;1;580
2020-12-08;Aalborg;1;851
2020-12-16;Brøndby;1;153
2020-12-17;Frederikssund;1;250
2020-12-18;Gentofte;1;157
2020-12-19;Frederiksberg;1;147
2020-12-21;København;1;101
2020-12-21;Gentofte;1;157
2020-12-21;Århus;1;751
2020-12-22;Odense;1;461
2020-12-22;Kolding;1;621
2020-12-22;Odder;1;727
2020-12-22;Aalborg;1;851
2020-12-23;København;2;101
2020-12-23;Århus;2;751
2020-12-24;København;2;101
2020-12-24;Gladsaxe;1;159
2020-12-24;Næstved;1;370
2020-12-26;København;1;101
2020-12-26;Allerød;1;201
2020-12-26;Roskilde;1;265
2020-12-26;Ringsted;1;329
2020-12-26;Bornholm;1;400
2020-12-27;København;639;101
2020-12-27;Frederiksberg;88;147
2020-12-27;Ballerup;26;151
2020-12-27;Brøndby;16;153
2020-12-27;Dragør;8;155
2020-12-27;Gentofte;42;157
2020-12-27;Gladsaxe;51;159
2020-12-27;Glostrup;13;161
2020-12-27;Herlev;53;163
2020-12-27;Albertslund;19;165
2020-12-27;Hvidovre;48;167
2020-12-27;Høje Tåstrup;34;169
2020-12-27;Lyngby-Taarbæk;49;173
2020-12-27;Rødovre;24;175
2020-12-27;Ishøj;93;183
2020-12-27;Tårnby;16;185
2020-12-27;Vallensbæk;12;187
2020-12-27;Furesø;28;190
2020-12-27;Allerød;18;201
2020-12-27;Fredensborg;19;210
2020-12-27;Helsingør;34;217
2020-12-27;Hillerød;58;219
2020-12-27;Hørsholm;13;223
2020-12-27;Rudersdal;31;230
2020-12-27;Egedal;25;240
2020-12-27;Frederikssund;15;250
2020-12-27;Greve;217;253
2020-12-27;Køge;61;259
2020-12-27;Halsnæs;17;260
2020-12-27;Roskilde;52;265
2020-12-27;Solrød;114;269
2020-12-27;Gribskov;27;270
2020-12-27;Odsherred;5;306
2020-12-27;Holbæk;50;316
2020-12-27;Faxe;16;320
2020-12-27;Kalundborg;23;326
2020-12-27;Ringsted;14;329
2020-12-27;Slagelse;488;330
2020-12-27;Stevns;20;336
2020-12-27;Sorø;22;340
2020-12-27;Lejre;10;350
2020-12-27;Lolland;8;360
2020-12-27;Næstved;33;370
2020-12-27;Guldborgsund;56;376
2020-12-27;Vordingborg;15;390
2020-12-27;Bornholm;61;400
2020-12-27;Middelfart;6;410
2020-12-27;Assens;6;420
2020-12-27;Faaborg-Midtfyn;11;430
2020-12-27;Kerteminde;3;440
2020-12-27;Nyborg;6;450
2020-12-27;Odense;385;461
2020-12-27;Svendborg;1;479
2020-12-27;Nordfyn;4;480
2020-12-27;Horsens;53;615
2020-12-27;Kolding;1;621
2020-12-27;Vejle;3;630
2020-12-27;Herning;71;657
2020-12-27;Holstebro;16;661
2020-12-27;Lemvig;1;665
2020-12-27;Struer;2;671
2020-12-27;Syddjurs;47;706
2020-12-27;Norddjurs;8;707
2020-12-27;Favrskov;29;710
2020-12-27;Odder;19;727
2020-12-27;Randers;68;730
2020-12-27;Silkeborg;23;740
2020-12-27;Samsø;1;741
2020-12-27;Skanderborg;43;746
2020-12-27;Århus;1270;751
2020-12-27;Ikast-Brande;10;756
2020-12-27;Ringkøbing-Skjern;15;760
2020-12-27;Hedensted;10;766
2020-12-27;Morsø;1;773
2020-12-27;Skive;7;779
2020-12-27;Thisted;3;787
2020-12-27;Viborg;49;791
2020-12-27;Brønderslev;29;810
2020-12-27;Frederikshavn;14;813
2020-12-27;Vesthimmerland;11;820
2020-12-27;Rebild;40;840
2020-12-27;Mariagerfjord;23;846
2020-12-27;Jammerbugt;18;849
2020-12-27;Aalborg;749;851
2020-12-27;Hjørring;77;860
2020-12-28;København;178;101
2020-12-28;Frederiksberg;17;147
2020-12-28;Ballerup;14;151
2020-12-28;Brøndby;12;153
2020-12-28;Gentofte;18;157
2020-12-28;Gladsaxe;18;159
2020-12-28;Glostrup;3;161
2020-12-28;Herlev;121;163
2020-12-28;Albertslund;5;165
2020-12-28;Hvidovre;5;167
2020-12-28;Høje Tåstrup;7;169
2020-12-28;Lyngby-Taarbæk;16;173
2020-12-28;Rødovre;6;175
2020-12-28;Ishøj;5;183
2020-12-28;Tårnby;4;185
2020-12-28;Vallensbæk;1;187
2020-12-28;Furesø;11;190
2020-12-28;Allerød;1;201
2020-12-28;Fredensborg;3;210
2020-12-28;Helsingør;2;217
2020-12-28;Hillerød;4;219
2020-12-28;Hørsholm;4;223
2020-12-28;Rudersdal;10;230
2020-12-28;Egedal;9;240
2020-12-28;Frederikssund;5;250
2020-12-28;Greve;13;253
2020-12-28;Køge;32;259
2020-12-28;Roskilde;49;265
2020-12-28;Solrød;12;269
2020-12-28;Gribskov;1;270
2020-12-28;Odsherred;13;306
2020-12-28;Holbæk;80;316
2020-12-28;Faxe;13;320
2020-12-28;Kalundborg;26;326
2020-12-28;Ringsted;19;329
2020-12-28;Slagelse;92;330
2020-12-28;Stevns;5;336
2020-12-28;Sorø;19;340
2020-12-28;Lejre;10;350
2020-12-28;Lolland;16;360
2020-12-28;Næstved;46;370
2020-12-28;Guldborgsund;87;376
2020-12-28;Vordingborg;18;390
2020-12-28;Bornholm;1;400
2020-12-28;Middelfart;7;410
2020-12-28;Assens;13;420
2020-12-28;Faaborg-Midtfyn;22;430
2020-12-28;Kerteminde;10;440
2020-12-28;Nyborg;16;450
2020-12-28;Odense;487;461
2020-12-28;Svendborg;27;479
2020-12-28;Nordfyn;21;480
2020-12-28;Ærø;1;492
2020-12-28;Haderslev;1;510
2020-12-28;Sønderborg;1;540
2020-12-28;Esbjerg;1;561
2020-12-28;Horsens;2;615
2020-12-28;Kolding;1;621
2020-12-28;Holstebro;1;661
2020-12-28;Syddjurs;7;706
2020-12-28;Norddjurs;1;707
2020-12-28;Favrskov;15;710
2020-12-28;Odder;2;727
2020-12-28;Randers;3;730
2020-12-28;Silkeborg;11;740
2020-12-28;Skanderborg;4;746
2020-12-28;Århus;86;751
2020-12-28;Ikast-Brande;2;756
2020-12-28;Hedensted;1;766
2020-12-28;Morsø;1;773
2020-12-28;Skive;11;779
2020-12-28;Thisted;1;787
2020-12-28;Viborg;49;791
2020-12-28;Brønderslev;9;810
2020-12-28;Frederikshavn;15;813
2020-12-28;Vesthimmerland;1;820
2020-12-28;Rebild;1;840
2020-12-28;Mariagerfjord;2;846
2020-12-28;Jammerbugt;3;849
2020-12-28;Aalborg;18;851
2020-12-28;Hjørring;54;860
2020-12-29;København;1596;101
2020-12-29;Frederiksberg;175;147
2020-12-29;Ballerup;42;151
2020-12-29;Brøndby;39;153
2020-12-29;Dragør;20;155
2020-12-29;Gentofte;152;157
2020-12-29;Gladsaxe;99;159
2020-12-29;Glostrup;31;161
2020-12-29;Herlev;95;163
2020-12-29;Albertslund;30;165
2020-12-29;Hvidovre;110;167
2020-12-29;Høje Tåstrup;60;169
2020-12-29;Lyngby-Taarbæk;90;173
2020-12-29;Rødovre;43;175
2020-12-29;Ishøj;25;183
2020-12-29;Tårnby;75;185
2020-12-29;Vallensbæk;21;187
2020-12-29;Furesø;58;190
2020-12-29;Allerød;37;201
2020-12-29;Fredensborg;44;210
2020-12-29;Helsingør;61;217
2020-12-29;Hillerød;122;219
2020-12-29;Hørsholm;29;223
2020-12-29;Rudersdal;94;230
2020-12-29;Egedal;59;240
2020-12-29;Frederikssund;32;250
2020-12-29;Greve;108;253
2020-12-29;Køge;82;259
2020-12-29;Halsnæs;34;260
2020-12-29;Roskilde;123;265
2020-12-29;Solrød;33;269
2020-12-29;Gribskov;44;270
2020-12-29;Odsherred;44;306
2020-12-29;Holbæk;285;316
2020-12-29;Faxe;39;320
2020-12-29;Kalundborg;181;326
2020-12-29;Ringsted;209;329
2020-12-29;Slagelse;129;330
2020-12-29;Stevns;26;336
2020-12-29;Sorø;42;340
2020-12-29;Lejre;44;350
2020-12-29;Lolland;15;360
2020-12-29;Næstved;181;370
2020-12-29;Guldborgsund;100;376
2020-12-29;Vordingborg;198;390
2020-12-29;Bornholm;112;400
2020-12-29;Middelfart;39;410
2020-12-29;Assens;23;420
2020-12-29;Faaborg-Midtfyn;30;430
2020-12-29;Kerteminde;16;440
2020-12-29;Nyborg;12;450
2020-12-29;Odense;540;461
2020-12-29;Svendborg;55;479
2020-12-29;Nordfyn;7;480
2020-12-29;Langeland;3;482
2020-12-29;Ærø;3;492
2020-12-29;Haderslev;31;510
2020-12-29;Billund;3;530
2020-12-29;Sønderborg;285;540
2020-12-29;Tønder;10;550
2020-12-29;Esbjerg;242;561
2020-12-29;Fanø;3;563
2020-12-29;Varde;22;573
2020-12-29;Vejen;20;575
2020-12-29;Aabenraa;71;580
2020-12-29;Fredericia;38;607
2020-12-29;Horsens;39;615
2020-12-29;Kolding;278;621
2020-12-29;Vejle;38;630
2020-12-29;Herning;1;657
2020-12-29;Holstebro;3;661
2020-12-29;Syddjurs;10;706
2020-12-29;Norddjurs;2;707
2020-12-29;Favrskov;24;710
2020-12-29;Odder;20;727
2020-12-29;Randers;22;730
2020-12-29;Silkeborg;21;740
2020-12-29;Skanderborg;40;746
2020-12-29;Århus;821;751
2020-12-29;Ikast-Brande;1;756
2020-12-29;Ringkøbing-Skjern;1;760
2020-12-29;Hedensted;14;766
2020-12-29;Viborg;5;791
2020-12-29;Brønderslev;1;810
2020-12-29;Vesthimmerland;3;820
2020-12-29;Rebild;14;840
2020-12-29;Mariagerfjord;180;846
2020-12-29;Aalborg;96;851
2020-12-29;Hjørring;1;860
2020-12-30;København;1493;101
2020-12-30;Frederiksberg;202;147
2020-12-30;Ballerup;57;151
2020-12-30;Brøndby;45;153
2020-12-30;Dragør;21;155
2020-12-30;Gentofte;154;157
2020-12-30;Gladsaxe;129;159
2020-12-30;Glostrup;38;161
2020-12-30;Herlev;63;163
2020-12-30;Albertslund;32;165
2020-12-30;Hvidovre;89;167
2020-12-30;Høje Tåstrup;68;169
2020-12-30;Lyngby-Taarbæk;91;173
2020-12-30;Rødovre;60;175
2020-12-30;Ishøj;24;183
2020-12-30;Tårnby;68;185
2020-12-30;Vallensbæk;25;187
2020-12-30;Furesø;68;190
2020-12-30;Allerød;46;201
2020-12-30;Fredensborg;51;210
2020-12-30;Helsingør;87;217
2020-12-30;Hillerød;143;219
2020-12-30;Hørsholm;32;223
2020-12-30;Rudersdal;100;230
2020-12-30;Egedal;72;240
2020-12-30;Frederikssund;47;250
2020-12-30;Greve;67;253
2020-12-30;Køge;71;259
2020-12-30;Halsnæs;35;260
2020-12-30;Roskilde;410;265
2020-12-30;Solrød;29;269
2020-12-30;Gribskov;36;270
2020-12-30;Odsherred;14;306
2020-12-30;Holbæk;54;316
2020-12-30;Faxe;32;320
2020-12-30;Kalundborg;126;326
2020-12-30;Ringsted;47;329
2020-12-30;Slagelse;217;330
2020-12-30;Stevns;20;336
2020-12-30;Sorø;46;340
2020-12-30;Lejre;23;350
2020-12-30;Lolland;21;360
2020-12-30;Næstved;321;370
2020-12-30;Guldborgsund;125;376
2020-12-30;Vordingborg;137;390
2020-12-30;Bornholm;3;400
2020-12-30;Middelfart;40;410
2020-12-30;Assens;20;420
2020-12-30;Faaborg-Midtfyn;24;430
2020-12-30;Kerteminde;9;440
2020-12-30;Nyborg;16;450
2020-12-30;Odense;443;461
2020-12-30;Svendborg;43;479
2020-12-30;Nordfyn;13;480
2020-12-30;Langeland;5;482
2020-12-30;Haderslev;47;510
2020-12-30;Billund;67;530
2020-12-30;Sønderborg;417;540
2020-12-30;Tønder;18;550
2020-12-30;Esbjerg;307;561
2020-12-30;Fanø;31;563
2020-12-30;Varde;82;573
2020-12-30;Vejen;53;575
2020-12-30;Aabenraa;66;580
2020-12-30;Fredericia;46;607
2020-12-30;Horsens;20;615
2020-12-30;Kolding;329;621
2020-12-30;Vejle;208;630
2020-12-30;Herning;58;657
2020-12-30;Holstebro;27;661
2020-12-30;Lemvig;2;665
2020-12-30;Struer;5;671
2020-12-30;Syddjurs;43;706
2020-12-30;Norddjurs;12;707
2020-12-30;Favrskov;40;710
2020-12-30;Odder;7;727
2020-12-30;Randers;59;730
2020-12-30;Silkeborg;31;740
2020-12-30;Samsø;1;741
2020-12-30;Skanderborg;37;746
2020-12-30;Århus;683;751
2020-12-30;Ikast-Brande;14;756
2020-12-30;Ringkøbing-Skjern;8;760
2020-12-30;Hedensted;16;766
2020-12-30;Morsø;11;773
2020-12-30;Skive;19;779
2020-12-30;Thisted;41;787
2020-12-30;Viborg;92;791
2020-12-30;Brønderslev;71;810
2020-12-30;Frederikshavn;44;813
2020-12-30;Vesthimmerland;36;820
2020-12-30;Rebild;425;840
2020-12-30;Mariagerfjord;45;846
2020-12-30;Jammerbugt;50;849
2020-12-30;Aalborg;1212;851
2020-12-30;Hjørring;149;860
2020-12-31;København;956;101
2020-12-31;Frederiksberg;59;147
2020-12-31;Ballerup;28;151
2020-12-31;Brøndby;23;153
2020-12-31;Dragør;7;155
2020-12-31;Gentofte;49;157
2020-12-31;Gladsaxe;55;159
2020-12-31;Glostrup;9;161
2020-12-31;Herlev;26;163
2020-12-31;Albertslund;17;165
2020-12-31;Hvidovre;39;167
2020-12-31;Høje Tåstrup;36;169
2020-12-31;Lyngby-Taarbæk;41;173
2020-12-31;Rødovre;25;175
2020-12-31;Ishøj;14;183
2020-12-31;Tårnby;23;185
2020-12-31;Vallensbæk;6;187
2020-12-31;Furesø;15;190
2020-12-31;Allerød;7;201
2020-12-31;Fredensborg;10;210
2020-12-31;Helsingør;10;217
2020-12-31;Hillerød;16;219
2020-12-31;Hørsholm;15;223
2020-12-31;Rudersdal;29;230
2020-12-31;Egedal;19;240
2020-12-31;Frederikssund;13;250
2020-12-31;Greve;29;253
2020-12-31;Køge;189;259
2020-12-31;Halsnæs;3;260
2020-12-31;Roskilde;332;265
2020-12-31;Solrød;29;269
2020-12-31;Gribskov;5;270
2020-12-31;Odsherred;8;306
2020-12-31;Holbæk;115;316
2020-12-31;Faxe;20;320
2020-12-31;Kalundborg;33;326
2020-12-31;Ringsted;22;329
2020-12-31;Slagelse;72;330
2020-12-31;Stevns;27;336
2020-12-31;Sorø;12;340
2020-12-31;Lejre;32;350
2020-12-31;Lolland;3;360
2020-12-31;Næstved;176;370
2020-12-31;Guldborgsund;7;376
2020-12-31;Vordingborg;92;390
2020-12-31;Middelfart;164;410
2020-12-31;Assens;19;420
2020-12-31;Faaborg-Midtfyn;23;430
2020-12-31;Kerteminde;4;440
2020-12-31;Nyborg;4;450
2020-12-31;Odense;150;461
2020-12-31;Svendborg;29;479
2020-12-31;Nordfyn;10;480
2020-12-31;Langeland;7;482
2020-12-31;Haderslev;13;510
2020-12-31;Billund;145;530
2020-12-31;Sønderborg;63;540
2020-12-31;Tønder;3;550
2020-12-31;Esbjerg;249;561
2020-12-31;Fanø;2;563
2020-12-31;Varde;106;573
2020-12-31;Vejen;12;575
2020-12-31;Aabenraa;27;580
2020-12-31;Fredericia;13;607
2020-12-31;Horsens;29;615
2020-12-31;Kolding;15;621
2020-12-31;Vejle;171;630
2020-12-31;Herning;13;657
2020-12-31;Holstebro;96;661
2020-12-31;Lemvig;1;665
2020-12-31;Struer;9;671
2020-12-31;Syddjurs;10;706
2020-12-31;Norddjurs;4;707
2020-12-31;Favrskov;30;710
2020-12-31;Odder;11;727
2020-12-31;Randers;178;730
2020-12-31;Silkeborg;31;740
2020-12-31;Samsø;1;741
2020-12-31;Skanderborg;113;746
2020-12-31;Århus;310;751
2020-12-31;Ikast-Brande;120;756
2020-12-31;Ringkøbing-Skjern;2;760
2020-12-31;Hedensted;15;766
2020-12-31;Morsø;2;773
2020-12-31;Skive;9;779
2020-12-31;Viborg;45;791
2020-12-31;Brønderslev;14;810
2020-12-31;Vesthimmerland;9;820
2020-12-31;Rebild;15;840
2020-12-31;Mariagerfjord;186;846
2020-12-31;Jammerbugt;3;849
2020-12-31;Aalborg;378;851
2020-12-31;Hjørring;3;860
2021-01-01;København;833;101
2021-01-01;Frederiksberg;34;147
2021-01-01;Ballerup;10;151
2021-01-01;Brøndby;10;153
2021-01-01;Dragør;6;155
2021-01-01;Gentofte;25;157
2021-01-01;Gladsaxe;22;159
2021-01-01;Glostrup;7;161
2021-01-01;Herlev;11;163
2021-01-01;Albertslund;5;165
2021-01-01;Hvidovre;34;167
2021-01-01;Høje Tåstrup;12;169
2021-01-01;Lyngby-Taarbæk;10;173
2021-01-01;Rødovre;31;175
2021-01-01;Ishøj;2;183
2021-01-01;Tårnby;10;185
2021-01-01;Vallensbæk;3;187
2021-01-01;Furesø;8;190
2021-01-01;Allerød;1;201
2021-01-01;Fredensborg;3;210
2021-01-01;Helsingør;3;217
2021-01-01;Hillerød;3;219
2021-01-01;Hørsholm;2;223
2021-01-01;Rudersdal;9;230
2021-01-01;Egedal;7;240
2021-01-01;Frederikssund;6;250
2021-01-01;Greve;12;253
2021-01-01;Køge;4;259
2021-01-01;Halsnæs;3;260
2021-01-01;Roskilde;25;265
2021-01-01;Solrød;5;269
2021-01-01;Gribskov;3;270
2021-01-01;Odsherred;1;306
2021-01-01;Holbæk;42;316
2021-01-01;Faxe;5;320
2021-01-01;Kalundborg;11;326
2021-01-01;Ringsted;4;329
2021-01-01;Slagelse;52;330
2021-01-01;Stevns;2;336
2021-01-01;Sorø;16;340
2021-01-01;Lejre;4;350
2021-01-01;Lolland;17;360
2021-01-01;Næstved;43;370
2021-01-01;Guldborgsund;32;376
2021-01-01;Vordingborg;7;390
2021-01-01;Middelfart;6;410
2021-01-01;Nyborg;1;450
2021-01-01;Odense;5;461
2021-01-01;Svendborg;2;479
2021-01-01;Haderslev;9;510
2021-01-01;Billund;2;530
2021-01-01;Tønder;2;550
2021-01-01;Esbjerg;215;561
2021-01-01;Varde;13;573
2021-01-01;Vejen;78;575
2021-01-01;Aabenraa;1;580
2021-01-01;Fredericia;9;607
2021-01-01;Horsens;3;615
2021-01-01;Kolding;12;621
2021-01-01;Vejle;247;630
2021-01-01;Herning;2;657
2021-01-01;Syddjurs;3;706
2021-01-01;Norddjurs;1;707
2021-01-01;Favrskov;4;710
2021-01-01;Randers;39;730
2021-01-01;Silkeborg;4;740
2021-01-01;Skanderborg;1;746
2021-01-01;Århus;15;751
2021-01-01;Ikast-Brande;1;756
2021-01-01;Hedensted;12;766
2021-01-01;Skive;4;779
2021-01-01;Viborg;36;791
2021-01-01;Vesthimmerland;1;820
2021-01-01;Mariagerfjord;4;846
2021-01-01;Aalborg;3;851
2021-01-02;København;893;101
2021-01-02;Frederiksberg;352;147
2021-01-02;Ballerup;15;151
2021-01-02;Brøndby;37;153
2021-01-02;Dragør;6;155
2021-01-02;Gentofte;26;157
2021-01-02;Gladsaxe;36;159
2021-01-02;Glostrup;23;161
2021-01-02;Herlev;15;163
2021-01-02;Albertslund;16;165
2021-01-02;Hvidovre;461;167
2021-01-02;Høje Tåstrup;26;169
2021-01-02;Lyngby-Taarbæk;12;173
2021-01-02;Rødovre;41;175
2021-01-02;Ishøj;22;183
2021-01-02;Tårnby;32;185
2021-01-02;Vallensbæk;13;187
2021-01-02;Furesø;10;190
2021-01-02;Allerød;3;201
2021-01-02;Fredensborg;5;210
2021-01-02;Helsingør;6;217
2021-01-02;Hillerød;2;219
2021-01-02;Hørsholm;2;223
2021-01-02;Rudersdal;5;230
2021-01-02;Egedal;15;240
2021-01-02;Frederikssund;9;250
2021-01-02;Greve;31;253
2021-01-02;Køge;80;259
2021-01-02;Halsnæs;2;260
2021-01-02;Roskilde;76;265
2021-01-02;Solrød;15;269
2021-01-02;Gribskov;2;270
2021-01-02;Odsherred;2;306
2021-01-02;Holbæk;30;316
2021-01-02;Faxe;28;320
2021-01-02;Kalundborg;4;326
2021-01-02;Ringsted;18;329
2021-01-02;Slagelse;2;330
2021-01-02;Stevns;18;336
2021-01-02;Sorø;5;340
2021-01-02;Lejre;16;350
2021-01-02;Lolland;6;360
2021-01-02;Næstved;30;370
2021-01-02;Guldborgsund;22;376
2021-01-02;Vordingborg;17;390
2021-01-02;Middelfart;9;410
2021-01-02;Assens;7;420
2021-01-02;Faaborg-Midtfyn;4;430
2021-01-02;Kerteminde;250;440
2021-01-02;Nyborg;19;450
2021-01-02;Odense;82;461
2021-01-02;Svendborg;3;479
2021-01-02;Nordfyn;267;480
2021-01-02;Haderslev;7;510
2021-01-02;Billund;5;530
2021-01-02;Sønderborg;479;540
2021-01-02;Tønder;4;550
2021-01-02;Esbjerg;53;561
2021-01-02;Varde;112;573
2021-01-02;Vejen;110;575
2021-01-02;Aabenraa;30;580
2021-01-02;Fredericia;120;607
2021-01-02;Horsens;194;615
2021-01-02;Kolding;61;621
2021-01-02;Vejle;146;630
2021-01-02;Herning;65;657
2021-01-02;Holstebro;518;661
2021-01-02;Lemvig;18;665
2021-01-02;Struer;128;671
2021-01-02;Syddjurs;17;706
2021-01-02;Norddjurs;8;707
2021-01-02;Favrskov;216;710
2021-01-02;Odder;9;727
2021-01-02;Randers;217;730
2021-01-02;Silkeborg;55;740
2021-01-02;Samsø;1;741
2021-01-02;Skanderborg;143;746
2021-01-02;Århus;449;751
2021-01-02;Ikast-Brande;81;756
2021-01-02;Ringkøbing-Skjern;16;760
2021-01-02;Hedensted;20;766
2021-01-02;Morsø;9;773
2021-01-02;Skive;5;779
2021-01-02;Thisted;50;787
2021-01-02;Viborg;27;791
2021-01-02;Brønderslev;60;810
2021-01-02;Frederikshavn;56;813
2021-01-02;Vesthimmerland;17;820
2021-01-02;Rebild;59;840
2021-01-02;Mariagerfjord;230;846
2021-01-02;Jammerbugt;41;849
2021-01-02;Aalborg;932;851
2021-01-02;Hjørring;121;860
2021-01-03;København;279;101
2021-01-03;Frederiksberg;489;147
2021-01-03;Ballerup;194;151
2021-01-03;Brøndby;164;153
2021-01-03;Dragør;4;155
2021-01-03;Gentofte;16;157
2021-01-03;Gladsaxe;21;159
2021-01-03;Glostrup;138;161
2021-01-03;Herlev;23;163
2021-01-03;Albertslund;33;165
2021-01-03;Hvidovre;44;167
2021-01-03;Høje Tåstrup;27;169
2021-01-03;Lyngby-Taarbæk;13;173
2021-01-03;Rødovre;266;175
2021-01-03;Ishøj;11;183
2021-01-03;Tårnby;10;185
2021-01-03;Vallensbæk;22;187
2021-01-03;Furesø;16;190
2021-01-03;Allerød;1;201
2021-01-03;Fredensborg;5;210
2021-01-03;Helsingør;3;217
2021-01-03;Hillerød;5;219
2021-01-03;Hørsholm;6;223
2021-01-03;Rudersdal;16;230
2021-01-03;Egedal;11;240
2021-01-03;Frederikssund;4;250
2021-01-03;Greve;27;253
2021-01-03;Køge;7;259
2021-01-03;Halsnæs;7;260
2021-01-03;Roskilde;20;265
2021-01-03;Solrød;6;269
2021-01-03;Gribskov;4;270
2021-01-03;Odsherred;4;306
2021-01-03;Holbæk;12;316
2021-01-03;Faxe;2;320
2021-01-03;Kalundborg;2;326
2021-01-03;Ringsted;4;329
2021-01-03;Slagelse;4;330
2021-01-03;Stevns;2;336
2021-01-03;Lejre;4;350
2021-01-03;Lolland;1;360
2021-01-03;Næstved;2;370
2021-01-03;Guldborgsund;3;376
2021-01-03;Vordingborg;2;390
2021-01-03;Assens;1;420
2021-01-03;Faaborg-Midtfyn;20;430
2021-01-03;Kerteminde;2;440
2021-01-03;Odense;14;461
2021-01-03;Svendborg;534;479
2021-01-03;Langeland;8;482
2021-01-03;Haderslev;7;510
2021-01-03;Billund;2;530
2021-01-03;Sønderborg;51;540
2021-01-03;Tønder;5;550
2021-01-03;Esbjerg;20;561
2021-01-03;Fanø;1;563
2021-01-03;Varde;6;573
2021-01-03;Vejen;2;575
2021-01-03;Aabenraa;15;580
2021-01-03;Fredericia;3;607
2021-01-03;Horsens;639;615
2021-01-03;Kolding;12;621
2021-01-03;Vejle;22;630
2021-01-03;Herning;10;657
2021-01-03;Holstebro;24;661
2021-01-03;Lemvig;11;665
2021-01-03;Struer;96;671
2021-01-03;Syddjurs;17;706
2021-01-03;Norddjurs;16;707
2021-01-03;Favrskov;209;710
2021-01-03;Odder;16;727
2021-01-03;Randers;987;730
2021-01-03;Silkeborg;26;740
2021-01-03;Skanderborg;236;746
2021-01-03;Århus;186;751
2021-01-03;Ikast-Brande;114;756
2021-01-03;Ringkøbing-Skjern;2;760
2021-01-03;Hedensted;36;766
2021-01-03;Viborg;19;791
2021-01-03;Vesthimmerland;1;820
2021-01-03;Rebild;1;840
2021-01-03;Mariagerfjord;8;846
2021-01-03;Aalborg;3;851
2021-01-03;Hjørring;2;860
2021-01-04;København;60;101
2021-01-04;Frederiksberg;33;147
2021-01-04;Ballerup;3;151
2021-01-04;Brøndby;33;153
2021-01-04;Dragør;1;155
2021-01-04;Gentofte;9;157
2021-01-04;Gladsaxe;5;159
2021-01-04;Glostrup;70;161
2021-01-04;Herlev;2;163
2021-01-04;Albertslund;12;165
2021-01-04;Hvidovre;15;167
2021-01-04;Høje Tåstrup;8;169
2021-01-04;Lyngby-Taarbæk;5;173
2021-01-04;Rødovre;20;175
2021-01-04;Ishøj;2;183
2021-01-04;Vallensbæk;5;187
2021-01-04;Furesø;2;190
2021-01-04;Allerød;2;201
2021-01-04;Fredensborg;1;210
2021-01-04;Helsingør;6;217
2021-01-04;Hillerød;6;219
2021-01-04;Hørsholm;2;223
2021-01-04;Rudersdal;4;230
2021-01-04;Frederikssund;2;250
2021-01-04;Greve;1;253
2021-01-04;Køge;1;259
2021-01-04;Halsnæs;2;260
2021-01-04;Roskilde;4;265
2021-01-04;Solrød;2;269
2021-01-04;Gribskov;3;270
2021-01-04;Odsherred;1;306
2021-01-04;Holbæk;3;316
2021-01-04;Ringsted;2;329
2021-01-04;Slagelse;5;330
2021-01-04;Stevns;1;336
2021-01-04;Sorø;1;340
2021-01-04;Lejre;1;350
2021-01-04;Vordingborg;1;390
2021-01-04;Bornholm;41;400
2021-01-04;Middelfart;10;410
2021-01-04;Assens;22;420
2021-01-04;Faaborg-Midtfyn;34;430
2021-01-04;Kerteminde;38;440
2021-01-04;Nyborg;17;450
2021-01-04;Odense;254;461
2021-01-04;Svendborg;50;479
2021-01-04;Nordfyn;13;480
2021-01-04;Langeland;7;482
2021-01-04;Haderslev;57;510
2021-01-04;Billund;2;530
2021-01-04;Sønderborg;191;540
2021-01-04;Tønder;32;550
2021-01-04;Esbjerg;21;561
2021-01-04;Varde;8;573
2021-01-04;Vejen;12;575
2021-01-04;Aabenraa;117;580
2021-01-04;Fredericia;12;607
2021-01-04;Horsens;4;615
2021-01-04;Kolding;23;621
2021-01-04;Vejle;17;630
2021-01-04;Herning;3;657
2021-01-04;Holstebro;3;661
2021-01-04;Struer;1;671
2021-01-04;Syddjurs;2;706
2021-01-04;Norddjurs;4;707
2021-01-04;Favrskov;4;710
2021-01-04;Odder;2;727
2021-01-04;Randers;5;730
2021-01-04;Silkeborg;5;740
2021-01-04;Skanderborg;1;746
2021-01-04;Århus;23;751
2021-01-04;Ikast-Brande;3;756
2021-01-04;Morsø;1;773
2021-01-04;Thisted;3;787
2021-01-04;Viborg;5;791
2021-01-04;Brønderslev;446;810
2021-01-04;Frederikshavn;31;813
2021-01-04;Vesthimmerland;2;820
2021-01-04;Rebild;29;840
2021-01-04;Mariagerfjord;11;846
2021-01-04;Jammerbugt;25;849
2021-01-04;Aalborg;374;851
2021-01-04;Hjørring;46;860
2021-01-05;København;1149;101
2021-01-05;Frederiksberg;182;147
2021-01-05;Ballerup;228;151
2021-01-05;Brøndby;151;153
2021-01-05;Dragør;140;155
2021-01-05;Gentofte;206;157
2021-01-05;Gladsaxe;637;159
2021-01-05;Glostrup;59;161
2021-01-05;Herlev;122;163
2021-01-05;Albertslund;45;165
2021-01-05;Hvidovre;114;167
2021-01-05;Høje Tåstrup;72;169
2021-01-05;Lyngby-Taarbæk;680;173
2021-01-05;Rødovre;81;175
2021-01-05;Ishøj;25;183
2021-01-05;Tårnby;380;185
2021-01-05;Vallensbæk;26;187
2021-01-05;Furesø;138;190
2021-01-05;Allerød;56;201
2021-01-05;Fredensborg;79;210
2021-01-05;Helsingør;85;217
2021-01-05;Hillerød;177;219
2021-01-05;Hørsholm;61;223
2021-01-05;Rudersdal;612;230
2021-01-05;Egedal;101;240
2021-01-05;Frederikssund;54;250
2021-01-05;Greve;48;253
2021-01-05;Køge;32;259
2021-01-05;Halsnæs;29;260
2021-01-05;Roskilde;56;265
2021-01-05;Solrød;14;269
2021-01-05;Gribskov;73;270
2021-01-05;Odsherred;5;306
2021-01-05;Holbæk;17;316
2021-01-05;Faxe;118;320
2021-01-05;Kalundborg;8;326
2021-01-05;Ringsted;10;329
2021-01-05;Slagelse;20;330
2021-01-05;Stevns;12;336
2021-01-05;Sorø;10;340
2021-01-05;Lejre;9;350
2021-01-05;Lolland;140;360
2021-01-05;Næstved;18;370
2021-01-05;Guldborgsund;7;376
2021-01-05;Vordingborg;7;390
2021-01-05;Bornholm;439;400
2021-01-05;Middelfart;29;410
2021-01-05;Assens;29;420
2021-01-05;Faaborg-Midtfyn;43;430
2021-01-05;Kerteminde;6;440
2021-01-05;Nyborg;10;450
2021-01-05;Odense;203;461
2021-01-05;Svendborg;57;479
2021-01-05;Nordfyn;16;480
2021-01-05;Langeland;6;482
2021-01-05;Haderslev;21;510
2021-01-05;Billund;6;530
2021-01-05;Sønderborg;27;540
2021-01-05;Tønder;9;550
2021-01-05;Esbjerg;123;561
2021-01-05;Fanø;2;563
2021-01-05;Varde;37;573
2021-01-05;Vejen;24;575
2021-01-05;Aabenraa;30;580
2021-01-05;Fredericia;253;607
2021-01-05;Horsens;19;615
2021-01-05;Kolding;154;621
2021-01-05;Vejle;32;630
2021-01-05;Herning;58;657
2021-01-05;Holstebro;85;661
2021-01-05;Lemvig;5;665
2021-01-05;Struer;10;671
2021-01-05;Syddjurs;30;706
2021-01-05;Norddjurs;450;707
2021-01-05;Favrskov;45;710
2021-01-05;Odder;6;727
2021-01-05;Randers;85;730
2021-01-05;Silkeborg;642;740
2021-01-05;Skanderborg;35;746
2021-01-05;Århus;182;751
2021-01-05;Ikast-Brande;35;756
2021-01-05;Ringkøbing-Skjern;16;760
2021-01-05;Hedensted;6;766
2021-01-05;Morsø;30;773
2021-01-05;Skive;28;779
2021-01-05;Thisted;767;787
2021-01-05;Viborg;901;791
2021-01-05;Brønderslev;12;810
2021-01-05;Frederikshavn;4;813
2021-01-05;Vesthimmerland;612;820
2021-01-05;Rebild;31;840
2021-01-05;Mariagerfjord;34;846
2021-01-05;Jammerbugt;397;849
2021-01-05;Aalborg;111;851
2021-01-05;Hjørring;3;860
2021-01-06;København;1305;101
2021-01-06;Frederiksberg;184;147
2021-01-06;Ballerup;75;151
2021-01-06;Brøndby;57;153
2021-01-06;Dragør;39;155
2021-01-06;Gentofte;879;157
2021-01-06;Gladsaxe;290;159
2021-01-06;Glostrup;36;161
2021-01-06;Herlev;57;163
2021-01-06;Albertslund;161;165
2021-01-06;Hvidovre;84;167
2021-01-06;Høje Tåstrup;296;169
2021-01-06;Lyngby-Taarbæk;137;173
2021-01-06;Rødovre;59;175
2021-01-06;Ishøj;38;183
2021-01-06;Tårnby;61;185
2021-01-06;Vallensbæk;54;187
2021-01-06;Furesø;382;190
2021-01-06;Allerød;76;201
2021-01-06;Fredensborg;108;210
2021-01-06;Helsingør;516;217
2021-01-06;Hillerød;568;219
2021-01-06;Hørsholm;68;223
2021-01-06;Rudersdal;180;230
2021-01-06;Egedal;68;240
2021-01-06;Frederikssund;59;250
2021-01-06;Greve;129;253
2021-01-06;Køge;258;259
2021-01-06;Halsnæs;61;260
2021-01-06;Roskilde;136;265
2021-01-06;Solrød;38;269
2021-01-06;Gribskov;100;270
2021-01-06;Odsherred;44;306
2021-01-06;Holbæk;341;316
2021-01-06;Faxe;83;320
2021-01-06;Kalundborg;42;326
2021-01-06;Ringsted;33;329
2021-01-06;Slagelse;108;330
2021-01-06;Stevns;21;336
2021-01-06;Sorø;70;340
2021-01-06;Lejre;46;350
2021-01-06;Lolland;71;360
2021-01-06;Næstved;180;370
2021-01-06;Guldborgsund;216;376
2021-01-06;Vordingborg;27;390
2021-01-06;Bornholm;333;400
2021-01-06;Middelfart;378;410
2021-01-06;Assens;58;420
2021-01-06;Faaborg-Midtfyn;312;430
2021-01-06;Kerteminde;25;440
2021-01-06;Nyborg;38;450
2021-01-06;Odense;258;461
2021-01-06;Svendborg;537;479
2021-01-06;Nordfyn;36;480
2021-01-06;Langeland;10;482
2021-01-06;Ærø;1;492
2021-01-06;Haderslev;51;510
2021-01-06;Billund;55;530
2021-01-06;Sønderborg;47;540
2021-01-06;Tønder;33;550
2021-01-06;Esbjerg;291;561
2021-01-06;Fanø;7;563
2021-01-06;Varde;183;573
2021-01-06;Vejen;97;575
2021-01-06;Aabenraa;552;580
2021-01-06;Fredericia;48;607
2021-01-06;Horsens;209;615
2021-01-06;Kolding;153;621
2021-01-06;Vejle;205;630
2021-01-06;Herning;1084;657
2021-01-06;Holstebro;104;661
2021-01-06;Lemvig;43;665
2021-01-06;Struer;47;671
2021-01-06;Syddjurs;62;706
2021-01-06;Norddjurs;78;707
2021-01-06;Favrskov;99;710
2021-01-06;Odder;66;727
2021-01-06;Randers;122;730
2021-01-06;Silkeborg;582;740
2021-01-06;Skanderborg;97;746
2021-01-06;Århus;349;751
2021-01-06;Ikast-Brande;118;756
2021-01-06;Ringkøbing-Skjern;121;760
2021-01-06;Hedensted;502;766
2021-01-06;Morsø;429;773
2021-01-06;Skive;83;779
2021-01-06;Thisted;92;787
2021-01-06;Viborg;206;791
2021-01-06;Brønderslev;103;810
2021-01-06;Frederikshavn;840;813
2021-01-06;Vesthimmerland;6;820
2021-01-06;Læsø;1;825
2021-01-06;Rebild;43;840
2021-01-06;Mariagerfjord;14;846
2021-01-06;Jammerbugt;47;849
2021-01-06;Aalborg;121;851
2021-01-06;Hjørring;850;860
2021-01-07;København;730;101
2021-01-07;Frederiksberg;129;147
2021-01-07;Ballerup;45;151
2021-01-07;Brøndby;19;153
2021-01-07;Dragør;15;155
2021-01-07;Gentofte;109;157
2021-01-07;Gladsaxe;77;159
2021-01-07;Glostrup;12;161
2021-01-07;Herlev;32;163
2021-01-07;Albertslund;24;165
2021-01-07;Hvidovre;54;167
2021-01-07;Høje Tåstrup;82;169
2021-01-07;Lyngby-Taarbæk;51;173
2021-01-07;Rødovre;37;175
2021-01-07;Ishøj;11;183
2021-01-07;Tårnby;28;185
2021-01-07;Vallensbæk;17;187
2021-01-07;Furesø;59;190
2021-01-07;Allerød;220;201
2021-01-07;Fredensborg;479;210
2021-01-07;Helsingør;478;217
2021-01-07;Hillerød;235;219
2021-01-07;Hørsholm;297;223
2021-01-07;Rudersdal;107;230
2021-01-07;Egedal;287;240
2021-01-07;Frederikssund;506;250
2021-01-07;Greve;78;253
2021-01-07;Køge;174;259
2021-01-07;Halsnæs;438;260
2021-01-07;Roskilde;129;265
2021-01-07;Solrød;41;269
2021-01-07;Gribskov;591;270
2021-01-07;Odsherred;138;306
2021-01-07;Holbæk;94;316
2021-01-07;Faxe;110;320
2021-01-07;Kalundborg;40;326
2021-01-07;Ringsted;22;329
2021-01-07;Slagelse;45;330
2021-01-07;Stevns;63;336
2021-01-07;Sorø;148;340
2021-01-07;Lejre;46;350
2021-01-07;Lolland;77;360
2021-01-07;Næstved;194;370
2021-01-07;Guldborgsund;236;376
2021-01-07;Vordingborg;40;390
2021-01-07;Bornholm;52;400
2021-01-07;Middelfart;43;410
2021-01-07;Assens;430;420
2021-01-07;Faaborg-Midtfyn;327;430
2021-01-07;Kerteminde;34;440
2021-01-07;Nyborg;58;450
2021-01-07;Odense;510;461
2021-01-07;Svendborg;159;479
2021-01-07;Nordfyn;43;480
2021-01-07;Langeland;12;482
2021-01-07;Ærø;162;492
2021-01-07;Haderslev;558;510
2021-01-07;Billund;126;530
2021-01-07;Sønderborg;23;540
2021-01-07;Tønder;26;550
2021-01-07;Esbjerg;443;561
2021-01-07;Fanø;4;563
2021-01-07;Varde;90;573
2021-01-07;Vejen;127;575
2021-01-07;Aabenraa;123;580
2021-01-07;Fredericia;145;607
2021-01-07;Horsens;67;615
2021-01-07;Kolding;168;621
2021-01-07;Vejle;408;630
2021-01-07;Herning;229;657
2021-01-07;Holstebro;162;661
2021-01-07;Lemvig;331;665
2021-01-07;Struer;56;671
2021-01-07;Syddjurs;443;706
2021-01-07;Norddjurs;131;707
2021-01-07;Favrskov;59;710
2021-01-07;Odder;248;727
2021-01-07;Randers;139;730
2021-01-07;Silkeborg;228;740
2021-01-07;Skanderborg;39;746
2021-01-07;Århus;495;751
2021-01-07;Ikast-Brande;72;756
2021-01-07;Ringkøbing-Skjern;844;760
2021-01-07;Hedensted;34;766
2021-01-07;Morsø;5;773
2021-01-07;Skive;33;779
2021-01-07;Thisted;13;787
2021-01-07;Viborg;396;791
2021-01-07;Brønderslev;41;810
2021-01-07;Frederikshavn;53;813
2021-01-07;Vesthimmerland;58;820
2021-01-07;Læsø;79;825
2021-01-07;Rebild;91;840
2021-01-07;Mariagerfjord;26;846
2021-01-07;Jammerbugt;76;849
2021-01-07;Aalborg;604;851
2021-01-07;Hjørring;38;860
2021-01-08;København;208;101
2021-01-08;Frederiksberg;38;147
2021-01-08;Ballerup;21;151
2021-01-08;Brøndby;16;153
2021-01-08;Dragør;6;155
2021-01-08;Gentofte;24;157
2021-01-08;Gladsaxe;23;159
2021-01-08;Glostrup;7;161
2021-01-08;Herlev;18;163
2021-01-08;Albertslund;14;165
2021-01-08;Hvidovre;43;167
2021-01-08;Høje Tåstrup;17;169
2021-01-08;Lyngby-Taarbæk;27;173
2021-01-08;Rødovre;22;175
2021-01-08;Ishøj;9;183
2021-01-08;Tårnby;12;185
2021-01-08;Vallensbæk;9;187
2021-01-08;Furesø;21;190
2021-01-08;Allerød;9;201
2021-01-08;Fredensborg;4;210
2021-01-08;Helsingør;8;217
2021-01-08;Hillerød;16;219
2021-01-08;Hørsholm;11;223
2021-01-08;Rudersdal;16;230
2021-01-08;Egedal;27;240
2021-01-08;Frederikssund;86;250
2021-01-08;Greve;46;253
2021-01-08;Køge;75;259
2021-01-08;Halsnæs;9;260
2021-01-08;Roskilde;99;265
2021-01-08;Solrød;44;269
2021-01-08;Gribskov;36;270
2021-01-08;Odsherred;126;306
2021-01-08;Holbæk;30;316
2021-01-08;Faxe;61;320
2021-01-08;Kalundborg;5;326
2021-01-08;Ringsted;14;329
2021-01-08;Slagelse;41;330
2021-01-08;Stevns;93;336
2021-01-08;Sorø;19;340
2021-01-08;Lejre;135;350
2021-01-08;Lolland;111;360
2021-01-08;Næstved;123;370
2021-01-08;Guldborgsund;164;376
2021-01-08;Vordingborg;27;390
2021-01-08;Bornholm;1;400
2021-01-08;Middelfart;30;410
2021-01-08;Assens;35;420
2021-01-08;Faaborg-Midtfyn;76;430
2021-01-08;Kerteminde;34;440
2021-01-08;Nyborg;271;450
2021-01-08;Odense;433;461
2021-01-08;Svendborg;235;479
2021-01-08;Nordfyn;18;480
2021-01-08;Langeland;270;482
2021-01-08;Ærø;2;492
2021-01-08;Haderslev;43;510
2021-01-08;Billund;53;530
2021-01-08;Sønderborg;36;540
2021-01-08;Tønder;448;550
2021-01-08;Esbjerg;379;561
2021-01-08;Fanø;4;563
2021-01-08;Varde;109;573
2021-01-08;Vejen;81;575
2021-01-08;Aabenraa;154;580
2021-01-08;Fredericia;23;607
2021-01-08;Horsens;58;615
2021-01-08;Kolding;140;621
2021-01-08;Vejle;154;630
2021-01-08;Herning;111;657
2021-01-08;Holstebro;89;661
2021-01-08;Lemvig;53;665
2021-01-08;Struer;44;671
2021-01-08;Syddjurs;39;706
2021-01-08;Norddjurs;35;707
2021-01-08;Favrskov;39;710
2021-01-08;Odder;47;727
2021-01-08;Randers;84;730
2021-01-08;Silkeborg;169;740
2021-01-08;Samsø;108;741
2021-01-08;Skanderborg;61;746
2021-01-08;Århus;342;751
2021-01-08;Ikast-Brande;49;756
2021-01-08;Ringkøbing-Skjern;63;760
2021-01-08;Hedensted;53;766
2021-01-08;Morsø;20;773
2021-01-08;Skive;816;779
2021-01-08;Thisted;5;787
2021-01-08;Viborg;275;791
2021-01-08;Brønderslev;13;810
2021-01-08;Frederikshavn;28;813
2021-01-08;Vesthimmerland;6;820
2021-01-08;Rebild;9;840
2021-01-08;Mariagerfjord;8;846
2021-01-08;Jammerbugt;2;849
2021-01-08;Aalborg;63;851
2021-01-08;Hjørring;77;860
2021-01-09;København;56;101
2021-01-09;Frederiksberg;10;147
2021-01-09;Ballerup;4;151
2021-01-09;Brøndby;3;153
2021-01-09;Gentofte;2;157
2021-01-09;Gladsaxe;1;159
2021-01-09;Glostrup;1;161
2021-01-09;Herlev;4;163
2021-01-09;Albertslund;3;165
2021-01-09;Hvidovre;3;167
2021-01-09;Høje Tåstrup;8;169
2021-01-09;Lyngby-Taarbæk;2;173
2021-01-09;Rødovre;3;175
2021-01-09;Ishøj;1;183
2021-01-09;Tårnby;1;185
2021-01-09;Vallensbæk;1;187
2021-01-09;Furesø;4;190
2021-01-09;Allerød;1;201
2021-01-09;Fredensborg;1;210
2021-01-09;Hillerød;3;219
2021-01-09;Hørsholm;1;223
2021-01-09;Rudersdal;3;230
2021-01-09;Egedal;2;240
2021-01-09;Frederikssund;5;250
2021-01-09;Greve;16;253
2021-01-09;Køge;74;259
2021-01-09;Halsnæs;2;260
2021-01-09;Roskilde;74;265
2021-01-09;Solrød;17;269
2021-01-09;Odsherred;30;306
2021-01-09;Holbæk;100;316
2021-01-09;Faxe;39;320
2021-01-09;Kalundborg;43;326
2021-01-09;Ringsted;31;329
2021-01-09;Slagelse;102;330
2021-01-09;Stevns;18;336
2021-01-09;Sorø;48;340
2021-01-09;Lejre;31;350
2021-01-09;Lolland;24;360
2021-01-09;Næstved;229;370
2021-01-09;Guldborgsund;49;376
2021-01-09;Vordingborg;31;390
2021-01-09;Bornholm;1;400
2021-01-09;Middelfart;2;410
2021-01-09;Kerteminde;1;440
2021-01-09;Nyborg;2;450
2021-01-09;Odense;5;461
2021-01-09;Svendborg;1;479
2021-01-09;Haderslev;1;510
2021-01-09;Billund;2;530
2021-01-09;Varde;1;573
2021-01-09;Aabenraa;1;580
2021-01-09;Fredericia;8;607
2021-01-09;Horsens;53;615
2021-01-09;Kolding;2;621
2021-01-09;Vejle;10;630
2021-01-09;Herning;17;657
2021-01-09;Holstebro;1;661
2021-01-09;Struer;1;671
2021-01-09;Syddjurs;12;706
2021-01-09;Norddjurs;3;707
2021-01-09;Favrskov;24;710
2021-01-09;Odder;40;727
2021-01-09;Randers;9;730
2021-01-09;Silkeborg;147;740
2021-01-09;Skanderborg;56;746
2021-01-09;Århus;161;751
2021-01-09;Ikast-Brande;19;756
2021-01-09;Ringkøbing-Skjern;34;760
2021-01-09;Hedensted;29;766
2021-01-09;Morsø;9;773
2021-01-09;Skive;31;779
2021-01-09;Thisted;3;787
2021-01-09;Viborg;58;791
2021-01-09;Vesthimmerland;9;820
2021-01-09;Mariagerfjord;7;846
2021-01-09;Jammerbugt;1;849
2021-01-09;Aalborg;7;851
2021-01-10;København;63;101
2021-01-10;Frederiksberg;6;147
2021-01-10;Ballerup;5;151
2021-01-10;Brøndby;2;153
2021-01-10;Dragør;1;155
2021-01-10;Gentofte;4;157
2021-01-10;Gladsaxe;3;159
2021-01-10;Hvidovre;6;167
2021-01-10;Høje Tåstrup;6;169
2021-01-10;Lyngby-Taarbæk;2;173
2021-01-10;Rødovre;1;175
2021-01-10;Ishøj;2;183
2021-01-10;Tårnby;2;185
2021-01-10;Vallensbæk;2;187
2021-01-10;Furesø;4;190
2021-01-10;Allerød;4;201
2021-01-10;Fredensborg;1;210
2021-01-10;Helsingør;2;217
2021-01-10;Hillerød;2;219
2021-01-10;Hørsholm;1;223
2021-01-10;Rudersdal;3;230
2021-01-10;Egedal;5;240
2021-01-10;Frederikssund;9;250
2021-01-10;Greve;16;253
2021-01-10;Køge;42;259
2021-01-10;Halsnæs;1;260
2021-01-10;Roskilde;83;265
2021-01-10;Solrød;17;269
2021-01-10;Gribskov;1;270
2021-01-10;Odsherred;21;306
2021-01-10;Holbæk;105;316
2021-01-10;Faxe;18;320
2021-01-10;Kalundborg;32;326
2021-01-10;Ringsted;12;329
2021-01-10;Slagelse;96;330
2021-01-10;Stevns;10;336
2021-01-10;Sorø;27;340
2021-01-10;Lejre;26;350
2021-01-10;Lolland;5;360
2021-01-10;Næstved;112;370
2021-01-10;Guldborgsund;10;376
2021-01-10;Vordingborg;23;390
2021-01-10;Nyborg;3;450
2021-01-10;Odense;10;461
2021-01-10;Svendborg;5;479
2021-01-10;Esbjerg;3;561
2021-01-10;Aabenraa;1;580
2021-01-10;Skanderborg;1;746
2021-01-10;Århus;2;751
2021-01-10;Aalborg;2;851
2021-01-11;København;36;101
2021-01-11;Frederiksberg;6;147
2021-01-11;Ballerup;3;151
2021-01-11;Brøndby;1;153
2021-01-11;Dragør;1;155
2021-01-11;Gentofte;4;157
2021-01-11;Gladsaxe;3;159
2021-01-11;Glostrup;2;161
2021-01-11;Herlev;1;163
2021-01-11;Albertslund;2;165
2021-01-11;Hvidovre;2;167
2021-01-11;Lyngby-Taarbæk;4;173
2021-01-11;Ishøj;2;183
2021-01-11;Tårnby;1;185
2021-01-11;Vallensbæk;2;187
2021-01-11;Furesø;2;190
2021-01-11;Allerød;3;201
2021-01-11;Fredensborg;4;210
2021-01-11;Helsingør;3;217
2021-01-11;Hillerød;1;219
2021-01-11;Hørsholm;2;223
2021-01-11;Rudersdal;5;230
2021-01-11;Egedal;4;240
2021-01-11;Frederikssund;3;250
2021-01-11;Greve;15;253
2021-01-11;Køge;37;259
2021-01-11;Halsnæs;1;260
2021-01-11;Roskilde;67;265
2021-01-11;Solrød;12;269
2021-01-11;Gribskov;3;270
2021-01-11;Odsherred;12;306
2021-01-11;Holbæk;29;316
2021-01-11;Faxe;13;320
2021-01-11;Kalundborg;16;326
2021-01-11;Ringsted;24;329
2021-01-11;Slagelse;78;330
2021-01-11;Stevns;11;336
2021-01-11;Sorø;16;340
2021-01-11;Lejre;19;350
2021-01-11;Lolland;19;360
2021-01-11;Næstved;75;370
2021-01-11;Guldborgsund;59;376
2021-01-11;Vordingborg;20;390
2021-01-11;Middelfart;1;410
2021-01-11;Faaborg-Midtfyn;1;430
2021-01-11;Kerteminde;1;440
2021-01-11;Nyborg;1;450
2021-01-11;Odense;6;461
2021-01-11;Svendborg;1;479
2021-01-11;Billund;1;530
2021-01-11;Esbjerg;2;561
2021-01-11;Aabenraa;2;580
2021-01-11;Kolding;2;621
2021-01-11;Vejle;1;630
2021-01-11;Herning;2;657
2021-01-11;Syddjurs;1;706
2021-01-11;Norddjurs;8;707
2021-01-11;Silkeborg;3;740
2021-01-11;Århus;1;751
2021-01-11;Ringkøbing-Skjern;1;760
2021-01-11;Skive;3;779
2021-01-11;Rebild;1;840
2021-01-11;Aalborg;2;851
2021-01-12;København;29;101
2021-01-12;Frederiksberg;6;147
2021-01-12;Ballerup;4;151
2021-01-12;Brøndby;1;153
2021-01-12;Gladsaxe;1;159
2021-01-12;Glostrup;1;161
2021-01-12;Albertslund;4;165
2021-01-12;Hvidovre;1;167
2021-01-12;Høje Tåstrup;5;169
2021-01-12;Lyngby-Taarbæk;1;173
2021-01-12;Vallensbæk;3;187
2021-01-12;Furesø;2;190
2021-01-12;Allerød;3;201
2021-01-12;Fredensborg;1;210
2021-01-12;Hillerød;1;219
2021-01-12;Rudersdal;2;230
2021-01-12;Egedal;4;240
2021-01-12;Frederikssund;5;250
2021-01-12;Greve;8;253
2021-01-12;Køge;28;259
2021-01-12;Halsnæs;1;260
2021-01-12;Roskilde;47;265
2021-01-12;Solrød;7;269
2021-01-12;Gribskov;1;270
2021-01-12;Odsherred;4;306
2021-01-12;Holbæk;22;316
2021-01-12;Faxe;9;320
2021-01-12;Kalundborg;16;326
2021-01-12;Ringsted;23;329
2021-01-12;Slagelse;69;330
2021-01-12;Stevns;4;336
2021-01-12;Sorø;18;340
2021-01-12;Lejre;11;350
2021-01-12;Lolland;6;360
2021-01-12;Næstved;57;370
2021-01-12;Guldborgsund;17;376
2021-01-12;Vordingborg;11;390
2021-01-12;Assens;1;420
2021-01-12;Nyborg;3;450
2021-01-12;Odense;6;461
2021-01-12;Sønderborg;1;540
2021-01-12;Tønder;1;550
2021-01-12;Esbjerg;1;561
2021-01-12;Horsens;1;615
2021-01-12;Syddjurs;2;706
2021-01-12;Norddjurs;8;707
2021-01-12;Hedensted;1;766
2021-01-12;Viborg;2;791
2021-01-12;Frederikshavn;3;813
2021-01-12;Rebild;1;840
2021-01-12;Aalborg;1;851
2021-01-12;Hjørring;1;860
2021-01-13;København;1948;101
2021-01-13;Frederiksberg;401;147
2021-01-13;Ballerup;190;151
2021-01-13;Brøndby;81;153
2021-01-13;Dragør;60;155
2021-01-13;Gentofte;293;157
2021-01-13;Gladsaxe;402;159
2021-01-13;Glostrup;111;161
2021-01-13;Herlev;165;163
2021-01-13;Albertslund;123;165
2021-01-13;Hvidovre;152;167
2021-01-13;Høje Tåstrup;213;169
2021-01-13;Lyngby-Taarbæk;196;173
2021-01-13;Rødovre;117;175
2021-01-13;Ishøj;86;183
2021-01-13;Tårnby;177;185
2021-01-13;Vallensbæk;97;187
2021-01-13;Furesø;200;190
2021-01-13;Allerød;88;201
2021-01-13;Fredensborg;159;210
2021-01-13;Helsingør;197;217
2021-01-13;Hillerød;247;219
2021-01-13;Hørsholm;83;223
2021-01-13;Rudersdal;229;230
2021-01-13;Egedal;169;240
2021-01-13;Frederikssund;165;250
2021-01-13;Greve;84;253
2021-01-13;Køge;127;259
2021-01-13;Halsnæs;78;260
2021-01-13;Roskilde;179;265
2021-01-13;Solrød;58;269
2021-01-13;Gribskov;129;270
2021-01-13;Odsherred;26;306
2021-01-13;Holbæk;77;316
2021-01-13;Faxe;45;320
2021-01-13;Kalundborg;23;326
2021-01-13;Ringsted;36;329
2021-01-13;Slagelse;38;330
2021-01-13;Stevns;34;336
2021-01-13;Sorø;14;340
2021-01-13;Lejre;43;350
2021-01-13;Lolland;14;360
2021-01-13;Næstved;69;370
2021-01-13;Guldborgsund;26;376
2021-01-13;Vordingborg;36;390
2021-01-13;Bornholm;147;400
2021-01-13;Middelfart;48;410
2021-01-13;Assens;67;420
2021-01-13;Faaborg-Midtfyn;107;430
2021-01-13;Kerteminde;38;440
2021-01-13;Nyborg;44;450
2021-01-13;Odense;508;461
2021-01-13;Svendborg;283;479
2021-01-13;Nordfyn;53;480
2021-01-13;Langeland;25;482
2021-01-13;Ærø;3;492
2021-01-13;Haderslev;55;510
2021-01-13;Billund;45;530
2021-01-13;Sønderborg;7;540
2021-01-13;Tønder;51;550
2021-01-13;Esbjerg;347;561
2021-01-13;Fanø;7;563
2021-01-13;Varde;156;573
2021-01-13;Vejen;62;575
2021-01-13;Aabenraa;52;580
2021-01-13;Fredericia;45;607
2021-01-13;Horsens;175;615
2021-01-13;Kolding;78;621
2021-01-13;Vejle;100;630
2021-01-13;Herning;87;657
2021-01-13;Holstebro;94;661
2021-01-13;Lemvig;25;665
2021-01-13;Struer;17;671
2021-01-13;Syddjurs;53;706
2021-01-13;Norddjurs;66;707
2021-01-13;Favrskov;66;710
2021-01-13;Odder;27;727
2021-01-13;Randers;116;730
2021-01-13;Silkeborg;94;740
2021-01-13;Samsø;1;741
2021-01-13;Skanderborg;75;746
2021-01-13;Århus;649;751
2021-01-13;Ikast-Brande;35;756
2021-01-13;Ringkøbing-Skjern;57;760
2021-01-13;Hedensted;47;766
2021-01-13;Skive;18;779
2021-01-13;Thisted;3;787
2021-01-13;Viborg;176;791
2021-01-13;Brønderslev;12;810
2021-01-13;Frederikshavn;2;813
2021-01-13;Vesthimmerland;10;820
2021-01-13;Rebild;98;840
2021-01-13;Mariagerfjord;32;846
2021-01-13;Jammerbugt;141;849
2021-01-13;Aalborg;162;851
2021-01-13;Hjørring;8;860
2021-01-14;København;2270;101
2021-01-14;Frederiksberg;526;147
2021-01-14;Ballerup;197;151
2021-01-14;Brøndby;133;153
2021-01-14;Dragør;65;155
2021-01-14;Gentofte;328;157
2021-01-14;Gladsaxe;286;159
2021-01-14;Glostrup;209;161
2021-01-14;Herlev;153;163
2021-01-14;Albertslund;209;165
2021-01-14;Hvidovre;320;167
2021-01-14;Høje Tåstrup;391;169
2021-01-14;Lyngby-Taarbæk;240;173
2021-01-14;Rødovre;149;175
2021-01-14;Ishøj;142;183
2021-01-14;Tårnby;264;185
2021-01-14;Vallensbæk;137;187
2021-01-14;Furesø;206;190
2021-01-14;Allerød;132;201
2021-01-14;Fredensborg;205;210
2021-01-14;Helsingør;239;217
2021-01-14;Hillerød;280;219
2021-01-14;Hørsholm;122;223
2021-01-14;Rudersdal;256;230
2021-01-14;Egedal;162;240
2021-01-14;Frederikssund;222;250
2021-01-14;Greve;135;253
2021-01-14;Køge;124;259
2021-01-14;Halsnæs;124;260
2021-01-14;Roskilde;298;265
2021-01-14;Solrød;93;269
2021-01-14;Gribskov;186;270
2021-01-14;Odsherred;33;306
2021-01-14;Holbæk;187;316
2021-01-14;Faxe;57;320
2021-01-14;Kalundborg;129;326
2021-01-14;Ringsted;37;329
2021-01-14;Slagelse;116;330
2021-01-14;Stevns;67;336
2021-01-14;Sorø;95;340
2021-01-14;Lejre;82;350
2021-01-14;Lolland;67;360
2021-01-14;Næstved;100;370
2021-01-14;Guldborgsund;84;376
2021-01-14;Vordingborg;145;390
2021-01-14;Bornholm;120;400
2021-01-14;Middelfart;77;410
2021-01-14;Assens;68;420
2021-01-14;Faaborg-Midtfyn;108;430
2021-01-14;Kerteminde;54;440
2021-01-14;Nyborg;84;450
2021-01-14;Odense;648;461
2021-01-14;Svendborg;275;479
2021-01-14;Nordfyn;62;480
2021-01-14;Langeland;23;482
2021-01-14;Ærø;1;492
2021-01-14;Haderslev;116;510
2021-01-14;Billund;66;530
2021-01-14;Sønderborg;78;540
2021-01-14;Tønder;83;550
2021-01-14;Esbjerg;361;561
2021-01-14;Fanø;3;563
2021-01-14;Varde;210;573
2021-01-14;Vejen;126;575
2021-01-14;Aabenraa;80;580
2021-01-14;Fredericia;163;607
2021-01-14;Horsens;124;615
2021-01-14;Kolding;312;621
2021-01-14;Vejle;494;630
2021-01-14;Herning;178;657
2021-01-14;Holstebro;174;661
2021-01-14;Lemvig;36;665
2021-01-14;Struer;57;671
2021-01-14;Syddjurs;116;706
2021-01-14;Norddjurs;124;707
2021-01-14;Favrskov;102;710
2021-01-14;Odder;55;727
2021-01-14;Randers;203;730
2021-01-14;Silkeborg;149;740
2021-01-14;Samsø;1;741
2021-01-14;Skanderborg;141;746
2021-01-14;Århus;605;751
2021-01-14;Ikast-Brande;86;756
2021-01-14;Ringkøbing-Skjern;143;760
2021-01-14;Hedensted;89;766
2021-01-14;Morsø;160;773
2021-01-14;Skive;109;779
2021-01-14;Thisted;3;787
2021-01-14;Viborg;174;791
2021-01-14;Brønderslev;15;810
2021-01-14;Frederikshavn;1;813
2021-01-14;Vesthimmerland;5;820
2021-01-14;Læsø;22;825
2021-01-14;Rebild;5;840
2021-01-14;Mariagerfjord;218;846
2021-01-14;Jammerbugt;141;849
2021-01-14;Aalborg;49;851
2021-01-14;Hjørring;20;860
2021-01-15;København;1135;101
2021-01-15;Frederiksberg;240;147
2021-01-15;Ballerup;87;151
2021-01-15;Brøndby;104;153
2021-01-15;Dragør;18;155
2021-01-15;Gentofte;185;157
2021-01-15;Gladsaxe;159;159
2021-01-15;Glostrup;161;161
2021-01-15;Herlev;120;163
2021-01-15;Albertslund;159;165
2021-01-15;Hvidovre;261;167
2021-01-15;Høje Tåstrup;321;169
2021-01-15;Lyngby-Taarbæk;124;173
2021-01-15;Rødovre;81;175
2021-01-15;Ishøj;112;183
2021-01-15;Tårnby;68;185
2021-01-15;Vallensbæk;70;187
2021-01-15;Furesø;91;190
2021-01-15;Allerød;71;201
2021-01-15;Fredensborg;282;210
2021-01-15;Helsingør;340;217
2021-01-15;Hillerød;245;219
2021-01-15;Hørsholm;144;223
2021-01-15;Rudersdal;143;230
2021-01-15;Egedal;86;240
2021-01-15;Frederikssund;119;250
2021-01-15;Greve;48;253
2021-01-15;Køge;84;259
2021-01-15;Halsnæs;73;260
2021-01-15;Roskilde;117;265
2021-01-15;Solrød;24;269
2021-01-15;Gribskov;203;270
2021-01-15;Odsherred;95;306
2021-01-15;Holbæk;63;316
2021-01-15;Faxe;53;320
2021-01-15;Kalundborg;29;326
2021-01-15;Ringsted;111;329
2021-01-15;Slagelse;50;330
2021-01-15;Stevns;20;336
2021-01-15;Sorø;15;340
2021-01-15;Lejre;62;350
2021-01-15;Lolland;52;360
2021-01-15;Næstved;39;370
2021-01-15;Guldborgsund;51;376
2021-01-15;Vordingborg;16;390
2021-01-15;Bornholm;59;400
2021-01-15;Middelfart;89;410
2021-01-15;Assens;62;420
2021-01-15;Faaborg-Midtfyn;106;430
2021-01-15;Kerteminde;40;440
2021-01-15;Nyborg;78;450
2021-01-15;Odense;578;461
2021-01-15;Svendborg;257;479
2021-01-15;Nordfyn;62;480
2021-01-15;Langeland;18;482
2021-01-15;Ærø;3;492
2021-01-15;Haderslev;221;510
2021-01-15;Billund;38;530
2021-01-15;Sønderborg;130;540
2021-01-15;Tønder;203;550
2021-01-15;Esbjerg;415;561
2021-01-15;Fanø;36;563
2021-01-15;Varde;156;573
2021-01-15;Vejen;203;575
2021-01-15;Aabenraa;127;580
2021-01-15;Fredericia;316;607
2021-01-15;Horsens;160;615
2021-01-15;Kolding;307;621
2021-01-15;Vejle;387;630
2021-01-15;Herning;345;657
2021-01-15;Holstebro;224;661
2021-01-15;Lemvig;76;665
2021-01-15;Struer;71;671
2021-01-15;Syddjurs;87;706
2021-01-15;Norddjurs;110;707
2021-01-15;Favrskov;100;710
2021-01-15;Odder;57;727
2021-01-15;Randers;228;730
2021-01-15;Silkeborg;208;740
2021-01-15;Samsø;4;741
2021-01-15;Skanderborg;119;746
2021-01-15;Århus;510;751
2021-01-15;Ikast-Brande;126;756
2021-01-15;Ringkøbing-Skjern;131;760
2021-01-15;Hedensted;112;766
2021-01-15;Morsø;255;773
2021-01-15;Skive;69;779
2021-01-15;Thisted;260;787
2021-01-15;Viborg;311;791
2021-01-15;Brønderslev;11;810
2021-01-15;Frederikshavn;515;813
2021-01-15;Vesthimmerland;10;820
2021-01-15;Rebild;4;840
2021-01-15;Mariagerfjord;11;846
2021-01-15;Jammerbugt;13;849
2021-01-15;Aalborg;93;851
2021-01-15;Hjørring;42;860
2021-01-16;København;240;101
2021-01-16;Frederiksberg;56;147
2021-01-16;Ballerup;18;151
2021-01-16;Brøndby;8;153
2021-01-16;Dragør;2;155
2021-01-16;Gentofte;47;157
2021-01-16;Gladsaxe;25;159
2021-01-16;Glostrup;62;161
2021-01-16;Herlev;3;163
2021-01-16;Albertslund;9;165
2021-01-16;Hvidovre;55;167
2021-01-16;Høje Tåstrup;13;169
2021-01-16;Lyngby-Taarbæk;20;173
2021-01-16;Rødovre;8;175
2021-01-16;Ishøj;5;183
2021-01-16;Tårnby;9;185
2021-01-16;Vallensbæk;11;187
2021-01-16;Furesø;61;190
2021-01-16;Allerød;4;201
2021-01-16;Fredensborg;9;210
2021-01-16;Helsingør;9;217
2021-01-16;Hillerød;7;219
2021-01-16;Hørsholm;15;223
2021-01-16;Rudersdal;30;230
2021-01-16;Egedal;13;240
2021-01-16;Frederikssund;8;250
2021-01-16;Greve;18;253
2021-01-16;Køge;5;259
2021-01-16;Halsnæs;89;260
2021-01-16;Roskilde;10;265
2021-01-16;Solrød;4;269
2021-01-16;Gribskov;6;270
2021-01-16;Odsherred;2;306
2021-01-16;Holbæk;5;316
2021-01-16;Faxe;2;320
2021-01-16;Kalundborg;2;326
2021-01-16;Slagelse;3;330
2021-01-16;Stevns;1;336
2021-01-16;Sorø;1;340
2021-01-16;Lejre;2;350
2021-01-16;Lolland;1;360
2021-01-16;Næstved;2;370
2021-01-16;Guldborgsund;1;376
2021-01-16;Vordingborg;2;390
2021-01-16;Bornholm;3;400
2021-01-16;Middelfart;32;410
2021-01-16;Assens;12;420
2021-01-16;Faaborg-Midtfyn;5;430
2021-01-16;Kerteminde;2;440
2021-01-16;Nyborg;6;450
2021-01-16;Odense;51;461
2021-01-16;Svendborg;7;479
2021-01-16;Nordfyn;11;480
2021-01-16;Haderslev;214;510
2021-01-16;Billund;11;530
2021-01-16;Sønderborg;129;540
2021-01-16;Tønder;108;550
2021-01-16;Esbjerg;80;561
2021-01-16;Fanø;6;563
2021-01-16;Varde;16;573
2021-01-16;Vejen;53;575
2021-01-16;Aabenraa;149;580
2021-01-16;Fredericia;113;607
2021-01-16;Horsens;170;615
2021-01-16;Kolding;219;621
2021-01-16;Vejle;143;630
2021-01-16;Herning;4;657
2021-01-16;Holstebro;1;661
2021-01-16;Syddjurs;24;706
2021-01-16;Norddjurs;31;707
2021-01-16;Favrskov;41;710
2021-01-16;Odder;43;727
2021-01-16;Randers;5;730
2021-01-16;Silkeborg;22;740
2021-01-16;Samsø;1;741
2021-01-16;Skanderborg;55;746
2021-01-16;Århus;421;751
2021-01-16;Ikast-Brande;5;756
2021-01-16;Ringkøbing-Skjern;2;760
2021-01-16;Hedensted;69;766
2021-01-16;Skive;1;779
2021-01-16;Viborg;1;791
2021-01-16;Brønderslev;14;810
2021-01-16;Frederikshavn;193;813
2021-01-16;Vesthimmerland;1;820
2021-01-16;Rebild;4;840
2021-01-16;Mariagerfjord;3;846
2021-01-16;Jammerbugt;21;849
2021-01-16;Aalborg;446;851
2021-01-16;Hjørring;495;860
2021-01-17;København;14;101
2021-01-17;Frederiksberg;2;147
2021-01-17;Gladsaxe;2;159
2021-01-17;Glostrup;11;161
2021-01-17;Albertslund;3;165
2021-01-17;Hvidovre;2;167
2021-01-17;Høje Tåstrup;2;169
2021-01-17;Lyngby-Taarbæk;2;173
2021-01-17;Rødovre;1;175
2021-01-17;Ishøj;2;183
2021-01-17;Furesø;2;190
2021-01-17;Allerød;1;201
2021-01-17;Fredensborg;1;210
2021-01-17;Helsingør;2;217
2021-01-17;Hillerød;1;219
2021-01-17;Egedal;2;240
2021-01-17;Frederikssund;2;250
2021-01-17;Greve;1;253
2021-01-17;Køge;2;259
2021-01-17;Roskilde;11;265
2021-01-17;Solrød;2;269
2021-01-17;Gribskov;1;270
2021-01-17;Odsherred;3;306
2021-01-17;Holbæk;4;316
2021-01-17;Faxe;1;320
2021-01-17;Slagelse;4;330
2021-01-17;Sorø;2;340
2021-01-17;Lolland;1;360
2021-01-17;Næstved;2;370
2021-01-17;Guldborgsund;3;376
2021-01-17;Vordingborg;1;390
2021-01-17;Middelfart;18;410
2021-01-17;Assens;10;420
2021-01-17;Faaborg-Midtfyn;10;430
2021-01-17;Kerteminde;3;440
2021-01-17;Nyborg;4;450
2021-01-17;Odense;76;461
2021-01-17;Svendborg;5;479
2021-01-17;Nordfyn;7;480
2021-01-17;Haderslev;211;510
2021-01-17;Billund;7;530
2021-01-17;Sønderborg;293;540
2021-01-17;Tønder;95;550
2021-01-17;Esbjerg;12;561
2021-01-17;Fanø;1;563
2021-01-17;Varde;5;573
2021-01-17;Vejen;50;575
2021-01-17;Aabenraa;14;580
2021-01-17;Fredericia;62;607
2021-01-17;Horsens;3;615
2021-01-17;Kolding;187;621
2021-01-17;Vejle;101;630
2021-01-17;Herning;2;657
2021-01-17;Norddjurs;3;707
2021-01-17;Randers;2;730
2021-01-17;Silkeborg;1;740
2021-01-17;Skanderborg;2;746
2021-01-17;Århus;5;751
2021-01-17;Ikast-Brande;1;756
2021-01-17;Hedensted;7;766
2021-01-17;Skive;2;779
2021-01-17;Thisted;1;787
2021-01-17;Viborg;1;791
2021-01-17;Brønderslev;286;810
2021-01-17;Frederikshavn;12;813
2021-01-17;Vesthimmerland;145;820
2021-01-17;Læsø;1;825
2021-01-17;Rebild;5;840
2021-01-17;Mariagerfjord;5;846
2021-01-17;Jammerbugt;22;849
2021-01-17;Aalborg;519;851
2021-01-17;Hjørring;22;860
2021-01-18;København;10;101
2021-01-18;Frederiksberg;4;147
2021-01-18;Gentofte;1;157
2021-01-18;Gladsaxe;1;159
2021-01-18;Glostrup;1;161
2021-01-18;Herlev;2;163
2021-01-18;Hvidovre;1;167
2021-01-18;Høje Tåstrup;1;169
2021-01-18;Lyngby-Taarbæk;2;173
2021-01-18;Rødovre;1;175
2021-01-18;Ishøj;1;183
2021-01-18;Vallensbæk;1;187
2021-01-18;Fredensborg;1;210
2021-01-18;Hillerød;1;219
2021-01-18;Hørsholm;1;223
2021-01-18;Egedal;1;240
2021-01-18;Frederikssund;1;250
2021-01-18;Greve;9;253
2021-01-18;Køge;2;259
2021-01-18;Roskilde;7;265
2021-01-18;Gribskov;2;270
2021-01-18;Holbæk;2;316
2021-01-18;Faxe;3;320
2021-01-18;Kalundborg;2;326
2021-01-18;Ringsted;6;329
2021-01-18;Slagelse;45;330
2021-01-18;Stevns;1;336
2021-01-18;Sorø;7;340
2021-01-18;Næstved;7;370
2021-01-18;Guldborgsund;6;376
2021-01-18;Vordingborg;2;390
2021-01-18;Middelfart;318;410
2021-01-18;Assens;25;420
2021-01-18;Faaborg-Midtfyn;9;430
2021-01-18;Kerteminde;3;440
2021-01-18;Nyborg;3;450
2021-01-18;Odense;99;461
2021-01-18;Svendborg;4;479
2021-01-18;Nordfyn;10;480
2021-01-18;Haderslev;25;510
2021-01-18;Billund;31;530
2021-01-18;Sønderborg;2;540
2021-01-18;Tønder;6;550
2021-01-18;Esbjerg;19;561
2021-01-18;Varde;18;573
2021-01-18;Vejen;43;575
2021-01-18;Aabenraa;5;580
2021-01-18;Fredericia;162;607
2021-01-18;Horsens;105;615
2021-01-18;Kolding;156;621
2021-01-18;Vejle;422;630
2021-01-18;Herning;110;657
2021-01-18;Holstebro;14;661
2021-01-18;Lemvig;2;665
2021-01-18;Struer;3;671
2021-01-18;Syddjurs;60;706
2021-01-18;Norddjurs;80;707
2021-01-18;Favrskov;62;710
2021-01-18;Odder;20;727
2021-01-18;Randers;159;730
2021-01-18;Silkeborg;103;740
2021-01-18;Samsø;1;741
2021-01-18;Skanderborg;83;746
2021-01-18;Århus;373;751
2021-01-18;Ikast-Brande;46;756
2021-01-18;Ringkøbing-Skjern;67;760
2021-01-18;Hedensted;87;766
2021-01-18;Morsø;8;773
2021-01-18;Skive;41;779
2021-01-18;Thisted;2;787
2021-01-18;Viborg;111;791
2021-01-18;Brønderslev;6;810
2021-01-18;Frederikshavn;2;813
2021-01-18;Vesthimmerland;118;820
2021-01-18;Rebild;7;840
2021-01-18;Mariagerfjord;16;846
2021-01-18;Jammerbugt;20;849
2021-01-18;Aalborg;434;851
2021-01-19;København;23;101
2021-01-19;Frederiksberg;3;147
2021-01-19;Gentofte;2;157
2021-01-19;Glostrup;1;161
2021-01-19;Albertslund;1;165
2021-01-19;Høje Tåstrup;4;169
2021-01-19;Lyngby-Taarbæk;1;173
2021-01-19;Ishøj;3;183
2021-01-19;Tårnby;1;185
2021-01-19;Furesø;2;190
2021-01-19;Allerød;1;201
2021-01-19;Fredensborg;1;210
2021-01-19;Helsingør;3;217
2021-01-19;Hillerød;1;219
2021-01-19;Hørsholm;2;223
2021-01-19;Rudersdal;3;230
2021-01-19;Egedal;1;240
2021-01-19;Frederikssund;3;250
2021-01-19;Greve;13;253
2021-01-19;Køge;5;259
2021-01-19;Roskilde;12;265
2021-01-19;Solrød;4;269
2021-01-19;Odsherred;1;306
2021-01-19;Holbæk;7;316
2021-01-19;Faxe;5;320
2021-01-19;Kalundborg;15;326
2021-01-19;Ringsted;32;329
2021-01-19;Slagelse;19;330
2021-01-19;Stevns;1;336
2021-01-19;Sorø;1;340
2021-01-19;Lejre;3;350
2021-01-19;Lolland;1;360
2021-01-19;Næstved;9;370
2021-01-19;Guldborgsund;3;376
2021-01-19;Vordingborg;32;390
2021-01-19;Middelfart;23;410
2021-01-19;Assens;5;420
2021-01-19;Faaborg-Midtfyn;2;430
2021-01-19;Nyborg;1;450
2021-01-19;Odense;48;461
2021-01-19;Svendborg;2;479
2021-01-19;Nordfyn;4;480
2021-01-19;Langeland;1;482
2021-01-19;Haderslev;10;510
2021-01-19;Billund;9;530
2021-01-19;Sønderborg;3;540
2021-01-19;Tønder;5;550
2021-01-19;Esbjerg;7;561
2021-01-19;Varde;5;573
2021-01-19;Vejen;7;575
2021-01-19;Aabenraa;6;580
2021-01-19;Fredericia;58;607
2021-01-19;Horsens;139;615
2021-01-19;Kolding;83;621
2021-01-19;Vejle;104;630
2021-01-19;Herning;176;657
2021-01-19;Holstebro;94;661
2021-01-19;Lemvig;29;665
2021-01-19;Struer;32;671
2021-01-19;Syddjurs;50;706
2021-01-19;Norddjurs;81;707
2021-01-19;Favrskov;60;710
2021-01-19;Odder;14;727
2021-01-19;Randers;180;730
2021-01-19;Silkeborg;105;740
2021-01-19;Samsø;1;741
2021-01-19;Skanderborg;85;746
2021-01-19;Århus;322;751
2021-01-19;Ikast-Brande;45;756
2021-01-19;Ringkøbing-Skjern;73;760
2021-01-19;Hedensted;31;766
2021-01-19;Morsø;2;773
2021-01-19;Skive;101;779
2021-01-19;Thisted;1;787
2021-01-19;Viborg;88;791
2021-01-19;Frederikshavn;1;813
2021-01-19;Rebild;2;840
2021-01-19;Mariagerfjord;9;846
2021-01-19;Aalborg;14;851
2021-01-19;Hjørring;2;860
2021-01-20;København;14;101
2021-01-20;Frederiksberg;3;147
2021-01-20;Gentofte;1;157
2021-01-20;Gladsaxe;2;159
2021-01-20;Hvidovre;1;167
2021-01-20;Høje Tåstrup;3;169
2021-01-20;Lyngby-Taarbæk;1;173
2021-01-20;Fredensborg;1;210
2021-01-20;Helsingør;3;217
2021-01-20;Frederikssund;1;250
2021-01-20;Greve;1;253
2021-01-20;Køge;2;259
2021-01-20;Roskilde;17;265
2021-01-20;Gribskov;2;270
2021-01-20;Holbæk;80;316
2021-01-20;Kalundborg;13;326
2021-01-20;Ringsted;1;329
2021-01-20;Slagelse;3;330
2021-01-20;Sorø;1;340
2021-01-20;Lejre;2;350
2021-01-20;Lolland;3;360
2021-01-20;Næstved;19;370
2021-01-20;Guldborgsund;60;376
2021-01-20;Vordingborg;19;390
2021-01-20;Middelfart;10;410
2021-01-20;Assens;3;420
2021-01-20;Kerteminde;3;440
2021-01-20;Nyborg;2;450
2021-01-20;Odense;52;461
2021-01-20;Svendborg;2;479
2021-01-20;Haderslev;6;510
2021-01-20;Billund;5;530
2021-01-20;Sønderborg;1;540
2021-01-20;Esbjerg;3;561
2021-01-20;Varde;4;573
2021-01-20;Vejen;11;575
2021-01-20;Aabenraa;1;580
2021-01-20;Fredericia;12;607
2021-01-20;Horsens;133;615
2021-01-20;Kolding;30;621
2021-01-20;Vejle;53;630
2021-01-20;Herning;180;657
2021-01-20;Holstebro;27;661
2021-01-20;Lemvig;4;665
2021-01-20;Struer;9;671
2021-01-20;Syddjurs;6;706
2021-01-20;Norddjurs;3;707
2021-01-20;Favrskov;7;710
2021-01-20;Odder;9;727
2021-01-20;Randers;12;730
2021-01-20;Silkeborg;85;740
2021-01-20;Samsø;140;741
2021-01-20;Skanderborg;20;746
2021-01-20;Århus;67;751
2021-01-20;Ikast-Brande;48;756
2021-01-20;Ringkøbing-Skjern;34;760
2021-01-20;Hedensted;18;766
2021-01-20;Morsø;1;773
2021-01-20;Skive;24;779
2021-01-20;Viborg;127;791
2021-01-20;Brønderslev;1;810
2021-01-20;Vesthimmerland;4;820
2021-01-20;Rebild;1;840
2021-01-20;Mariagerfjord;2;846
2021-01-20;Aalborg;11;851
2021-01-20;Hjørring;1;860
2021-01-21;København;15;101
2021-01-21;Frederiksberg;4;147
2021-01-21;Gentofte;1;157
2021-01-21;Glostrup;1;161
2021-01-21;Hvidovre;1;167
2021-01-21;Høje Tåstrup;1;169
2021-01-21;Lyngby-Taarbæk;1;173
2021-01-21;Tårnby;1;185
2021-01-21;Vallensbæk;1;187
2021-01-21;Fredensborg;1;210
2021-01-21;Hørsholm;1;223
2021-01-21;Rudersdal;1;230
2021-01-21;Frederikssund;1;250
2021-01-21;Køge;13;259
2021-01-21;Roskilde;16;265
2021-01-21;Odsherred;3;306
2021-01-21;Holbæk;16;316
2021-01-21;Faxe;3;320
2021-01-21;Kalundborg;3;326
2021-01-21;Ringsted;2;329
2021-01-21;Slagelse;2;330
2021-01-21;Stevns;3;336
2021-01-21;Sorø;1;340
2021-01-21;Lejre;3;350
2021-01-21;Lolland;63;360
2021-01-21;Næstved;25;370
2021-01-21;Guldborgsund;3;376
2021-01-21;Vordingborg;10;390
2021-01-21;Middelfart;6;410
2021-01-21;Assens;2;420
2021-01-21;Faaborg-Midtfyn;1;430
2021-01-21;Odense;2;461
2021-01-21;Svendborg;1;479
2021-01-21;Nordfyn;1;480
2021-01-21;Haderslev;7;510
2021-01-21;Billund;6;530
2021-01-21;Sønderborg;1;540
2021-01-21;Esbjerg;9;561
2021-01-21;Fanø;1;563
2021-01-21;Vejen;4;575
2021-01-21;Fredericia;17;607
2021-01-21;Horsens;107;615
2021-01-21;Kolding;26;621
2021-01-21;Vejle;52;630
2021-01-21;Herning;17;657
2021-01-21;Holstebro;5;661
2021-01-21;Syddjurs;30;706
2021-01-21;Norddjurs;29;707
2021-01-21;Favrskov;35;710
2021-01-21;Odder;66;727
2021-01-21;Randers;109;730
2021-01-21;Silkeborg;88;740
2021-01-21;Samsø;155;741
2021-01-21;Skanderborg;30;746
2021-01-21;Århus;280;751
2021-01-21;Ikast-Brande;8;756
2021-01-21;Ringkøbing-Skjern;5;760
2021-01-21;Hedensted;17;766
2021-01-21;Morsø;3;773
2021-01-21;Skive;56;779
2021-01-21;Thisted;1;787
2021-01-21;Viborg;81;791
2021-01-21;Rebild;3;840
2021-01-21;Mariagerfjord;5;846
2021-01-21;Aalborg;5;851
2021-01-21;Hjørring;1;860
2021-01-22;København;16;101
2021-01-22;Frederiksberg;2;147
2021-01-22;Ballerup;2;151
2021-01-22;Brøndby;8;153
2021-01-22;Gentofte;2;157
2021-01-22;Gladsaxe;1;159
2021-01-22;Glostrup;1;161
2021-01-22;Albertslund;3;165
2021-01-22;Hvidovre;3;167
2021-01-22;Lyngby-Taarbæk;2;173
2021-01-22;Rødovre;2;175
2021-01-22;Ishøj;1;183
2021-01-22;Vallensbæk;2;187
2021-01-22;Fredensborg;1;210
2021-01-22;Hillerød;1;219
2021-01-22;Hørsholm;1;223
2021-01-22;Rudersdal;1;230
2021-01-22;Frederikssund;2;250
2021-01-22;Greve;1;253
2021-01-22;Halsnæs;1;260
2021-01-22;Roskilde;4;265
2021-01-22;Solrød;1;269
2021-01-22;Gribskov;1;270
2021-01-22;Odsherred;2;306
2021-01-22;Holbæk;19;316
2021-01-22;Faxe;7;320
2021-01-22;Kalundborg;10;326
2021-01-22;Ringsted;4;329
2021-01-22;Slagelse;46;330
2021-01-22;Stevns;1;336
2021-01-22;Sorø;8;340
2021-01-22;Lejre;1;350
2021-01-22;Næstved;20;370
2021-01-22;Guldborgsund;1;376
2021-01-22;Vordingborg;4;390
2021-01-22;Bornholm;1;400
2021-01-22;Assens;8;420
2021-01-22;Faaborg-Midtfyn;4;430
2021-01-22;Kerteminde;2;440
2021-01-22;Nyborg;6;450
2021-01-22;Odense;39;461
2021-01-22;Svendborg;12;479
2021-01-22;Nordfyn;9;480
2021-01-22;Langeland;1;482
2021-01-22;Ærø;1;492
2021-01-22;Haderslev;1;510
2021-01-22;Billund;2;530
2021-01-22;Esbjerg;7;561
2021-01-22;Varde;2;573
2021-01-22;Vejen;3;575
2021-01-22;Fredericia;13;607
2021-01-22;Horsens;2;615
2021-01-22;Kolding;19;621
2021-01-22;Vejle;13;630
2021-01-22;Syddjurs;19;706
2021-01-22;Norddjurs;7;707
2021-01-22;Favrskov;25;710
2021-01-22;Odder;1;727
2021-01-22;Randers;53;730
2021-01-22;Skanderborg;1;746
2021-01-22;Århus;50;751
2021-01-22;Ikast-Brande;1;756
2021-01-22;Hedensted;3;766
2021-01-22;Morsø;2;773
2021-01-22;Thisted;6;787
2021-01-22;Brønderslev;10;810
2021-01-22;Frederikshavn;2;813
2021-01-22;Vesthimmerland;3;820
2021-01-22;Rebild;23;840
2021-01-22;Mariagerfjord;8;846
2021-01-22;Jammerbugt;5;849
2021-01-22;Aalborg;97;851
2021-01-22;Hjørring;1;860
2021-01-23;København;306;101
2021-01-23;Frederiksberg;35;147
2021-01-23;Ballerup;5;151
2021-01-23;Brøndby;7;153
2021-01-23;Dragør;3;155
2021-01-23;Gentofte;19;157
2021-01-23;Gladsaxe;10;159
2021-01-23;Glostrup;6;161
2021-01-23;Herlev;43;163
2021-01-23;Albertslund;5;165
2021-01-23;Hvidovre;6;167
2021-01-23;Høje Tåstrup;7;169
2021-01-23;Lyngby-Taarbæk;6;173
2021-01-23;Rødovre;9;175
2021-01-23;Ishøj;11;183
2021-01-23;Tårnby;12;185
2021-01-23;Vallensbæk;4;187
2021-01-23;Furesø;1;190
2021-01-23;Allerød;2;201
2021-01-23;Helsingør;3;217
2021-01-23;Hillerød;1;219
2021-01-23;Hørsholm;4;223
2021-01-23;Rudersdal;4;230
2021-01-23;Egedal;1;240
2021-01-23;Greve;5;253
2021-01-23;Køge;7;259
2021-01-23;Roskilde;1;265
2021-01-23;Solrød;1;269
2021-01-23;Gribskov;4;270
2021-01-23;Slagelse;2;330
2021-01-23;Stevns;2;336
2021-01-23;Sorø;1;340
2021-01-23;Lejre;1;350
2021-01-23;Næstved;4;370
2021-01-23;Guldborgsund;3;376
2021-01-23;Vordingborg;2;390
2021-01-23;Bornholm;1;400
2021-01-23;Odense;2;461
2021-01-23;Odder;3;727
2021-01-23;Randers;2;730
2021-01-23;Silkeborg;1;740
2021-01-23;Samsø;9;741
2021-01-23;Skanderborg;1;746
2021-01-23;Århus;69;751
2021-01-23;Viborg;3;791
2021-01-23;Rebild;1;840
2021-01-23;Mariagerfjord;23;846
2021-01-23;Jammerbugt;1;849
2021-01-23;Aalborg;29;851
2021-01-24;København;153;101
2021-01-24;Frederiksberg;91;147
2021-01-24;Ballerup;22;151
2021-01-24;Brøndby;13;153
2021-01-24;Dragør;1;155
2021-01-24;Gentofte;16;157
2021-01-24;Gladsaxe;12;159
2021-01-24;Glostrup;30;161
2021-01-24;Herlev;8;163
2021-01-24;Albertslund;8;165
2021-01-24;Hvidovre;36;167
2021-01-24;Høje Tåstrup;3;169
2021-01-24;Lyngby-Taarbæk;4;173
2021-01-24;Rødovre;42;175
2021-01-24;Ishøj;4;183
2021-01-24;Vallensbæk;1;187
2021-01-24;Furesø;6;190
2021-01-24;Allerød;1;201
2021-01-24;Hørsholm;2;223
2021-01-24;Rudersdal;3;230
2021-01-24;Egedal;1;240
2021-01-24;Greve;5;253
2021-01-24;Køge;2;259
2021-01-24;Roskilde;1;265
2021-01-24;Solrød;2;269
2021-01-24;Gribskov;1;270
2021-01-24;Holbæk;3;316
2021-01-24;Kalundborg;1;326
2021-01-24;Ringsted;2;329
2021-01-24;Slagelse;1;330
2021-01-24;Stevns;1;336
2021-01-24;Sorø;1;340
2021-01-24;Næstved;1;370
2021-01-24;Guldborgsund;1;376
2021-01-24;Odense;1;461
2021-01-24;Kolding;1;621
2021-01-24;Holstebro;16;661
2021-01-24;Favrskov;1;710
2021-01-24;Randers;35;730
2021-01-24;Silkeborg;2;740
2021-01-24;Skanderborg;4;746
2021-01-24;Århus;3;751
2021-01-24;Ikast-Brande;3;756
2021-01-24;Viborg;1;791
2021-01-24;Rebild;1;840
2021-01-24;Jammerbugt;1;849
2021-01-24;Aalborg;16;851
2021-01-24;Hjørring;1;860
2021-01-25;København;16;101
2021-01-25;Frederiksberg;8;147
2021-01-25;Ballerup;1;151
2021-01-25;Brøndby;6;153
2021-01-25;Gentofte;3;157
2021-01-25;Gladsaxe;2;159
2021-01-25;Glostrup;1;161
2021-01-25;Hvidovre;2;167
2021-01-25;Høje Tåstrup;1;169
2021-01-25;Lyngby-Taarbæk;2;173
2021-01-25;Rødovre;1;175
2021-01-25;Tårnby;1;185
2021-01-25;Furesø;1;190
2021-01-25;Fredensborg;1;210
2021-01-25;Rudersdal;2;230
2021-01-25;Egedal;1;240
2021-01-25;Frederikssund;2;250
2021-01-25;Greve;1;253
2021-01-25;Køge;1;259
2021-01-25;Odsherred;6;306
2021-01-25;Holbæk;2;316
2021-01-25;Faxe;1;320
2021-01-25;Kalundborg;9;326
2021-01-25;Slagelse;17;330
2021-01-25;Stevns;2;336
2021-01-25;Sorø;3;340
2021-01-25;Lejre;1;350
2021-01-25;Næstved;11;370
2021-01-25;Guldborgsund;1;376
2021-01-25;Vordingborg;1;390
2021-01-25;Middelfart;30;410
2021-01-25;Assens;2;420
2021-01-25;Faaborg-Midtfyn;1;430
2021-01-25;Kerteminde;1;440
2021-01-25;Nyborg;4;450
2021-01-25;Odense;10;461
2021-01-25;Svendborg;5;479
2021-01-25;Nordfyn;1;480
2021-01-25;Langeland;1;482
2021-01-25;Ærø;2;492
2021-01-25;Haderslev;2;510
2021-01-25;Sønderborg;1;540
2021-01-25;Tønder;1;550
2021-01-25;Esbjerg;2;561
2021-01-25;Vejen;6;575
2021-01-25;Aabenraa;3;580
2021-01-25;Fredericia;7;607
2021-01-25;Kolding;33;621
2021-01-25;Vejle;26;630
2021-01-25;Herning;1;657
2021-01-25;Randers;1;730
2021-01-25;Århus;4;751
2021-01-25;Hedensted;4;766
2021-01-25;Brønderslev;3;810
2021-01-25;Vesthimmerland;1;820
2021-01-25;Rebild;2;840
2021-01-25;Mariagerfjord;1;846
2021-01-25;Jammerbugt;1;849
2021-01-25;Aalborg;14;851
2021-01-25;Hjørring;1;860
2021-01-26;København;8;101
2021-01-26;Frederiksberg;1;147
2021-01-26;Ballerup;1;151
2021-01-26;Dragør;1;155
2021-01-26;Gladsaxe;1;159
2021-01-26;Glostrup;1;161
2021-01-26;Hvidovre;1;167
2021-01-26;Hørsholm;2;223
2021-01-26;Rudersdal;2;230
2021-01-26;Køge;1;259
2021-01-26;Halsnæs;1;260
2021-01-26;Roskilde;1;265
2021-01-26;Odsherred;3;306
2021-01-26;Faxe;13;320
2021-01-26;Kalundborg;9;326
2021-01-26;Ringsted;2;329
2021-01-26;Slagelse;24;330
2021-01-26;Stevns;1;336
2021-01-26;Sorø;10;340
2021-01-26;Lejre;1;350
2021-01-26;Lolland;10;360
2021-01-26;Næstved;14;370
2021-01-26;Guldborgsund;2;376
2021-01-26;Vordingborg;2;390
2021-01-26;Middelfart;1;410
2021-01-26;Assens;3;420
2021-01-26;Nyborg;1;450
2021-01-26;Odense;9;461
2021-01-26;Svendborg;2;479
2021-01-26;Haderslev;1;510
2021-01-26;Esbjerg;1;561
2021-01-26;Varde;2;573
2021-01-26;Vejen;3;575
2021-01-26;Fredericia;27;607
2021-01-26;Horsens;2;615
2021-01-26;Kolding;8;621
2021-01-26;Vejle;30;630
2021-01-26;Favrskov;1;710
2021-01-26;Randers;1;730
2021-01-26;Skanderborg;1;746
2021-01-26;Århus;1;751
2021-01-26;Hedensted;3;766
2021-01-26;Skive;1;779
2021-01-26;Thisted;1;787
2021-01-26;Brønderslev;1;810
2021-01-27;København;5;101
2021-01-27;Frederiksberg;1;147
2021-01-27;Gentofte;1;157
2021-01-27;Gladsaxe;2;159
2021-01-27;Glostrup;1;161
2021-01-27;Lyngby-Taarbæk;1;173
2021-01-27;Ishøj;1;183
2021-01-27;Furesø;1;190
2021-01-27;Hillerød;1;219
2021-01-27;Rudersdal;3;230
2021-01-27;Greve;1;253
2021-01-27;Køge;21;259
2021-01-27;Roskilde;3;265
2021-01-27;Solrød;1;269
2021-01-27;Odsherred;1;306
2021-01-27;Holbæk;11;316
2021-01-27;Faxe;3;320
2021-01-27;Kalundborg;3;326
2021-01-27;Slagelse;1;330
2021-01-27;Stevns;5;336
2021-01-27;Sorø;9;340
2021-01-27;Lolland;5;360
2021-01-27;Næstved;1;370
2021-01-27;Guldborgsund;10;376
2021-01-27;Vordingborg;1;390
2021-01-27;Assens;1;420
2021-01-27;Faaborg-Midtfyn;1;430
2021-01-27;Kerteminde;34;440
2021-01-27;Nyborg;6;450
2021-01-27;Odense;10;461
2021-01-27;Svendborg;1;479
2021-01-27;Nordfyn;27;480
2021-01-27;Fredericia;1;607
2021-01-27;Kolding;1;621
2021-01-27;Herning;2;657
2021-01-27;Holstebro;2;661
2021-01-27;Lemvig;4;665
2021-01-27;Struer;4;671
2021-01-27;Silkeborg;1;740
2021-01-27;Skanderborg;1;746
2021-01-27;Århus;4;751
2021-01-27;Ringkøbing-Skjern;3;760
2021-01-27;Hedensted;2;766
2021-01-27;Thisted;2;787
2021-01-27;Viborg;1;791
2021-01-27;Aalborg;2;851
2021-01-28;København;9;101
2021-01-28;Frederiksberg;1;147
2021-01-28;Gentofte;1;157
2021-01-28;Gladsaxe;2;159
2021-01-28;Hvidovre;2;167
2021-01-28;Høje Tåstrup;1;169
2021-01-28;Lyngby-Taarbæk;4;173
2021-01-28;Rødovre;1;175
2021-01-28;Tårnby;1;185
2021-01-28;Allerød;1;201
2021-01-28;Køge;11;259
2021-01-28;Solrød;1;269
2021-01-28;Odsherred;16;306
2021-01-28;Holbæk;8;316
2021-01-28;Faxe;8;320
2021-01-28;Kalundborg;4;326
2021-01-28;Ringsted;1;329
2021-01-28;Slagelse;8;330
2021-01-28;Stevns;9;336
2021-01-28;Sorø;15;340
2021-01-28;Lejre;2;350
2021-01-28;Lolland;16;360
2021-01-28;Næstved;17;370
2021-01-28;Guldborgsund;18;376
2021-01-28;Vordingborg;1;390
2021-01-28;Assens;1;420
2021-01-28;Odense;2;461
2021-01-28;Ærø;32;492
2021-01-28;Tønder;1;550
2021-01-28;Horsens;3;615
2021-01-28;Herning;1;657
2021-01-28;Favrskov;1;710
2021-01-28;Randers;1;730
2021-01-28;Silkeborg;1;740
2021-01-28;Skanderborg;1;746
2021-01-28;Århus;4;751
2021-01-28;Ikast-Brande;2;756
2021-01-28;Morsø;1;773
2021-01-28;Skive;1;779
2021-01-28;Thisted;7;787
2021-01-28;Aalborg;7;851
2021-01-28;Hjørring;10;860
2021-01-29;København;43;101
2021-01-29;Frederiksberg;3;147
2021-01-29;Ballerup;36;151
2021-01-29;Brøndby;3;153
2021-01-29;Dragør;14;155
2021-01-29;Gentofte;28;157
2021-01-29;Gladsaxe;43;159
2021-01-29;Glostrup;4;161
2021-01-29;Herlev;6;163
2021-01-29;Albertslund;1;165
2021-01-29;Hvidovre;3;167
2021-01-29;Høje Tåstrup;1;169
2021-01-29;Lyngby-Taarbæk;59;173
2021-01-29;Ishøj;1;183
2021-01-29;Tårnby;57;185
2021-01-29;Vallensbæk;1;187
2021-01-29;Furesø;4;190
2021-01-29;Allerød;2;201
2021-01-29;Fredensborg;5;210
2021-01-29;Helsingør;3;217
2021-01-29;Hillerød;2;219
2021-01-29;Hørsholm;4;223
2021-01-29;Rudersdal;29;230
2021-01-29;Egedal;3;240
2021-01-29;Frederikssund;2;250
2021-01-29;Greve;18;253
2021-01-29;Køge;25;259
2021-01-29;Halsnæs;1;260
2021-01-29;Roskilde;41;265
2021-01-29;Solrød;10;269
2021-01-29;Gribskov;1;270
2021-01-29;Odsherred;10;306
2021-01-29;Holbæk;9;316
2021-01-29;Faxe;13;320
2021-01-29;Kalundborg;2;326
2021-01-29;Ringsted;11;329
2021-01-29;Slagelse;14;330
2021-01-29;Stevns;17;336
2021-01-29;Sorø;5;340
2021-01-29;Lejre;15;350
2021-01-29;Lolland;11;360
2021-01-29;Næstved;25;370
2021-01-29;Guldborgsund;16;376
2021-01-29;Vordingborg;2;390
2021-01-29;Bornholm;35;400
2021-01-29;Middelfart;2;410
2021-01-29;Assens;1;420
2021-01-29;Faaborg-Midtfyn;3;430
2021-01-29;Kerteminde;1;440
2021-01-29;Nyborg;3;450
2021-01-29;Odense;14;461
2021-01-29;Svendborg;4;479
2021-01-29;Nordfyn;1;480
2021-01-29;Langeland;1;482
2021-01-29;Sønderborg;1;540
2021-01-29;Fanø;1;563
2021-01-29;Varde;1;573
2021-01-29;Vejen;4;575
2021-01-29;Fredericia;14;607
2021-01-29;Horsens;7;615
2021-01-29;Kolding;14;621
2021-01-29;Vejle;3;630
2021-01-29;Herning;18;657
2021-01-29;Holstebro;28;661
2021-01-29;Lemvig;4;665
2021-01-29;Struer;5;671
2021-01-29;Syddjurs;5;706
2021-01-29;Favrskov;20;710
2021-01-29;Odder;13;727
2021-01-29;Randers;104;730
2021-01-29;Silkeborg;7;740
2021-01-29;Skanderborg;18;746
2021-01-29;Århus;25;751
2021-01-29;Ikast-Brande;2;756
2021-01-29;Ringkøbing-Skjern;9;760
2021-01-29;Hedensted;1;766
2021-01-29;Skive;1;779
2021-01-29;Viborg;9;791
2021-01-29;Brønderslev;5;810
2021-01-29;Frederikshavn;3;813
2021-01-29;Vesthimmerland;1;820
2021-01-29;Rebild;4;840
2021-01-29;Mariagerfjord;19;846
2021-01-29;Jammerbugt;3;849
2021-01-29;Aalborg;28;851
2021-01-29;Hjørring;2;860
2021-01-30;København;26;101
2021-01-30;Frederiksberg;1;147
2021-01-30;Ballerup;8;151
2021-01-30;Brøndby;2;153
2021-01-30;Dragør;1;155
2021-01-30;Gentofte;19;157
2021-01-30;Gladsaxe;13;159
2021-01-30;Glostrup;1;161
2021-01-30;Herlev;1;163
2021-01-30;Albertslund;15;165
2021-01-30;Høje Tåstrup;42;169
2021-01-30;Lyngby-Taarbæk;5;173
2021-01-30;Rødovre;7;175
2021-01-30;Ishøj;1;183
2021-01-30;Tårnby;1;185
2021-01-30;Vallensbæk;7;187
2021-01-30;Furesø;22;190
2021-01-30;Allerød;3;201
2021-01-30;Fredensborg;6;210
2021-01-30;Helsingør;69;217
2021-01-30;Hillerød;46;219
2021-01-30;Hørsholm;5;223
2021-01-30;Rudersdal;7;230
2021-01-30;Egedal;22;240
2021-01-30;Frederikssund;11;250
2021-01-30;Greve;16;253
2021-01-30;Køge;14;259
2021-01-30;Halsnæs;3;260
2021-01-30;Roskilde;27;265
2021-01-30;Solrød;6;269
2021-01-30;Gribskov;5;270
2021-01-30;Odsherred;34;306
2021-01-30;Holbæk;47;316
2021-01-30;Faxe;12;320
2021-01-30;Kalundborg;23;326
2021-01-30;Ringsted;14;329
2021-01-30;Slagelse;45;330
2021-01-30;Stevns;3;336
2021-01-30;Sorø;12;340
2021-01-30;Lejre;12;350
2021-01-30;Lolland;18;360
2021-01-30;Næstved;52;370
2021-01-30;Guldborgsund;27;376
2021-01-30;Vordingborg;21;390
2021-01-30;Bornholm;39;400
2021-01-30;Assens;2;420
2021-01-30;Faaborg-Midtfyn;12;430
2021-01-30;Nyborg;3;450
2021-01-30;Odense;21;461
2021-01-30;Svendborg;64;479
2021-01-30;Langeland;1;482
2021-01-30;Ærø;1;492
2021-01-30;Tønder;1;550
2021-01-30;Esbjerg;3;561
2021-01-30;Horsens;33;615
2021-01-30;Kolding;2;621
2021-01-30;Vejle;11;630
2021-01-30;Herning;1;657
2021-01-30;Holstebro;4;661
2021-01-30;Lemvig;14;665
2021-01-30;Struer;6;671
2021-01-30;Favrskov;1;710
2021-01-30;Randers;2;730
2021-01-30;Silkeborg;1;740
2021-01-30;Århus;7;751
2021-01-30;Ikast-Brande;1;756
2021-01-30;Ringkøbing-Skjern;1;760
2021-01-30;Hedensted;69;766
2021-01-30;Morsø;1;773
2021-01-30;Skive;28;779
2021-01-30;Thisted;19;787
2021-01-30;Viborg;6;791
2021-01-30;Frederikshavn;1;813
2021-01-30;Vesthimmerland;3;820
2021-01-30;Jammerbugt;2;849
2021-01-30;Aalborg;25;851
2021-01-30;Hjørring;9;860
2021-01-31;København;20;101
2021-01-31;Frederiksberg;6;147
2021-01-31;Gentofte;5;157
2021-01-31;Gladsaxe;4;159
2021-01-31;Herlev;2;163
2021-01-31;Albertslund;3;165
2021-01-31;Høje Tåstrup;3;169
2021-01-31;Lyngby-Taarbæk;6;173
2021-01-31;Rødovre;1;175
2021-01-31;Ishøj;1;183
2021-01-31;Tårnby;1;185
2021-01-31;Furesø;4;190
2021-01-31;Allerød;22;201
2021-01-31;Fredensborg;41;210
2021-01-31;Helsingør;9;217
2021-01-31;Hillerød;10;219
2021-01-31;Hørsholm;5;223
2021-01-31;Rudersdal;1;230
2021-01-31;Egedal;4;240
2021-01-31;Frederikssund;53;250
2021-01-31;Halsnæs;49;260
2021-01-31;Roskilde;2;265
2021-01-31;Solrød;2;269
2021-01-31;Gribskov;55;270
2021-01-31;Odsherred;17;306
2021-01-31;Holbæk;27;316
2021-01-31;Faxe;2;320
2021-01-31;Kalundborg;19;326
2021-01-31;Ringsted;5;329
2021-01-31;Slagelse;33;330
2021-01-31;Sorø;5;340
2021-01-31;Lejre;4;350
2021-01-31;Lolland;24;360
2021-01-31;Næstved;18;370
2021-01-31;Guldborgsund;31;376
2021-01-31;Vordingborg;12;390
2021-01-31;Middelfart;1;410
2021-01-31;Assens;8;420
2021-01-31;Faaborg-Midtfyn;57;430
2021-01-31;Kerteminde;2;440
2021-01-31;Nyborg;6;450
2021-01-31;Odense;26;461
2021-01-31;Svendborg;29;479
2021-01-31;Nordfyn;2;480
2021-01-31;Langeland;1;482
2021-01-31;Billund;1;530
2021-01-31;Esbjerg;1;561
2021-01-31;Varde;4;573
2021-01-31;Fredericia;1;607
2021-01-31;Horsens;15;615
2021-01-31;Kolding;1;621
2021-01-31;Vejle;2;630
2021-01-31;Herning;48;657
2021-01-31;Holstebro;2;661
2021-01-31;Syddjurs;37;706
2021-01-31;Norddjurs;81;707
2021-01-31;Favrskov;1;710
2021-01-31;Randers;6;730
2021-01-31;Silkeborg;46;740
2021-01-31;Samsø;1;741
2021-01-31;Århus;17;751
2021-01-31;Ikast-Brande;6;756
2021-01-31;Ringkøbing-Skjern;69;760
2021-01-31;Skive;2;779
2021-01-31;Thisted;2;787
2021-01-31;Viborg;60;791
2021-01-31;Brønderslev;6;810
2021-01-31;Frederikshavn;55;813
2021-01-31;Vesthimmerland;2;820
2021-01-31;Jammerbugt;1;849
2021-01-31;Aalborg;25;851
2021-01-31;Hjørring;6;860
2021-02-01;København;25;101
2021-02-01;Frederiksberg;1;147
2021-02-01;Brøndby;4;153
2021-02-01;Gentofte;1;157
2021-02-01;Gladsaxe;6;159
2021-02-01;Glostrup;3;161
2021-02-01;Herlev;1;163
2021-02-01;Høje Tåstrup;2;169
2021-02-01;Lyngby-Taarbæk;2;173
2021-02-01;Ishøj;1;183
2021-02-01;Fredensborg;2;210
2021-02-01;Helsingør;6;217
2021-02-01;Hillerød;1;219
2021-02-01;Rudersdal;2;230
2021-02-01;Køge;4;259
2021-02-01;Halsnæs;1;260
2021-02-01;Roskilde;12;265
2021-02-01;Gribskov;6;270
2021-02-01;Odsherred;20;306
2021-02-01;Holbæk;41;316
2021-02-01;Faxe;1;320
2021-02-01;Kalundborg;10;326
2021-02-01;Ringsted;4;329
2021-02-01;Slagelse;56;330
2021-02-01;Sorø;23;340
2021-02-01;Lejre;4;350
2021-02-01;Lolland;5;360
2021-02-01;Næstved;6;370
2021-02-01;Guldborgsund;103;376
2021-02-01;Vordingborg;3;390
2021-02-01;Middelfart;40;410
2021-02-01;Assens;64;420
2021-02-01;Faaborg-Midtfyn;8;430
2021-02-01;Kerteminde;2;440
2021-02-01;Nyborg;1;450
2021-02-01;Odense;24;461
2021-02-01;Svendborg;16;479
2021-02-01;Nordfyn;4;480
2021-02-01;Langeland;2;482
2021-02-01;Haderslev;4;510
2021-02-01;Billund;1;530
2021-02-01;Tønder;1;550
2021-02-01;Esbjerg;1;561
2021-02-01;Fanø;1;563
2021-02-01;Varde;2;573
2021-02-01;Fredericia;8;607
2021-02-01;Horsens;4;615
2021-02-01;Kolding;7;621
2021-02-01;Vejle;9;630
2021-02-01;Herning;9;657
2021-02-01;Holstebro;8;661
2021-02-01;Lemvig;2;665
2021-02-01;Struer;3;671
2021-02-01;Norddjurs;6;707
2021-02-01;Favrskov;1;710
2021-02-01;Odder;12;727
2021-02-01;Randers;2;730
2021-02-01;Silkeborg;4;740
2021-02-01;Samsø;1;741
2021-02-01;Århus;10;751
2021-02-01;Ikast-Brande;2;756
2021-02-01;Ringkøbing-Skjern;6;760
2021-02-01;Hedensted;3;766
2021-02-01;Morsø;1;773
2021-02-01;Skive;12;779
2021-02-01;Thisted;1;787
2021-02-01;Viborg;3;791
2021-02-01;Brønderslev;10;810
2021-02-01;Frederikshavn;5;813
2021-02-01;Vesthimmerland;1;820
2021-02-01;Læsø;1;825
2021-02-01;Rebild;1;840
2021-02-01;Mariagerfjord;2;846
2021-02-01;Jammerbugt;1;849
2021-02-01;Aalborg;1;851
2021-02-01;Hjørring;68;860
2021-02-02;København;20;101
2021-02-02;Frederiksberg;3;147
2021-02-02;Ballerup;2;151
2021-02-02;Brøndby;1;153
2021-02-02;Gentofte;2;157
2021-02-02;Gladsaxe;3;159
2021-02-02;Glostrup;1;161
2021-02-02;Herlev;3;163
2021-02-02;Albertslund;1;165
2021-02-02;Hvidovre;4;167
2021-02-02;Høje Tåstrup;8;169
2021-02-02;Lyngby-Taarbæk;1;173
2021-02-02;Rødovre;1;175
2021-02-02;Ishøj;2;183
2021-02-02;Tårnby;2;185
2021-02-02;Helsingør;1;217
2021-02-02;Greve;113;253
2021-02-02;Køge;56;259
2021-02-02;Roskilde;128;265
2021-02-02;Solrød;5;269
2021-02-02;Gribskov;3;270
2021-02-02;Odsherred;4;306
2021-02-02;Holbæk;177;316
2021-02-02;Faxe;97;320
2021-02-02;Kalundborg;9;326
2021-02-02;Ringsted;12;329
2021-02-02;Slagelse;32;330
2021-02-02;Stevns;8;336
2021-02-02;Sorø;83;340
2021-02-02;Lejre;60;350
2021-02-02;Lolland;105;360
2021-02-02;Næstved;156;370
2021-02-02;Guldborgsund;184;376
2021-02-02;Vordingborg;22;390
2021-02-02;Bornholm;1;400
2021-02-02;Middelfart;4;410
2021-02-02;Assens;80;420
2021-02-02;Faaborg-Midtfyn;74;430
2021-02-02;Nyborg;80;450
2021-02-02;Odense;103;461
2021-02-02;Svendborg;11;479
2021-02-02;Nordfyn;56;480
2021-02-02;Langeland;3;482
2021-02-02;Haderslev;1;510
2021-02-02;Billund;1;530
2021-02-02;Sønderborg;1;540
2021-02-02;Esbjerg;1;561
2021-02-02;Varde;1;573
2021-02-02;Vejen;3;575
2021-02-02;Fredericia;20;607
2021-02-02;Horsens;5;615
2021-02-02;Kolding;16;621
2021-02-02;Vejle;29;630
2021-02-02;Holstebro;3;661
2021-02-02;Lemvig;2;665
2021-02-02;Struer;1;671
2021-02-02;Syddjurs;1;706
2021-02-02;Norddjurs;3;707
2021-02-02;Favrskov;1;710
2021-02-02;Odder;11;727
2021-02-02;Silkeborg;5;740
2021-02-02;Skanderborg;5;746
2021-02-02;Århus;12;751
2021-02-02;Ikast-Brande;1;756
2021-02-02;Ringkøbing-Skjern;1;760
2021-02-02;Hedensted;5;766
2021-02-02;Morsø;10;773
2021-02-02;Skive;11;779
2021-02-02;Thisted;4;787
2021-02-02;Viborg;11;791
2021-02-02;Vesthimmerland;1;820
2021-02-02;Mariagerfjord;1;846
2021-02-02;Aalborg;1;851
2021-02-02;Hjørring;1;860
2021-02-03;København;29;101
2021-02-03;Frederiksberg;3;147
2021-02-03;Ballerup;1;151
2021-02-03;Gentofte;1;157
2021-02-03;Gladsaxe;3;159
2021-02-03;Høje Tåstrup;1;169
2021-02-03;Rødovre;2;175
2021-02-03;Ishøj;2;183
2021-02-03;Tårnby;7;185
2021-02-03;Furesø;4;190
2021-02-03;Helsingør;1;217
2021-02-03;Hørsholm;1;223
2021-02-03;Egedal;2;240
2021-02-03;Greve;76;253
2021-02-03;Køge;24;259
2021-02-03;Roskilde;85;265
2021-02-03;Solrød;24;269
2021-02-03;Gribskov;2;270
2021-02-03;Odsherred;72;306
2021-02-03;Holbæk;6;316
2021-02-03;Faxe;1;320
2021-02-03;Kalundborg;63;326
2021-02-03;Ringsted;93;329
2021-02-03;Slagelse;110;330
2021-02-03;Stevns;37;336
2021-02-03;Sorø;1;340
2021-02-03;Lejre;5;350
2021-02-03;Lolland;91;360
2021-02-03;Næstved;78;370
2021-02-03;Guldborgsund;6;376
2021-02-03;Vordingborg;150;390
2021-02-03;Assens;5;420
2021-02-03;Faaborg-Midtfyn;4;430
2021-02-03;Kerteminde;70;440
2021-02-03;Nyborg;2;450
2021-02-03;Odense;26;461
2021-02-03;Svendborg;93;479
2021-02-03;Nordfyn;2;480
2021-02-03;Langeland;84;482
2021-02-03;Ærø;89;492
2021-02-03;Haderslev;1;510
2021-02-03;Sønderborg;1;540
2021-02-03;Tønder;1;550
2021-02-03;Esbjerg;1;561
2021-02-03;Varde;3;573
2021-02-03;Aabenraa;1;580
2021-02-03;Fredericia;2;607
2021-02-03;Horsens;1;615
2021-02-03;Kolding;9;621
2021-02-03;Vejle;10;630
2021-02-03;Herning;2;657
2021-02-03;Holstebro;1;661
2021-02-03;Syddjurs;2;706
2021-02-03;Randers;4;730
2021-02-03;Silkeborg;1;740
2021-02-03;Skanderborg;1;746
2021-02-03;Århus;4;751
2021-02-03;Ikast-Brande;2;756
2021-02-03;Skive;3;779
2021-02-03;Viborg;3;791
2021-02-03;Frederikshavn;1;813
2021-02-03;Rebild;1;840
2021-02-03;Mariagerfjord;1;846
2021-02-03;Aalborg;2;851
2021-02-04;København;25;101
2021-02-04;Frederiksberg;3;147
2021-02-04;Ballerup;2;151
2021-02-04;Dragør;2;155
2021-02-04;Gentofte;1;157
2021-02-04;Gladsaxe;3;159
2021-02-04;Glostrup;1;161
2021-02-04;Herlev;3;163
2021-02-04;Albertslund;2;165
2021-02-04;Høje Tåstrup;1;169
2021-02-04;Lyngby-Taarbæk;2;173
2021-02-04;Rødovre;1;175
2021-02-04;Tårnby;3;185
2021-02-04;Vallensbæk;1;187
2021-02-04;Furesø;1;190
2021-02-04;Fredensborg;2;210
2021-02-04;Rudersdal;2;230
2021-02-04;Frederikssund;1;250
2021-02-04;Greve;1;253
2021-02-04;Køge;1;259
2021-02-04;Roskilde;9;265
2021-02-04;Solrød;3;269
2021-02-04;Gribskov;1;270
2021-02-04;Odsherred;40;306
2021-02-04;Holbæk;2;316
2021-02-04;Faxe;2;320
2021-02-04;Slagelse;10;330
2021-02-04;Stevns;6;336
2021-02-04;Lolland;4;360
2021-02-04;Næstved;3;370
2021-02-04;Guldborgsund;2;376
2021-02-04;Vordingborg;4;390
2021-02-04;Bornholm;2;400
2021-02-04;Middelfart;1;410
2021-02-04;Assens;3;420
2021-02-04;Faaborg-Midtfyn;80;430
2021-02-04;Kerteminde;6;440
2021-02-04;Nyborg;6;450
2021-02-04;Odense;88;461
2021-02-04;Svendborg;127;479
2021-02-04;Nordfyn;4;480
2021-02-04;Langeland;3;482
2021-02-04;Ærø;2;492
2021-02-04;Esbjerg;2;561
2021-02-04;Vejen;3;575
2021-02-04;Aabenraa;1;580
2021-02-04;Fredericia;1;607
2021-02-04;Horsens;4;615
2021-02-04;Kolding;2;621
2021-02-04;Vejle;1;630
2021-02-04;Herning;4;657
2021-02-04;Holstebro;6;661
2021-02-04;Struer;2;671
2021-02-04;Syddjurs;1;706
2021-02-04;Norddjurs;1;707
2021-02-04;Favrskov;3;710
2021-02-04;Odder;2;727
2021-02-04;Randers;3;730
2021-02-04;Silkeborg;1;740
2021-02-04;Skanderborg;1;746
2021-02-04;Århus;13;751
2021-02-04;Ringkøbing-Skjern;2;760
2021-02-04;Viborg;3;791
2021-02-04;Brønderslev;162;810
2021-02-04;Frederikshavn;6;813
2021-02-04;Vesthimmerland;6;820
2021-02-04;Læsø;11;825
2021-02-04;Rebild;100;840
2021-02-04;Mariagerfjord;20;846
2021-02-04;Jammerbugt;17;849
2021-02-04;Aalborg;478;851
2021-02-04;Hjørring;17;860
2021-02-05;København;14;101
2021-02-05;Frederiksberg;3;147
2021-02-05;Brøndby;1;153
2021-02-05;Gentofte;2;157
2021-02-05;Gladsaxe;1;159
2021-02-05;Herlev;2;163
2021-02-05;Albertslund;1;165
2021-02-05;Hvidovre;1;167
2021-02-05;Høje Tåstrup;2;169
2021-02-05;Lyngby-Taarbæk;2;173
2021-02-05;Rødovre;2;175
2021-02-05;Helsingør;1;217
2021-02-05;Hillerød;1;219
2021-02-05;Frederikssund;2;250
2021-02-05;Greve;3;253
2021-02-05;Køge;27;259
2021-02-05;Roskilde;6;265
2021-02-05;Gribskov;2;270
2021-02-05;Holbæk;11;316
2021-02-05;Faxe;9;320
2021-02-05;Kalundborg;3;326
2021-02-05;Ringsted;9;329
2021-02-05;Slagelse;65;330
2021-02-05;Stevns;1;336
2021-02-05;Sorø;12;340
2021-02-05;Lejre;16;350
2021-02-05;Lolland;4;360
2021-02-05;Næstved;66;370
2021-02-05;Guldborgsund;3;376
2021-02-05;Vordingborg;3;390
2021-02-05;Bornholm;1;400
2021-02-05;Middelfart;1;410
2021-02-05;Assens;5;420
2021-02-05;Faaborg-Midtfyn;9;430
2021-02-05;Kerteminde;2;440
2021-02-05;Nyborg;65;450
2021-02-05;Odense;30;461
2021-02-05;Svendborg;23;479
2021-02-05;Nordfyn;1;480
2021-02-05;Langeland;11;482
2021-02-05;Haderslev;5;510
2021-02-05;Billund;3;530
2021-02-05;Tønder;2;550
2021-02-05;Esbjerg;4;561
2021-02-05;Vejen;2;575
2021-02-05;Aabenraa;1;580
2021-02-05;Fredericia;10;607
2021-02-05;Horsens;8;615
2021-02-05;Kolding;14;621
2021-02-05;Vejle;24;630
2021-02-05;Herning;81;657
2021-02-05;Holstebro;53;661
2021-02-05;Lemvig;7;665
2021-02-05;Struer;9;671
2021-02-05;Norddjurs;1;707
2021-02-05;Favrskov;6;710
2021-02-05;Odder;1;727
2021-02-05;Randers;11;730
2021-02-05;Silkeborg;11;740
2021-02-05;Skanderborg;7;746
2021-02-05;Århus;42;751
2021-02-05;Ikast-Brande;9;756
2021-02-05;Ringkøbing-Skjern;21;760
2021-02-05;Hedensted;7;766
2021-02-05;Morsø;77;773
2021-02-05;Skive;2;779
2021-02-05;Thisted;5;787
2021-02-05;Viborg;11;791
2021-02-05;Brønderslev;15;810
2021-02-05;Frederikshavn;3;813
2021-02-05;Vesthimmerland;5;820
2021-02-05;Rebild;21;840
2021-02-05;Mariagerfjord;205;846
2021-02-05;Jammerbugt;4;849
2021-02-05;Aalborg;405;851
2021-02-05;Hjørring;8;860
2021-02-06;København;35;101
2021-02-06;Frederiksberg;9;147
2021-02-06;Ballerup;6;151
2021-02-06;Brøndby;7;153
2021-02-06;Dragør;1;155
2021-02-06;Gentofte;4;157
2021-02-06;Gladsaxe;22;159
2021-02-06;Glostrup;21;161
2021-02-06;Herlev;9;163
2021-02-06;Albertslund;6;165
2021-02-06;Hvidovre;18;167
2021-02-06;Høje Tåstrup;42;169
2021-02-06;Lyngby-Taarbæk;2;173
2021-02-06;Rødovre;4;175
2021-02-06;Ishøj;4;183
2021-02-06;Vallensbæk;2;187
2021-02-06;Furesø;16;190
2021-02-06;Allerød;2;201
2021-02-06;Fredensborg;4;210
2021-02-06;Helsingør;36;217
2021-02-06;Hillerød;16;219
2021-02-06;Hørsholm;3;223
2021-02-06;Rudersdal;4;230
2021-02-06;Egedal;6;240
2021-02-06;Frederikssund;19;250
2021-02-06;Greve;8;253
2021-02-06;Køge;8;259
2021-02-06;Halsnæs;7;260
2021-02-06;Roskilde;28;265
2021-02-06;Solrød;3;269
2021-02-06;Gribskov;13;270
2021-02-06;Odsherred;5;306
2021-02-06;Holbæk;11;316
2021-02-06;Faxe;6;320
2021-02-06;Kalundborg;7;326
2021-02-06;Ringsted;7;329
2021-02-06;Slagelse;12;330
2021-02-06;Stevns;4;336
2021-02-06;Sorø;2;340
2021-02-06;Lejre;5;350
2021-02-06;Lolland;44;360
2021-02-06;Næstved;10;370
2021-02-06;Guldborgsund;33;376
2021-02-06;Vordingborg;19;390
2021-02-06;Assens;2;420
2021-02-06;Faaborg-Midtfyn;5;430
2021-02-06;Kerteminde;1;440
2021-02-06;Odense;19;461
2021-02-06;Svendborg;1;479
2021-02-06;Haderslev;1;510
2021-02-06;Billund;4;530
2021-02-06;Tønder;1;550
2021-02-06;Esbjerg;19;561
2021-02-06;Fanø;1;563
2021-02-06;Varde;3;573
2021-02-06;Vejen;2;575
2021-02-06;Aabenraa;2;580
2021-02-06;Fredericia;2;607
2021-02-06;Kolding;2;621
2021-02-06;Vejle;1;630
2021-02-06;Syddjurs;2;706
2021-02-06;Randers;1;730
2021-02-06;Skanderborg;1;746
2021-02-06;Århus;12;751
2021-02-06;Ikast-Brande;1;756
2021-02-06;Hedensted;1;766
2021-02-06;Morsø;5;773
2021-02-06;Brønderslev;3;810
2021-02-06;Frederikshavn;331;813
2021-02-06;Rebild;1;840
2021-02-06;Mariagerfjord;5;846
2021-02-06;Jammerbugt;1;849
2021-02-06;Hjørring;4;860
2021-02-07;København;14;101
2021-02-07;Frederiksberg;1;147
2021-02-07;Ballerup;2;151
2021-02-07;Brøndby;1;153
2021-02-07;Gentofte;1;157
2021-02-07;Gladsaxe;5;159
2021-02-07;Glostrup;3;161
2021-02-07;Albertslund;4;165
2021-02-07;Hvidovre;3;167
2021-02-07;Høje Tåstrup;20;169
2021-02-07;Lyngby-Taarbæk;2;173
2021-02-07;Rødovre;7;175
2021-02-07;Ishøj;2;183
2021-02-07;Tårnby;2;185
2021-02-07;Vallensbæk;3;187
2021-02-07;Furesø;3;190
2021-02-07;Helsingør;6;217
2021-02-07;Hørsholm;1;223
2021-02-07;Rudersdal;4;230
2021-02-07;Egedal;2;240
2021-02-07;Frederikssund;14;250
2021-02-07;Greve;33;253
2021-02-07;Køge;32;259
2021-02-07;Halsnæs;6;260
2021-02-07;Roskilde;102;265
2021-02-07;Solrød;23;269
2021-02-07;Gribskov;4;270
2021-02-07;Odsherred;57;306
2021-02-07;Holbæk;73;316
2021-02-07;Faxe;19;320
2021-02-07;Kalundborg;35;326
2021-02-07;Ringsted;43;329
2021-02-07;Slagelse;46;330
2021-02-07;Stevns;20;336
2021-02-07;Sorø;30;340
2021-02-07;Lejre;44;350
2021-02-07;Lolland;63;360
2021-02-07;Næstved;81;370
2021-02-07;Guldborgsund;103;376
2021-02-07;Vordingborg;66;390
2021-02-07;Middelfart;5;410
2021-02-07;Assens;1;420
2021-02-07;Faaborg-Midtfyn;4;430
2021-02-07;Kerteminde;2;440
2021-02-07;Nyborg;3;450
2021-02-07;Odense;24;461
2021-02-07;Svendborg;15;479
2021-02-07;Nordfyn;3;480
2021-02-07;Haderslev;12;510
2021-02-07;Esbjerg;2;561
2021-02-07;Fanø;1;563
2021-02-07;Vejen;2;575
2021-02-07;Fredericia;5;607
2021-02-07;Kolding;11;621
2021-02-07;Vejle;5;630
2021-02-07;Struer;2;671
2021-02-07;Norddjurs;2;707
2021-02-07;Århus;12;751
2021-02-07;Morsø;9;773
2021-02-07;Thisted;45;787
2021-02-07;Brønderslev;15;810
2021-02-07;Frederikshavn;22;813
2021-02-07;Vesthimmerland;2;820
2021-02-07;Mariagerfjord;1;846
2021-02-07;Jammerbugt;160;849
2021-02-07;Aalborg;23;851
2021-02-07;Hjørring;402;860
2021-02-08;København;166;101
2021-02-08;Frederiksberg;88;147
2021-02-08;Ballerup;22;151
2021-02-08;Brøndby;28;153
2021-02-08;Dragør;18;155
2021-02-08;Gentofte;56;157
2021-02-08;Gladsaxe;57;159
2021-02-08;Glostrup;6;161
2021-02-08;Herlev;26;163
2021-02-08;Albertslund;14;165
2021-02-08;Hvidovre;17;167
2021-02-08;Høje Tåstrup;25;169
2021-02-08;Lyngby-Taarbæk;74;173
2021-02-08;Rødovre;29;175
2021-02-08;Ishøj;8;183
2021-02-08;Tårnby;17;185
2021-02-08;Vallensbæk;15;187
2021-02-08;Furesø;19;190
2021-02-08;Allerød;22;201
2021-02-08;Fredensborg;15;210
2021-02-08;Helsingør;23;217
2021-02-08;Hillerød;50;219
2021-02-08;Hørsholm;24;223
2021-02-08;Rudersdal;35;230
2021-02-08;Egedal;8;240
2021-02-08;Frederikssund;22;250
2021-02-08;Køge;1;259
2021-02-08;Halsnæs;8;260
2021-02-08;Roskilde;4;265
2021-02-08;Gribskov;17;270
2021-02-08;Odsherred;10;306
2021-02-08;Holbæk;17;316
2021-02-08;Faxe;4;320
2021-02-08;Kalundborg;7;326
2021-02-08;Ringsted;3;329
2021-02-08;Slagelse;8;330
2021-02-08;Stevns;1;336
2021-02-08;Sorø;6;340
2021-02-08;Lejre;2;350
2021-02-08;Lolland;28;360
2021-02-08;Guldborgsund;23;376
2021-02-08;Vordingborg;12;390
2021-02-08;Bornholm;41;400
2021-02-08;Middelfart;15;410
2021-02-08;Assens;13;420
2021-02-08;Faaborg-Midtfyn;15;430
2021-02-08;Kerteminde;13;440
2021-02-08;Nyborg;12;450
2021-02-08;Odense;94;461
2021-02-08;Svendborg;31;479
2021-02-08;Nordfyn;25;480
2021-02-08;Langeland;4;482
2021-02-08;Haderslev;6;510
2021-02-08;Billund;6;530
2021-02-08;Sønderborg;5;540
2021-02-08;Tønder;1;550
2021-02-08;Esbjerg;82;561
2021-02-08;Fanø;7;563
2021-02-08;Varde;20;573
2021-02-08;Vejen;20;575
2021-02-08;Aabenraa;2;580
2021-02-08;Fredericia;23;607
2021-02-08;Horsens;9;615
2021-02-08;Kolding;74;621
2021-02-08;Vejle;76;630
2021-02-08;Herning;1;657
2021-02-08;Holstebro;1;661
2021-02-08;Lemvig;8;665
2021-02-08;Struer;1;671
2021-02-08;Syddjurs;13;706
2021-02-08;Norddjurs;22;707
2021-02-08;Favrskov;5;710
2021-02-08;Odder;29;727
2021-02-08;Randers;22;730
2021-02-08;Silkeborg;5;740
2021-02-08;Skanderborg;7;746
2021-02-08;Århus;56;751
2021-02-08;Ringkøbing-Skjern;14;760
2021-02-08;Hedensted;11;766
2021-02-08;Morsø;6;773
2021-02-08;Skive;12;779
2021-02-08;Thisted;256;787
2021-02-08;Viborg;4;791
2021-02-08;Brønderslev;4;810
2021-02-08;Frederikshavn;18;813
2021-02-08;Vesthimmerland;178;820
2021-02-08;Rebild;13;840
2021-02-08;Mariagerfjord;9;846
2021-02-08;Jammerbugt;5;849
2021-02-08;Aalborg;36;851
2021-02-08;Hjørring;21;860
2021-02-09;København;417;101
2021-02-09;Frederiksberg;68;147
2021-02-09;Ballerup;31;151
2021-02-09;Brøndby;30;153
2021-02-09;Dragør;10;155
2021-02-09;Gentofte;106;157
2021-02-09;Gladsaxe;45;159
2021-02-09;Glostrup;31;161
2021-02-09;Herlev;25;163
2021-02-09;Albertslund;11;165
2021-02-09;Hvidovre;24;167
2021-02-09;Høje Tåstrup;42;169
2021-02-09;Lyngby-Taarbæk;81;173
2021-02-09;Rødovre;52;175
2021-02-09;Ishøj;6;183
2021-02-09;Tårnby;22;185
2021-02-09;Vallensbæk;6;187
2021-02-09;Furesø;30;190
2021-02-09;Allerød;21;201
2021-02-09;Fredensborg;40;210
2021-02-09;Helsingør;83;217
2021-02-09;Hillerød;25;219
2021-02-09;Hørsholm;41;223
2021-02-09;Rudersdal;93;230
2021-02-09;Egedal;20;240
2021-02-09;Frederikssund;60;250
2021-02-09;Greve;23;253
2021-02-09;Køge;38;259
2021-02-09;Halsnæs;19;260
2021-02-09;Roskilde;56;265
2021-02-09;Solrød;14;269
2021-02-09;Gribskov;24;270
2021-02-09;Odsherred;38;306
2021-02-09;Holbæk;63;316
2021-02-09;Faxe;9;320
2021-02-09;Kalundborg;33;326
2021-02-09;Ringsted;8;329
2021-02-09;Slagelse;74;330
2021-02-09;Stevns;9;336
2021-02-09;Sorø;19;340
2021-02-09;Lejre;17;350
2021-02-09;Lolland;83;360
2021-02-09;Næstved;15;370
2021-02-09;Guldborgsund;20;376
2021-02-09;Vordingborg;8;390
2021-02-09;Middelfart;41;410
2021-02-09;Assens;28;420
2021-02-09;Faaborg-Midtfyn;61;430
2021-02-09;Kerteminde;20;440
2021-02-09;Nyborg;30;450
2021-02-09;Odense;146;461
2021-02-09;Svendborg;48;479
2021-02-09;Nordfyn;29;480
2021-02-09;Langeland;6;482
2021-02-09;Haderslev;26;510
2021-02-09;Billund;23;530
2021-02-09;Sønderborg;32;540
2021-02-09;Tønder;28;550
2021-02-09;Esbjerg;78;561
2021-02-09;Fanø;3;563
2021-02-09;Varde;27;573
2021-02-09;Vejen;30;575
2021-02-09;Aabenraa;20;580
2021-02-09;Fredericia;18;607
2021-02-09;Horsens;30;615
2021-02-09;Kolding;58;621
2021-02-09;Vejle;86;630
2021-02-09;Herning;9;657
2021-02-09;Holstebro;28;661
2021-02-09;Lemvig;4;665
2021-02-09;Struer;13;671
2021-02-09;Syddjurs;21;706
2021-02-09;Norddjurs;15;707
2021-02-09;Favrskov;25;710
2021-02-09;Odder;5;727
2021-02-09;Randers;25;730
2021-02-09;Silkeborg;16;740
2021-02-09;Skanderborg;25;746
2021-02-09;Århus;202;751
2021-02-09;Ikast-Brande;4;756
2021-02-09;Ringkøbing-Skjern;5;760
2021-02-09;Hedensted;14;766
2021-02-09;Morsø;2;773
2021-02-09;Skive;11;779
2021-02-09;Thisted;3;787
2021-02-09;Viborg;56;791
2021-02-09;Brønderslev;15;810
2021-02-09;Frederikshavn;4;813
2021-02-09;Vesthimmerland;3;820
2021-02-09;Rebild;1;840
2021-02-09;Mariagerfjord;3;846
2021-02-09;Jammerbugt;3;849
2021-02-09;Aalborg;30;851
2021-02-09;Hjørring;6;860
2021-02-10;København;283;101
2021-02-10;Frederiksberg;54;147
2021-02-10;Ballerup;7;151
2021-02-10;Brøndby;4;153
2021-02-10;Dragør;1;155
2021-02-10;Gentofte;22;157
2021-02-10;Gladsaxe;10;159
2021-02-10;Glostrup;2;161
2021-02-10;Herlev;3;163
2021-02-10;Albertslund;2;165
2021-02-10;Hvidovre;8;167
2021-02-10;Høje Tåstrup;9;169
2021-02-10;Lyngby-Taarbæk;18;173
2021-02-10;Rødovre;5;175
2021-02-10;Ishøj;1;183
2021-02-10;Tårnby;12;185
2021-02-10;Vallensbæk;3;187
2021-02-10;Furesø;8;190
2021-02-10;Allerød;3;201
2021-02-10;Fredensborg;9;210
2021-02-10;Helsingør;5;217
2021-02-10;Hillerød;4;219
2021-02-10;Hørsholm;6;223
2021-02-10;Rudersdal;15;230
2021-02-10;Egedal;4;240
2021-02-10;Frederikssund;8;250
2021-02-10;Greve;24;253
2021-02-10;Køge;40;259
2021-02-10;Halsnæs;4;260
2021-02-10;Roskilde;71;265
2021-02-10;Solrød;12;269
2021-02-10;Gribskov;3;270
2021-02-10;Odsherred;38;306
2021-02-10;Holbæk;64;316
2021-02-10;Faxe;26;320
2021-02-10;Kalundborg;132;326
2021-02-10;Ringsted;32;329
2021-02-10;Slagelse;124;330
2021-02-10;Stevns;16;336
2021-02-10;Sorø;22;340
2021-02-10;Lejre;17;350
2021-02-10;Lolland;1;360
2021-02-10;Næstved;190;370
2021-02-10;Guldborgsund;38;376
2021-02-10;Vordingborg;36;390
2021-02-10;Bornholm;4;400
2021-02-10;Middelfart;59;410
2021-02-10;Assens;31;420
2021-02-10;Faaborg-Midtfyn;24;430
2021-02-10;Kerteminde;14;440
2021-02-10;Nyborg;15;450
2021-02-10;Odense;246;461
2021-02-10;Svendborg;99;479
2021-02-10;Nordfyn;15;480
2021-02-10;Langeland;1;482
2021-02-10;Ærø;1;492
2021-02-10;Haderslev;4;510
2021-02-10;Billund;8;530
2021-02-10;Sønderborg;56;540
2021-02-10;Esbjerg;17;561
2021-02-10;Varde;7;573
2021-02-10;Vejen;6;575
2021-02-10;Aabenraa;47;580
2021-02-10;Fredericia;75;607
2021-02-10;Horsens;37;615
2021-02-10;Kolding;24;621
2021-02-10;Vejle;241;630
2021-02-10;Herning;108;657
2021-02-10;Holstebro;80;661
2021-02-10;Lemvig;5;665
2021-02-10;Struer;5;671
2021-02-10;Syddjurs;8;706
2021-02-10;Norddjurs;2;707
2021-02-10;Favrskov;5;710
2021-02-10;Odder;4;727
2021-02-10;Randers;71;730
2021-02-10;Silkeborg;92;740
2021-02-10;Samsø;2;741
2021-02-10;Skanderborg;25;746
2021-02-10;Århus;167;751
2021-02-10;Ikast-Brande;20;756
2021-02-10;Ringkøbing-Skjern;23;760
2021-02-10;Hedensted;33;766
2021-02-10;Skive;3;779
2021-02-10;Thisted;1;787
2021-02-10;Viborg;65;791
2021-02-10;Brønderslev;5;810
2021-02-10;Frederikshavn;3;813
2021-02-10;Rebild;1;840
2021-02-10;Mariagerfjord;5;846
2021-02-10;Jammerbugt;2;849
2021-02-10;Aalborg;39;851
2021-02-11;København;510;101
2021-02-11;Frederiksberg;72;147
2021-02-11;Ballerup;44;151
2021-02-11;Brøndby;64;153
2021-02-11;Dragør;13;155
2021-02-11;Gentofte;49;157
2021-02-11;Gladsaxe;47;159
2021-02-11;Glostrup;57;161
2021-02-11;Herlev;18;163
2021-02-11;Albertslund;36;165
2021-02-11;Hvidovre;39;167
2021-02-11;Høje Tåstrup;58;169
2021-02-11;Lyngby-Taarbæk;56;173
2021-02-11;Rødovre;32;175
2021-02-11;Ishøj;26;183
2021-02-11;Tårnby;34;185
2021-02-11;Vallensbæk;25;187
2021-02-11;Furesø;36;190
2021-02-11;Allerød;19;201
2021-02-11;Fredensborg;24;210
2021-02-11;Helsingør;33;217
2021-02-11;Hillerød;49;219
2021-02-11;Hørsholm;10;223
2021-02-11;Rudersdal;38;230
2021-02-11;Egedal;37;240
2021-02-11;Frederikssund;41;250
2021-02-11;Greve;72;253
2021-02-11;Køge;121;259
2021-02-11;Halsnæs;23;260
2021-02-11;Roskilde;264;265
2021-02-11;Solrød;40;269
2021-02-11;Gribskov;34;270
2021-02-11;Odsherred;93;306
2021-02-11;Holbæk;222;316
2021-02-11;Faxe;67;320
2021-02-11;Kalundborg;147;326
2021-02-11;Ringsted;50;329
2021-02-11;Slagelse;56;330
2021-02-11;Stevns;52;336
2021-02-11;Sorø;33;340
2021-02-11;Lejre;110;350
2021-02-11;Lolland;67;360
2021-02-11;Næstved;176;370
2021-02-11;Guldborgsund;123;376
2021-02-11;Vordingborg;61;390
2021-02-11;Bornholm;43;400
2021-02-11;Middelfart;76;410
2021-02-11;Assens;32;420
2021-02-11;Faaborg-Midtfyn;72;430
2021-02-11;Kerteminde;37;440
2021-02-11;Nyborg;33;450
2021-02-11;Odense;254;461
2021-02-11;Svendborg;35;479
2021-02-11;Nordfyn;27;480
2021-02-11;Langeland;24;482
2021-02-11;Haderslev;61;510
2021-02-11;Billund;11;530
2021-02-11;Sønderborg;31;540
2021-02-11;Tønder;25;550
2021-02-11;Esbjerg;233;561
2021-02-11;Fanø;1;563
2021-02-11;Varde;27;573
2021-02-11;Vejen;19;575
2021-02-11;Aabenraa;2;580
2021-02-11;Fredericia;42;607
2021-02-11;Horsens;28;615
2021-02-11;Kolding;99;621
2021-02-11;Vejle;72;630
2021-02-11;Herning;60;657
2021-02-11;Holstebro;97;661
2021-02-11;Lemvig;7;665
2021-02-11;Struer;8;671
2021-02-11;Syddjurs;3;706
2021-02-11;Favrskov;20;710
2021-02-11;Odder;3;727
2021-02-11;Randers;66;730
2021-02-11;Silkeborg;75;740
2021-02-11;Samsø;1;741
2021-02-11;Skanderborg;5;746
2021-02-11;Århus;131;751
2021-02-11;Ikast-Brande;7;756
2021-02-11;Ringkøbing-Skjern;23;760
2021-02-11;Hedensted;7;766
2021-02-11;Morsø;1;773
2021-02-11;Skive;5;779
2021-02-11;Viborg;80;791
2021-02-11;Brønderslev;32;810
2021-02-11;Frederikshavn;39;813
2021-02-11;Vesthimmerland;17;820
2021-02-11;Læsø;67;825
2021-02-11;Rebild;13;840
2021-02-11;Mariagerfjord;9;846
2021-02-11;Jammerbugt;22;849
2021-02-11;Aalborg;154;851
2021-02-11;Hjørring;105;860
2021-02-12;København;308;101
2021-02-12;Frederiksberg;58;147
2021-02-12;Ballerup;54;151
2021-02-12;Brøndby;35;153
2021-02-12;Dragør;13;155
2021-02-12;Gentofte;27;157
2021-02-12;Gladsaxe;46;159
2021-02-12;Glostrup;27;161
2021-02-12;Herlev;31;163
2021-02-12;Albertslund;23;165
2021-02-12;Hvidovre;36;167
2021-02-12;Høje Tåstrup;59;169
2021-02-12;Lyngby-Taarbæk;38;173
2021-02-12;Rødovre;19;175
2021-02-12;Ishøj;22;183
2021-02-12;Tårnby;37;185
2021-02-12;Vallensbæk;15;187
2021-02-12;Furesø;46;190
2021-02-12;Allerød;26;201
2021-02-12;Fredensborg;34;210
2021-02-12;Helsingør;74;217
2021-02-12;Hillerød;87;219
2021-02-12;Hørsholm;10;223
2021-02-12;Rudersdal;40;230
2021-02-12;Egedal;34;240
2021-02-12;Frederikssund;66;250
2021-02-12;Greve;105;253
2021-02-12;Køge;149;259
2021-02-12;Halsnæs;71;260
2021-02-12;Roskilde;346;265
2021-02-12;Solrød;44;269
2021-02-12;Gribskov;45;270
2021-02-12;Odsherred;115;306
2021-02-12;Holbæk;241;316
2021-02-12;Faxe;90;320
2021-02-12;Kalundborg;225;326
2021-02-12;Ringsted;86;329
2021-02-12;Slagelse;348;330
2021-02-12;Stevns;46;336
2021-02-12;Sorø;118;340
2021-02-12;Lejre;97;350
2021-02-12;Lolland;185;360
2021-02-12;Næstved;225;370
2021-02-12;Guldborgsund;192;376
2021-02-12;Vordingborg;138;390
2021-02-12;Bornholm;108;400
2021-02-12;Middelfart;28;410
2021-02-12;Assens;68;420
2021-02-12;Faaborg-Midtfyn;98;430
2021-02-12;Kerteminde;32;440
2021-02-12;Nyborg;59;450
2021-02-12;Odense;307;461
2021-02-12;Svendborg;197;479
2021-02-12;Nordfyn;21;480
2021-02-12;Langeland;33;482
2021-02-12;Ærø;3;492
2021-02-12;Haderslev;16;510
2021-02-12;Billund;32;530
2021-02-12;Sønderborg;4;540
2021-02-12;Tønder;10;550
2021-02-12;Esbjerg;338;561
2021-02-12;Fanø;3;563
2021-02-12;Varde;117;573
2021-02-12;Vejen;70;575
2021-02-12;Aabenraa;8;580
2021-02-12;Fredericia;53;607
2021-02-12;Horsens;306;615
2021-02-12;Kolding;27;621
2021-02-12;Vejle;332;630
2021-02-12;Herning;151;657
2021-02-12;Holstebro;109;661
2021-02-12;Lemvig;245;665
2021-02-12;Struer;123;671
2021-02-12;Syddjurs;194;706
2021-02-12;Norddjurs;31;707
2021-02-12;Favrskov;201;710
2021-02-12;Odder;145;727
2021-02-12;Randers;195;730
2021-02-12;Silkeborg;382;740
2021-02-12;Skanderborg;185;746
2021-02-12;Århus;712;751
2021-02-12;Ikast-Brande;208;756
2021-02-12;Ringkøbing-Skjern;418;760
2021-02-12;Hedensted;249;766
2021-02-12;Morsø;21;773
2021-02-12;Skive;307;779
2021-02-12;Thisted;102;787
2021-02-12;Viborg;356;791
2021-02-12;Brønderslev;86;810
2021-02-12;Frederikshavn;72;813
2021-02-12;Vesthimmerland;36;820
2021-02-12;Læsø;1;825
2021-02-12;Rebild;75;840
2021-02-12;Mariagerfjord;69;846
2021-02-12;Jammerbugt;48;849
2021-02-12;Aalborg;627;851
2021-02-12;Hjørring;129;860
2021-02-13;København;13;101
2021-02-13;Frederiksberg;3;147
2021-02-13;Ballerup;1;151
2021-02-13;Brøndby;2;153
2021-02-13;Gladsaxe;2;159
2021-02-13;Glostrup;1;161
2021-02-13;Herlev;3;163
2021-02-13;Albertslund;1;165
2021-02-13;Hvidovre;3;167
2021-02-13;Høje Tåstrup;8;169
2021-02-13;Lyngby-Taarbæk;2;173
2021-02-13;Rødovre;3;175
2021-02-13;Allerød;2;201
2021-02-13;Fredensborg;2;210
2021-02-13;Helsingør;1;217
2021-02-13;Hillerød;3;219
2021-02-13;Hørsholm;1;223
2021-02-13;Rudersdal;2;230
2021-02-13;Egedal;2;240
2021-02-13;Frederikssund;9;250
2021-02-13;Greve;69;253
2021-02-13;Køge;116;259
2021-02-13;Halsnæs;3;260
2021-02-13;Roskilde;318;265
2021-02-13;Solrød;55;269
2021-02-13;Odsherred;100;306
2021-02-13;Holbæk;184;316
2021-02-13;Faxe;86;320
2021-02-13;Kalundborg;177;326
2021-02-13;Ringsted;119;329
2021-02-13;Slagelse;344;330
2021-02-13;Stevns;37;336
2021-02-13;Sorø;149;340
2021-02-13;Lejre;60;350
2021-02-13;Lolland;132;360
2021-02-13;Næstved;326;370
2021-02-13;Guldborgsund;179;376
2021-02-13;Vordingborg;145;390
2021-02-13;Middelfart;39;410
2021-02-13;Assens;35;420
2021-02-13;Faaborg-Midtfyn;51;430
2021-02-13;Kerteminde;8;440
2021-02-13;Nyborg;36;450
2021-02-13;Odense;123;461
2021-02-13;Svendborg;42;479
2021-02-13;Nordfyn;20;480
2021-02-13;Langeland;2;482
2021-02-13;Haderslev;12;510
2021-02-13;Billund;9;530
2021-02-13;Sønderborg;134;540
2021-02-13;Tønder;20;550
2021-02-13;Esbjerg;242;561
2021-02-13;Varde;39;573
2021-02-13;Vejen;85;575
2021-02-13;Aabenraa;35;580
2021-02-13;Fredericia;49;607
2021-02-13;Horsens;292;615
2021-02-13;Kolding;49;621
2021-02-13;Vejle;76;630
2021-02-13;Herning;210;657
2021-02-13;Holstebro;14;661
2021-02-13;Lemvig;7;665
2021-02-13;Struer;158;671
2021-02-13;Syddjurs;150;706
2021-02-13;Norddjurs;9;707
2021-02-13;Favrskov;140;710
2021-02-13;Odder;224;727
2021-02-13;Randers;18;730
2021-02-13;Silkeborg;17;740
2021-02-13;Skanderborg;183;746
2021-02-13;Århus;678;751
2021-02-13;Ikast-Brande;176;756
2021-02-13;Ringkøbing-Skjern;54;760
2021-02-13;Hedensted;238;766
2021-02-13;Skive;4;779
2021-02-13;Thisted;2;787
2021-02-13;Viborg;13;791
2021-02-13;Jammerbugt;1;849
2021-02-13;Aalborg;8;851
2021-02-14;København;32;101
2021-02-14;Frederiksberg;12;147
2021-02-14;Ballerup;12;151
2021-02-14;Brøndby;5;153
2021-02-14;Dragør;1;155
2021-02-14;Gentofte;8;157
2021-02-14;Gladsaxe;8;159
2021-02-14;Glostrup;3;161
2021-02-14;Herlev;1;163
2021-02-14;Albertslund;5;165
2021-02-14;Hvidovre;2;167
2021-02-14;Høje Tåstrup;25;169
2021-02-14;Lyngby-Taarbæk;4;173
2021-02-14;Rødovre;11;175
2021-02-14;Ishøj;1;183
2021-02-14;Tårnby;2;185
2021-02-14;Vallensbæk;2;187
2021-02-14;Furesø;11;190
2021-02-14;Allerød;10;201
2021-02-14;Fredensborg;3;210
2021-02-14;Helsingør;5;217
2021-02-14;Hillerød;15;219
2021-02-14;Hørsholm;10;223
2021-02-14;Rudersdal;10;230
2021-02-14;Egedal;21;240
2021-02-14;Frederikssund;36;250
2021-02-14;Greve;48;253
2021-02-14;Køge;88;259
2021-02-14;Halsnæs;16;260
2021-02-14;Roskilde;210;265
2021-02-14;Solrød;37;269
2021-02-14;Gribskov;7;270
2021-02-14;Odsherred;78;306
2021-02-14;Holbæk;193;316
2021-02-14;Faxe;86;320
2021-02-14;Kalundborg;133;326
2021-02-14;Ringsted;80;329
2021-02-14;Slagelse;201;330
2021-02-14;Stevns;34;336
2021-02-14;Sorø;86;340
2021-02-14;Lejre;80;350
2021-02-14;Lolland;59;360
2021-02-14;Næstved;204;370
2021-02-14;Guldborgsund;99;376
2021-02-14;Vordingborg;73;390
2021-02-14;Middelfart;31;410
2021-02-14;Assens;71;420
2021-02-14;Faaborg-Midtfyn;75;430
2021-02-14;Kerteminde;26;440
2021-02-14;Nyborg;50;450
2021-02-14;Odense;287;461
2021-02-14;Svendborg;63;479
2021-02-14;Nordfyn;34;480
2021-02-14;Langeland;23;482
2021-02-14;Haderslev;49;510
2021-02-14;Billund;15;530
2021-02-14;Sønderborg;105;540
2021-02-14;Tønder;94;550
2021-02-14;Esbjerg;374;561
2021-02-14;Fanø;1;563
2021-02-14;Varde;166;573
2021-02-14;Vejen;195;575
2021-02-14;Aabenraa;187;580
2021-02-14;Fredericia;60;607
2021-02-14;Horsens;69;615
2021-02-14;Kolding;148;621
2021-02-14;Vejle;62;630
2021-02-14;Herning;15;657
2021-02-14;Holstebro;2;661
2021-02-14;Lemvig;1;665
2021-02-14;Syddjurs;150;706
2021-02-14;Norddjurs;198;707
2021-02-14;Favrskov;90;710
2021-02-14;Odder;24;727
2021-02-14;Randers;34;730
2021-02-14;Silkeborg;12;740
2021-02-14;Skanderborg;208;746
2021-02-14;Århus;550;751
2021-02-14;Ikast-Brande;122;756
2021-02-14;Ringkøbing-Skjern;3;760
2021-02-14;Hedensted;131;766
2021-02-14;Morsø;40;773
2021-02-14;Skive;2;779
2021-02-14;Thisted;8;787
2021-02-14;Viborg;8;791
2021-02-14;Brønderslev;2;810
2021-02-14;Frederikshavn;2;813
2021-02-14;Vesthimmerland;33;820
2021-02-14;Rebild;8;840
2021-02-14;Mariagerfjord;148;846
2021-02-14;Jammerbugt;3;849
2021-02-14;Aalborg;8;851
2021-02-14;Hjørring;1;860
2021-02-15;København;782;101
2021-02-15;Frederiksberg;244;147
2021-02-15;Ballerup;138;151
2021-02-15;Brøndby;77;153
2021-02-15;Dragør;61;155
2021-02-15;Gentofte;150;157
2021-02-15;Gladsaxe;100;159
2021-02-15;Glostrup;106;161
2021-02-15;Herlev;37;163
2021-02-15;Albertslund;117;165
2021-02-15;Hvidovre;186;167
2021-02-15;Høje Tåstrup;199;169
2021-02-15;Lyngby-Taarbæk;93;173
2021-02-15;Rødovre;72;175
2021-02-15;Ishøj;67;183
2021-02-15;Tårnby;171;185
2021-02-15;Vallensbæk;68;187
2021-02-15;Furesø;92;190
2021-02-15;Allerød;59;201
2021-02-15;Fredensborg;98;210
2021-02-15;Helsingør;139;217
2021-02-15;Hillerød;156;219
2021-02-15;Hørsholm;81;223
2021-02-15;Rudersdal;164;230
2021-02-15;Egedal;65;240
2021-02-15;Frederikssund;129;250
2021-02-15;Greve;213;253
2021-02-15;Køge;114;259
2021-02-15;Halsnæs;65;260
2021-02-15;Roskilde;305;265
2021-02-15;Solrød;56;269
2021-02-15;Gribskov;112;270
2021-02-15;Odsherred;112;306
2021-02-15;Holbæk;208;316
2021-02-15;Faxe;34;320
2021-02-15;Kalundborg;181;326
2021-02-15;Ringsted;78;329
2021-02-15;Slagelse;276;330
2021-02-15;Stevns;41;336
2021-02-15;Sorø;100;340
2021-02-15;Lejre;89;350
2021-02-15;Lolland;214;360
2021-02-15;Næstved;88;370
2021-02-15;Guldborgsund;312;376
2021-02-15;Vordingborg;111;390
2021-02-15;Bornholm;62;400
2021-02-15;Middelfart;116;410
2021-02-15;Assens;106;420
2021-02-15;Faaborg-Midtfyn;94;430
2021-02-15;Kerteminde;48;440
2021-02-15;Nyborg;72;450
2021-02-15;Odense;426;461
2021-02-15;Svendborg;70;479
2021-02-15;Nordfyn;46;480
2021-02-15;Langeland;5;482
2021-02-15;Ærø;1;492
2021-02-15;Haderslev;109;510
2021-02-15;Billund;48;530
2021-02-15;Sønderborg;85;540
2021-02-15;Tønder;41;550
2021-02-15;Esbjerg;320;561
2021-02-15;Fanø;7;563
2021-02-15;Varde;262;573
2021-02-15;Vejen;212;575
2021-02-15;Aabenraa;70;580
2021-02-15;Fredericia;47;607
2021-02-15;Horsens;293;615
2021-02-15;Kolding;283;621
2021-02-15;Vejle;64;630
2021-02-15;Herning;398;657
2021-02-15;Holstebro;279;661
2021-02-15;Lemvig;65;665
2021-02-15;Struer;18;671
2021-02-15;Syddjurs;170;706
2021-02-15;Norddjurs;235;707
2021-02-15;Favrskov;77;710
2021-02-15;Odder;22;727
2021-02-15;Randers;302;730
2021-02-15;Silkeborg;265;740
2021-02-15;Samsø;1;741
2021-02-15;Skanderborg;61;746
2021-02-15;Århus;799;751
2021-02-15;Ikast-Brande;65;756
2021-02-15;Ringkøbing-Skjern;439;760
2021-02-15;Hedensted;216;766
2021-02-15;Morsø;2;773
2021-02-15;Skive;258;779
2021-02-15;Thisted;2;787
2021-02-15;Viborg;286;791
2021-02-15;Vesthimmerland;7;820
2021-02-15;Rebild;13;840
2021-02-15;Mariagerfjord;6;846
2021-02-15;Jammerbugt;2;849
2021-02-15;Aalborg;108;851
2021-02-15;Hjørring;4;860
2021-02-16;København;690;101
2021-02-16;Frederiksberg;246;147
2021-02-16;Ballerup;162;151
2021-02-16;Brøndby;169;153
2021-02-16;Dragør;53;155
2021-02-16;Gentofte;200;157
2021-02-16;Gladsaxe;132;159
2021-02-16;Glostrup;96;161
2021-02-16;Herlev;52;163
2021-02-16;Albertslund;139;165
2021-02-16;Hvidovre;243;167
2021-02-16;Høje Tåstrup;149;169
2021-02-16;Lyngby-Taarbæk;143;173
2021-02-16;Rødovre;96;175
2021-02-16;Ishøj;65;183
2021-02-16;Tårnby;112;185
2021-02-16;Vallensbæk;112;187
2021-02-16;Furesø;138;190
2021-02-16;Allerød;76;201
2021-02-16;Fredensborg;175;210
2021-02-16;Helsingør;184;217
2021-02-16;Hillerød;167;219
2021-02-16;Hørsholm;126;223
2021-02-16;Rudersdal;210;230
2021-02-16;Egedal;64;240
2021-02-16;Frederikssund;127;250
2021-02-16;Greve;97;253
2021-02-16;Køge;205;259
2021-02-16;Halsnæs;68;260
2021-02-16;Roskilde;133;265
2021-02-16;Solrød;37;269
2021-02-16;Gribskov;118;270
2021-02-16;Odsherred;45;306
2021-02-16;Holbæk;143;316
2021-02-16;Faxe;148;320
2021-02-16;Kalundborg;183;326
2021-02-16;Ringsted;125;329
2021-02-16;Slagelse;354;330
2021-02-16;Stevns;101;336
2021-02-16;Sorø;120;340
2021-02-16;Lejre;30;350
2021-02-16;Lolland;153;360
2021-02-16;Næstved;317;370
2021-02-16;Guldborgsund;295;376
2021-02-16;Vordingborg;209;390
2021-02-16;Bornholm;71;400
2021-02-16;Middelfart;46;410
2021-02-16;Assens;112;420
2021-02-16;Faaborg-Midtfyn;138;430
2021-02-16;Kerteminde;62;440
2021-02-16;Nyborg;82;450
2021-02-16;Odense;421;461
2021-02-16;Svendborg;225;479
2021-02-16;Nordfyn;68;480
2021-02-16;Langeland;42;482
2021-02-16;Haderslev;84;510
2021-02-16;Billund;13;530
2021-02-16;Sønderborg;103;540
2021-02-16;Tønder;54;550
2021-02-16;Esbjerg;101;561
2021-02-16;Fanø;4;563
2021-02-16;Varde;21;573
2021-02-16;Vejen;41;575
2021-02-16;Aabenraa;131;580
2021-02-16;Fredericia;22;607
2021-02-16;Horsens;267;615
2021-02-16;Kolding;127;621
2021-02-16;Vejle;24;630
2021-02-16;Herning;400;657
2021-02-16;Holstebro;295;661
2021-02-16;Lemvig;23;665
2021-02-16;Struer;26;671
2021-02-16;Syddjurs;84;706
2021-02-16;Norddjurs;183;707
2021-02-16;Favrskov;67;710
2021-02-16;Odder;19;727
2021-02-16;Randers;367;730
2021-02-16;Silkeborg;321;740
2021-02-16;Skanderborg;67;746
2021-02-16;Århus;774;751
2021-02-16;Ikast-Brande;47;756
2021-02-16;Ringkøbing-Skjern;66;760
2021-02-16;Hedensted;39;766
2021-02-16;Morsø;13;773
2021-02-16;Skive;300;779
2021-02-16;Thisted;41;787
2021-02-16;Viborg;276;791
2021-02-16;Brønderslev;14;810
2021-02-16;Frederikshavn;14;813
2021-02-16;Vesthimmerland;6;820
2021-02-16;Rebild;3;840
2021-02-16;Mariagerfjord;11;846
2021-02-16;Jammerbugt;12;849
2021-02-16;Aalborg;50;851
2021-02-16;Hjørring;33;860
2021-02-17;København;109;101
2021-02-17;Frederiksberg;31;147
2021-02-17;Ballerup;14;151
2021-02-17;Brøndby;29;153
2021-02-17;Dragør;62;155
2021-02-17;Gentofte;31;157
2021-02-17;Gladsaxe;111;159
2021-02-17;Glostrup;11;161
2021-02-17;Herlev;87;163
2021-02-17;Albertslund;11;165
2021-02-17;Hvidovre;20;167
2021-02-17;Høje Tåstrup;60;169
2021-02-17;Lyngby-Taarbæk;19;173
2021-02-17;Rødovre;135;175
2021-02-17;Ishøj;3;183
2021-02-17;Tårnby;8;185
2021-02-17;Vallensbæk;4;187
2021-02-17;Furesø;89;190
2021-02-17;Allerød;17;201
2021-02-17;Fredensborg;9;210
2021-02-17;Helsingør;20;217
2021-02-17;Hillerød;13;219
2021-02-17;Hørsholm;24;223
2021-02-17;Rudersdal;54;230
2021-02-17;Egedal;33;240
2021-02-17;Frederikssund;61;250
2021-02-17;Greve;80;253
2021-02-17;Køge;322;259
2021-02-17;Halsnæs;23;260
2021-02-17;Roskilde;342;265
2021-02-17;Solrød;74;269
2021-02-17;Gribskov;18;270
2021-02-17;Odsherred;155;306
2021-02-17;Holbæk;386;316
2021-02-17;Faxe;166;320
2021-02-17;Kalundborg;98;326
2021-02-17;Ringsted;101;329
2021-02-17;Slagelse;160;330
2021-02-17;Stevns;123;336
2021-02-17;Sorø;67;340
2021-02-17;Lejre;99;350
2021-02-17;Lolland;199;360
2021-02-17;Næstved;305;370
2021-02-17;Guldborgsund;284;376
2021-02-17;Vordingborg;212;390
2021-02-17;Bornholm;3;400
2021-02-17;Middelfart;52;410
2021-02-17;Assens;111;420
2021-02-17;Faaborg-Midtfyn;149;430
2021-02-17;Kerteminde;60;440
2021-02-17;Nyborg;115;450
2021-02-17;Odense;359;461
2021-02-17;Svendborg;202;479
2021-02-17;Nordfyn;47;480
2021-02-17;Langeland;36;482
2021-02-17;Ærø;2;492
2021-02-17;Haderslev;80;510
2021-02-17;Billund;28;530
2021-02-17;Sønderborg;140;540
2021-02-17;Tønder;182;550
2021-02-17;Esbjerg;212;561
2021-02-17;Fanø;7;563
2021-02-17;Varde;61;573
2021-02-17;Vejen;34;575
2021-02-17;Aabenraa;104;580
2021-02-17;Fredericia;33;607
2021-02-17;Horsens;249;615
2021-02-17;Kolding;163;621
2021-02-17;Vejle;62;630
2021-02-17;Herning;10;657
2021-02-17;Holstebro;5;661
2021-02-17;Lemvig;3;665
2021-02-17;Struer;2;671
2021-02-17;Syddjurs;59;706
2021-02-17;Norddjurs;34;707
2021-02-17;Favrskov;72;710
2021-02-17;Odder;26;727
2021-02-17;Randers;327;730
2021-02-17;Silkeborg;202;740
2021-02-17;Samsø;2;741
2021-02-17;Skanderborg;78;746
2021-02-17;Århus;1019;751
2021-02-17;Ikast-Brande;10;756
2021-02-17;Ringkøbing-Skjern;5;760
2021-02-17;Hedensted;47;766
2021-02-17;Morsø;1;773
2021-02-17;Skive;13;779
2021-02-17;Thisted;4;787
2021-02-17;Viborg;194;791
2021-02-17;Brønderslev;18;810
2021-02-17;Frederikshavn;67;813
2021-02-17;Vesthimmerland;89;820
2021-02-17;Rebild;274;840
2021-02-17;Mariagerfjord;86;846
2021-02-17;Jammerbugt;215;849
2021-02-17;Aalborg;407;851
2021-02-17;Hjørring;86;860
2021-02-18;København;1034;101
2021-02-18;Frederiksberg;302;147
2021-02-18;Ballerup;56;151
2021-02-18;Brøndby;67;153
2021-02-18;Dragør;28;155
2021-02-18;Gentofte;54;157
2021-02-18;Gladsaxe;100;159
2021-02-18;Glostrup;37;161
2021-02-18;Herlev;46;163
2021-02-18;Albertslund;39;165
2021-02-18;Hvidovre;73;167
2021-02-18;Høje Tåstrup;67;169
2021-02-18;Lyngby-Taarbæk;67;173
2021-02-18;Rødovre;58;175
2021-02-18;Ishøj;137;183
2021-02-18;Tårnby;66;185
2021-02-18;Vallensbæk;25;187
2021-02-18;Furesø;62;190
2021-02-18;Allerød;43;201
2021-02-18;Fredensborg;71;210
2021-02-18;Helsingør;305;217
2021-02-18;Hillerød;125;219
2021-02-18;Hørsholm;21;223
2021-02-18;Rudersdal;66;230
2021-02-18;Egedal;133;240
2021-02-18;Frederikssund;225;250
2021-02-18;Greve;102;253
2021-02-18;Køge;173;259
2021-02-18;Halsnæs;96;260
2021-02-18;Roskilde;108;265
2021-02-18;Solrød;46;269
2021-02-18;Gribskov;128;270
2021-02-18;Odsherred;137;306
2021-02-18;Holbæk;268;316
2021-02-18;Faxe;88;320
2021-02-18;Kalundborg;153;326
2021-02-18;Ringsted;110;329
2021-02-18;Slagelse;166;330
2021-02-18;Stevns;58;336
2021-02-18;Sorø;81;340
2021-02-18;Lejre;56;350
2021-02-18;Lolland;4;360
2021-02-18;Næstved;71;370
2021-02-18;Guldborgsund;17;376
2021-02-18;Vordingborg;53;390
2021-02-18;Bornholm;62;400
2021-02-18;Middelfart;33;410
2021-02-18;Assens;58;420
2021-02-18;Faaborg-Midtfyn;125;430
2021-02-18;Kerteminde;48;440
2021-02-18;Nyborg;61;450
2021-02-18;Odense;387;461
2021-02-18;Svendborg;136;479
2021-02-18;Nordfyn;38;480
2021-02-18;Langeland;59;482
2021-02-18;Ærø;182;492
2021-02-18;Haderslev;75;510
2021-02-18;Billund;24;530
2021-02-18;Sønderborg;203;540
2021-02-18;Tønder;44;550
2021-02-18;Esbjerg;192;561
2021-02-18;Fanø;1;563
2021-02-18;Varde;85;573
2021-02-18;Vejen;67;575
2021-02-18;Aabenraa;74;580
2021-02-18;Fredericia;22;607
2021-02-18;Horsens;176;615
2021-02-18;Kolding;33;621
2021-02-18;Vejle;37;630
2021-02-18;Herning;7;657
2021-02-18;Holstebro;9;661
2021-02-18;Struer;2;671
2021-02-18;Syddjurs;58;706
2021-02-18;Norddjurs;44;707
2021-02-18;Favrskov;85;710
2021-02-18;Odder;26;727
2021-02-18;Randers;145;730
2021-02-18;Silkeborg;208;740
2021-02-18;Samsø;2;741
2021-02-18;Skanderborg;88;746
2021-02-18;Århus;847;751
2021-02-18;Ikast-Brande;22;756
2021-02-18;Ringkøbing-Skjern;4;760
2021-02-18;Hedensted;39;766
2021-02-18;Morsø;4;773
2021-02-18;Skive;53;779
2021-02-18;Thisted;4;787
2021-02-18;Viborg;343;791
2021-02-18;Brønderslev;359;810
2021-02-18;Frederikshavn;46;813
2021-02-18;Vesthimmerland;28;820
2021-02-18;Læsø;1;825
2021-02-18;Rebild;24;840
2021-02-18;Mariagerfjord;28;846
2021-02-18;Jammerbugt;255;849
2021-02-18;Aalborg;993;851
2021-02-18;Hjørring;72;860
2021-02-19;København;1127;101
2021-02-19;Frederiksberg;144;147
2021-02-19;Ballerup;57;151
2021-02-19;Brøndby;48;153
2021-02-19;Dragør;12;155
2021-02-19;Gentofte;166;157
2021-02-19;Gladsaxe;114;159
2021-02-19;Glostrup;40;161
2021-02-19;Herlev;56;163
2021-02-19;Albertslund;37;165
2021-02-19;Hvidovre;82;167
2021-02-19;Høje Tåstrup;77;169
2021-02-19;Lyngby-Taarbæk;305;173
2021-02-19;Rødovre;68;175
2021-02-19;Ishøj;34;183
2021-02-19;Tårnby;58;185
2021-02-19;Vallensbæk;19;187
2021-02-19;Furesø;51;190
2021-02-19;Allerød;62;201
2021-02-19;Fredensborg;69;210
2021-02-19;Helsingør;121;217
2021-02-19;Hillerød;130;219
2021-02-19;Hørsholm;25;223
2021-02-19;Rudersdal;138;230
2021-02-19;Egedal;86;240
2021-02-19;Frederikssund;78;250
2021-02-19;Greve;68;253
2021-02-19;Køge;100;259
2021-02-19;Halsnæs;76;260
2021-02-19;Roskilde;176;265
2021-02-19;Solrød;46;269
2021-02-19;Gribskov;164;270
2021-02-19;Odsherred;102;306
2021-02-19;Holbæk;98;316
2021-02-19;Faxe;73;320
2021-02-19;Kalundborg;29;326
2021-02-19;Ringsted;42;329
2021-02-19;Slagelse;33;330
2021-02-19;Stevns;59;336
2021-02-19;Sorø;19;340
2021-02-19;Lejre;45;350
2021-02-19;Lolland;101;360
2021-02-19;Næstved;177;370
2021-02-19;Guldborgsund;267;376
2021-02-19;Vordingborg;82;390
2021-02-19;Bornholm;55;400
2021-02-19;Middelfart;110;410
2021-02-19;Assens;109;420
2021-02-19;Faaborg-Midtfyn;158;430
2021-02-19;Kerteminde;80;440
2021-02-19;Nyborg;100;450
2021-02-19;Odense;502;461
2021-02-19;Svendborg;136;479
2021-02-19;Nordfyn;59;480
2021-02-19;Langeland;29;482
2021-02-19;Haderslev;87;510
2021-02-19;Billund;99;530
2021-02-19;Sønderborg;227;540
2021-02-19;Tønder;52;550
2021-02-19;Esbjerg;308;561
2021-02-19;Fanø;13;563
2021-02-19;Varde;184;573
2021-02-19;Vejen;145;575
2021-02-19;Aabenraa;117;580
2021-02-19;Fredericia;125;607
2021-02-19;Horsens;224;615
2021-02-19;Kolding;168;621
2021-02-19;Vejle;410;630
2021-02-19;Herning;234;657
2021-02-19;Holstebro;38;661
2021-02-19;Lemvig;7;665
2021-02-19;Struer;11;671
2021-02-19;Syddjurs;61;706
2021-02-19;Norddjurs;35;707
2021-02-19;Favrskov;115;710
2021-02-19;Odder;40;727
2021-02-19;Randers;385;730
2021-02-19;Silkeborg;309;740
2021-02-19;Skanderborg;104;746
2021-02-19;Århus;1005;751
2021-02-19;Ikast-Brande;100;756
2021-02-19;Ringkøbing-Skjern;54;760
2021-02-19;Hedensted;84;766
2021-02-19;Morsø;402;773
2021-02-19;Skive;100;779
2021-02-19;Thisted;70;787
2021-02-19;Viborg;365;791
2021-02-19;Brønderslev;22;810
2021-02-19;Frederikshavn;7;813
2021-02-19;Vesthimmerland;46;820
2021-02-19;Rebild;82;840
2021-02-19;Mariagerfjord;515;846
2021-02-19;Jammerbugt;30;849
2021-02-19;Aalborg;873;851
2021-02-19;Hjørring;14;860
2021-02-20;København;481;101
2021-02-20;Frederiksberg;174;147
2021-02-20;Ballerup;90;151
2021-02-20;Brøndby;99;153
2021-02-20;Dragør;42;155
2021-02-20;Gentofte;159;157
2021-02-20;Gladsaxe;95;159
2021-02-20;Glostrup;59;161
2021-02-20;Herlev;61;163
2021-02-20;Albertslund;57;165
2021-02-20;Hvidovre;71;167
2021-02-20;Høje Tåstrup;110;169
2021-02-20;Lyngby-Taarbæk;104;173
2021-02-20;Rødovre;70;175
2021-02-20;Ishøj;39;183
2021-02-20;Tårnby;85;185
2021-02-20;Vallensbæk;28;187
2021-02-20;Furesø;101;190
2021-02-20;Allerød;57;201
2021-02-20;Fredensborg;73;210
2021-02-20;Helsingør;107;217
2021-02-20;Hillerød;110;219
2021-02-20;Hørsholm;81;223
2021-02-20;Rudersdal;152;230
2021-02-20;Egedal;45;240
2021-02-20;Frederikssund;76;250
2021-02-20;Greve;73;253
2021-02-20;Køge;63;259
2021-02-20;Halsnæs;55;260
2021-02-20;Roskilde;144;265
2021-02-20;Solrød;18;269
2021-02-20;Gribskov;92;270
2021-02-20;Odsherred;22;306
2021-02-20;Holbæk;42;316
2021-02-20;Faxe;41;320
2021-02-20;Kalundborg;68;326
2021-02-20;Ringsted;60;329
2021-02-20;Slagelse;162;330
2021-02-20;Stevns;10;336
2021-02-20;Sorø;36;340
2021-02-20;Lejre;27;350
2021-02-20;Lolland;132;360
2021-02-20;Næstved;133;370
2021-02-20;Guldborgsund;234;376
2021-02-20;Vordingborg;86;390
2021-02-20;Bornholm;75;400
2021-02-20;Middelfart;69;410
2021-02-20;Assens;96;420
2021-02-20;Faaborg-Midtfyn;108;430
2021-02-20;Kerteminde;59;440
2021-02-20;Nyborg;75;450
2021-02-20;Odense;398;461
2021-02-20;Svendborg;138;479
2021-02-20;Nordfyn;68;480
2021-02-20;Langeland;39;482
2021-02-20;Haderslev;95;510
2021-02-20;Billund;109;530
2021-02-20;Sønderborg;104;540
2021-02-20;Tønder;61;550
2021-02-20;Esbjerg;170;561
2021-02-20;Fanø;8;563
2021-02-20;Varde;125;573
2021-02-20;Vejen;123;575
2021-02-20;Aabenraa;132;580
2021-02-20;Fredericia;109;607
2021-02-20;Horsens;11;615
2021-02-20;Kolding;132;621
2021-02-20;Vejle;205;630
2021-02-20;Herning;3;657
2021-02-20;Holstebro;4;661
2021-02-20;Lemvig;2;665
2021-02-20;Syddjurs;41;706
2021-02-20;Norddjurs;10;707
2021-02-20;Favrskov;52;710
2021-02-20;Odder;12;727
2021-02-20;Randers;17;730
2021-02-20;Silkeborg;25;740
2021-02-20;Samsø;3;741
2021-02-20;Skanderborg;57;746
2021-02-20;Århus;821;751
2021-02-20;Ikast-Brande;3;756
2021-02-20;Ringkøbing-Skjern;3;760
2021-02-20;Hedensted;17;766
2021-02-20;Morsø;34;773
2021-02-20;Thisted;574;787
2021-02-20;Viborg;2;791
2021-02-20;Brønderslev;115;810
2021-02-20;Frederikshavn;21;813
2021-02-20;Vesthimmerland;2;820
2021-02-20;Rebild;25;840
2021-02-20;Mariagerfjord;15;846
2021-02-20;Jammerbugt;63;849
2021-02-20;Aalborg;743;851
2021-02-20;Hjørring;858;860
2021-02-21;København;463;101
2021-02-21;Frederiksberg;141;147
2021-02-21;Ballerup;129;151
2021-02-21;Brøndby;93;153
2021-02-21;Dragør;29;155
2021-02-21;Gentofte;153;157
2021-02-21;Gladsaxe;120;159
2021-02-21;Glostrup;38;161
2021-02-21;Herlev;59;163
2021-02-21;Albertslund;35;165
2021-02-21;Hvidovre;106;167
2021-02-21;Høje Tåstrup;94;169
2021-02-21;Lyngby-Taarbæk;141;173
2021-02-21;Rødovre;91;175
2021-02-21;Ishøj;34;183
2021-02-21;Tårnby;45;185
2021-02-21;Vallensbæk;31;187
2021-02-21;Furesø;119;190
2021-02-21;Allerød;58;201
2021-02-21;Fredensborg;100;210
2021-02-21;Helsingør;189;217
2021-02-21;Hillerød;120;219
2021-02-21;Hørsholm;93;223
2021-02-21;Rudersdal;204;230
2021-02-21;Egedal;82;240
2021-02-21;Frederikssund;110;250
2021-02-21;Greve;109;253
2021-02-21;Køge;197;259
2021-02-21;Halsnæs;80;260
2021-02-21;Roskilde;195;265
2021-02-21;Solrød;56;269
2021-02-21;Gribskov;103;270
2021-02-21;Odsherred;83;306
2021-02-21;Holbæk;155;316
2021-02-21;Faxe;104;320
2021-02-21;Kalundborg;76;326
2021-02-21;Ringsted;34;329
2021-02-21;Slagelse;36;330
2021-02-21;Stevns;99;336
2021-02-21;Sorø;22;340
2021-02-21;Lejre;75;350
2021-02-21;Lolland;77;360
2021-02-21;Næstved;228;370
2021-02-21;Guldborgsund;127;376
2021-02-21;Vordingborg;124;390
2021-02-21;Bornholm;67;400
2021-02-21;Middelfart;81;410
2021-02-21;Assens;87;420
2021-02-21;Faaborg-Midtfyn;135;430
2021-02-21;Kerteminde;61;440
2021-02-21;Nyborg;72;450
2021-02-21;Odense;341;461
2021-02-21;Svendborg;135;479
2021-02-21;Nordfyn;85;480
2021-02-21;Langeland;39;482
2021-02-21;Ærø;1;492
2021-02-21;Haderslev;100;510
2021-02-21;Billund;69;530
2021-02-21;Sønderborg;125;540
2021-02-21;Tønder;56;550
2021-02-21;Esbjerg;559;561
2021-02-21;Fanø;15;563
2021-02-21;Varde;252;573
2021-02-21;Vejen;100;575
2021-02-21;Aabenraa;94;580
2021-02-21;Fredericia;88;607
2021-02-21;Horsens;16;615
2021-02-21;Kolding;154;621
2021-02-21;Vejle;192;630
2021-02-21;Herning;1;657
2021-02-21;Syddjurs;31;706
2021-02-21;Norddjurs;4;707
2021-02-21;Favrskov;37;710
2021-02-21;Odder;24;727
2021-02-21;Randers;19;730
2021-02-21;Silkeborg;14;740
2021-02-21;Samsø;1;741
2021-02-21;Skanderborg;49;746
2021-02-21;Århus;803;751
2021-02-21;Ikast-Brande;3;756
2021-02-21;Ringkøbing-Skjern;3;760
2021-02-21;Hedensted;9;766
2021-02-21;Morsø;1;773
2021-02-21;Skive;2;779
2021-02-21;Thisted;3;787
2021-02-21;Viborg;12;791
2021-02-21;Brønderslev;20;810
2021-02-21;Frederikshavn;911;813
2021-02-21;Vesthimmerland;590;820
2021-02-21;Rebild;53;840
2021-02-21;Mariagerfjord;25;846
2021-02-21;Jammerbugt;11;849
2021-02-21;Aalborg;49;851
2021-02-21;Hjørring;17;860
2021-02-22;København;617;101
2021-02-22;Frederiksberg;155;147
2021-02-22;Ballerup;176;151
2021-02-22;Brøndby;83;153
2021-02-22;Dragør;47;155
2021-02-22;Gentofte;154;157
2021-02-22;Gladsaxe;140;159
2021-02-22;Glostrup;68;161
2021-02-22;Herlev;61;163
2021-02-22;Albertslund;71;165
2021-02-22;Hvidovre;114;167
2021-02-22;Høje Tåstrup;99;169
2021-02-22;Lyngby-Taarbæk;141;173
2021-02-22;Rødovre;105;175
2021-02-22;Ishøj;35;183
2021-02-22;Tårnby;96;185
2021-02-22;Vallensbæk;49;187
2021-02-22;Furesø;142;190
2021-02-22;Allerød;64;201
2021-02-22;Fredensborg;90;210
2021-02-22;Helsingør;173;217
2021-02-22;Hillerød;128;219
2021-02-22;Hørsholm;96;223
2021-02-22;Rudersdal;190;230
2021-02-22;Egedal;78;240
2021-02-22;Frederikssund;85;250
2021-02-22;Greve;70;253
2021-02-22;Køge;54;259
2021-02-22;Halsnæs;55;260
2021-02-22;Roskilde;95;265
2021-02-22;Solrød;23;269
2021-02-22;Gribskov;96;270
2021-02-22;Odsherred;65;306
2021-02-22;Holbæk;106;316
2021-02-22;Faxe;39;320
2021-02-22;Kalundborg;175;326
2021-02-22;Ringsted;76;329
2021-02-22;Slagelse;474;330
2021-02-22;Stevns;23;336
2021-02-22;Sorø;109;340
2021-02-22;Lejre;39;350
2021-02-22;Lolland;60;360
2021-02-22;Næstved;116;370
2021-02-22;Guldborgsund;147;376
2021-02-22;Vordingborg;88;390
2021-02-22;Bornholm;159;400
2021-02-22;Middelfart;97;410
2021-02-22;Assens;79;420
2021-02-22;Faaborg-Midtfyn;132;430
2021-02-22;Kerteminde;35;440
2021-02-22;Nyborg;78;450
2021-02-22;Odense;373;461
2021-02-22;Svendborg;211;479
2021-02-22;Nordfyn;59;480
2021-02-22;Langeland;49;482
2021-02-22;Ærø;1;492
2021-02-22;Haderslev;141;510
2021-02-22;Billund;115;530
2021-02-22;Sønderborg;134;540
2021-02-22;Tønder;73;550
2021-02-22;Esbjerg;603;561
2021-02-22;Fanø;26;563
2021-02-22;Varde;331;573
2021-02-22;Vejen;122;575
2021-02-22;Aabenraa;105;580
2021-02-22;Fredericia;289;607
2021-02-22;Horsens;264;615
2021-02-22;Kolding;237;621
2021-02-22;Vejle;362;630
2021-02-22;Herning;409;657
2021-02-22;Holstebro;384;661
2021-02-22;Lemvig;62;665
2021-02-22;Struer;49;671
2021-02-22;Syddjurs;92;706
2021-02-22;Norddjurs;84;707
2021-02-22;Favrskov;92;710
2021-02-22;Odder;38;727
2021-02-22;Randers;298;730
2021-02-22;Silkeborg;259;740
2021-02-22;Samsø;4;741
2021-02-22;Skanderborg;88;746
2021-02-22;Århus;699;751
2021-02-22;Ikast-Brande;102;756
2021-02-22;Ringkøbing-Skjern;87;760
2021-02-22;Hedensted;74;766
2021-02-22;Morsø;5;773
2021-02-22;Skive;64;779
2021-02-22;Thisted;4;787
2021-02-22;Viborg;279;791
2021-02-22;Brønderslev;90;810
2021-02-22;Frederikshavn;142;813
2021-02-22;Vesthimmerland;10;820
2021-02-22;Rebild;13;840
2021-02-22;Mariagerfjord;20;846
2021-02-22;Jammerbugt;43;849
2021-02-22;Aalborg;215;851
2021-02-22;Hjørring;256;860
2021-02-23;København;614;101
2021-02-23;Frederiksberg;155;147
2021-02-23;Ballerup;163;151
2021-02-23;Brøndby;142;153
2021-02-23;Dragør;46;155
2021-02-23;Gentofte;148;157
2021-02-23;Gladsaxe;162;159
2021-02-23;Glostrup;60;161
2021-02-23;Herlev;61;163
2021-02-23;Albertslund;53;165
2021-02-23;Hvidovre;107;167
2021-02-23;Høje Tåstrup;101;169
2021-02-23;Lyngby-Taarbæk;144;173
2021-02-23;Rødovre;93;175
2021-02-23;Ishøj;33;183
2021-02-23;Tårnby;86;185
2021-02-23;Vallensbæk;32;187
2021-02-23;Furesø;128;190
2021-02-23;Allerød;70;201
2021-02-23;Fredensborg;94;210
2021-02-23;Helsingør;159;217
2021-02-23;Hillerød;129;219
2021-02-23;Hørsholm;80;223
2021-02-23;Rudersdal;176;230
2021-02-23;Egedal;95;240
2021-02-23;Frederikssund;123;250
2021-02-23;Greve;87;253
2021-02-23;Køge;174;259
2021-02-23;Halsnæs;76;260
2021-02-23;Roskilde;135;265
2021-02-23;Solrød;48;269
2021-02-23;Gribskov;95;270
2021-02-23;Odsherred;66;306
2021-02-23;Holbæk;148;316
2021-02-23;Faxe;102;320
2021-02-23;Kalundborg;88;326
2021-02-23;Ringsted;71;329
2021-02-23;Slagelse;235;330
2021-02-23;Stevns;69;336
2021-02-23;Sorø;66;340
2021-02-23;Lejre;64;350
2021-02-23;Lolland;79;360
2021-02-23;Næstved;187;370
2021-02-23;Guldborgsund;161;376
2021-02-23;Vordingborg;109;390
2021-02-23;Bornholm;140;400
2021-02-23;Middelfart;352;410
2021-02-23;Assens;66;420
2021-02-23;Faaborg-Midtfyn;80;430
2021-02-23;Kerteminde;46;440
2021-02-23;Nyborg;65;450
2021-02-23;Odense;409;461
2021-02-23;Svendborg;101;479
2021-02-23;Nordfyn;72;480
2021-02-23;Langeland;10;482
2021-02-23;Haderslev;175;510
2021-02-23;Billund;58;530
2021-02-23;Sønderborg;137;540
2021-02-23;Tønder;101;550
2021-02-23;Esbjerg;415;561
2021-02-23;Fanø;13;563
2021-02-23;Varde;198;573
2021-02-23;Vejen;76;575
2021-02-23;Aabenraa;124;580
2021-02-23;Fredericia;97;607
2021-02-23;Horsens;276;615
2021-02-23;Kolding;245;621
2021-02-23;Vejle;284;630
2021-02-23;Herning;393;657
2021-02-23;Holstebro;450;661
2021-02-23;Lemvig;56;665
2021-02-23;Struer;219;671
2021-02-23;Syddjurs;134;706
2021-02-23;Norddjurs;235;707
2021-02-23;Favrskov;130;710
2021-02-23;Odder;43;727
2021-02-23;Randers;337;730
2021-02-23;Silkeborg;363;740
2021-02-23;Samsø;1;741
2021-02-23;Skanderborg;146;746
2021-02-23;Århus;1065;751
2021-02-23;Ikast-Brande;121;756
2021-02-23;Ringkøbing-Skjern;415;760
2021-02-23;Hedensted;239;766
2021-02-23;Morsø;10;773
2021-02-23;Skive;125;779
2021-02-23;Thisted;8;787
2021-02-23;Viborg;356;791
2021-02-23;Brønderslev;21;810
2021-02-23;Frederikshavn;3;813
2021-02-23;Vesthimmerland;15;820
2021-02-23;Rebild;18;840
2021-02-23;Mariagerfjord;34;846
2021-02-23;Jammerbugt;24;849
2021-02-23;Aalborg;259;851
2021-02-23;Hjørring;7;860
2021-02-24;København;764;101
2021-02-24;Frederiksberg;296;147
2021-02-24;Ballerup;157;151
2021-02-24;Brøndby;92;153
2021-02-24;Dragør;27;155
2021-02-24;Gentofte;150;157
2021-02-24;Gladsaxe;142;159
2021-02-24;Glostrup;55;161
2021-02-24;Herlev;84;163
2021-02-24;Albertslund;44;165
2021-02-24;Hvidovre;123;167
2021-02-24;Høje Tåstrup;109;169
2021-02-24;Lyngby-Taarbæk;303;173
2021-02-24;Rødovre;240;175
2021-02-24;Ishøj;41;183
2021-02-24;Tårnby;92;185
2021-02-24;Vallensbæk;77;187
2021-02-24;Furesø;144;190
2021-02-24;Allerød;61;201
2021-02-24;Fredensborg;122;210
2021-02-24;Helsingør;163;217
2021-02-24;Hillerød;104;219
2021-02-24;Hørsholm;113;223
2021-02-24;Rudersdal;197;230
2021-02-24;Egedal;99;240
2021-02-24;Frederikssund;165;250
2021-02-24;Greve;103;253
2021-02-24;Køge;79;259
2021-02-24;Halsnæs;80;260
2021-02-24;Roskilde;105;265
2021-02-24;Solrød;42;269
2021-02-24;Gribskov;84;270
2021-02-24;Odsherred;114;306
2021-02-24;Holbæk;168;316
2021-02-24;Faxe;66;320
2021-02-24;Kalundborg;117;326
2021-02-24;Ringsted;54;329
2021-02-24;Slagelse;287;330
2021-02-24;Stevns;47;336
2021-02-24;Sorø;70;340
2021-02-24;Lejre;47;350
2021-02-24;Lolland;108;360
2021-02-24;Næstved;156;370
2021-02-24;Guldborgsund;192;376
2021-02-24;Vordingborg;116;390
2021-02-24;Bornholm;139;400
2021-02-24;Middelfart;77;410
2021-02-24;Assens;70;420
2021-02-24;Faaborg-Midtfyn;178;430
2021-02-24;Kerteminde;72;440
2021-02-24;Nyborg;134;450
2021-02-24;Odense;530;461
2021-02-24;Svendborg;232;479
2021-02-24;Nordfyn;104;480
2021-02-24;Langeland;46;482
2021-02-24;Ærø;68;492
2021-02-24;Haderslev;120;510
2021-02-24;Billund;19;530
2021-02-24;Sønderborg;162;540
2021-02-24;Tønder;92;550
2021-02-24;Esbjerg;349;561
2021-02-24;Fanø;13;563
2021-02-24;Varde;151;573
2021-02-24;Vejen;76;575
2021-02-24;Aabenraa;144;580
2021-02-24;Fredericia;91;607
2021-02-24;Horsens;305;615
2021-02-24;Kolding;154;621
2021-02-24;Vejle;193;630
2021-02-24;Herning;22;657
2021-02-24;Holstebro;22;661
2021-02-24;Lemvig;15;665
2021-02-24;Struer;151;671
2021-02-24;Syddjurs;278;706
2021-02-24;Norddjurs;195;707
2021-02-24;Favrskov;107;710
2021-02-24;Odder;122;727
2021-02-24;Randers;361;730
2021-02-24;Silkeborg;329;740
2021-02-24;Samsø;1;741
2021-02-24;Skanderborg;302;746
2021-02-24;Århus;819;751
2021-02-24;Ikast-Brande;20;756
2021-02-24;Ringkøbing-Skjern;24;760
2021-02-24;Hedensted;106;766
2021-02-24;Morsø;27;773
2021-02-24;Skive;101;779
2021-02-24;Thisted;63;787
2021-02-24;Viborg;331;791
2021-02-24;Brønderslev;7;810
2021-02-24;Frederikshavn;7;813
2021-02-24;Vesthimmerland;88;820
2021-02-24;Rebild;75;840
2021-02-24;Mariagerfjord;217;846
2021-02-24;Jammerbugt;11;849
2021-02-24;Aalborg;93;851
2021-02-24;Hjørring;6;860
2021-02-25;København;1590;101
2021-02-25;Frederiksberg;242;147
2021-02-25;Ballerup;125;151
2021-02-25;Brøndby;119;153
2021-02-25;Dragør;24;155
2021-02-25;Gentofte;211;157
2021-02-25;Gladsaxe;280;159
2021-02-25;Glostrup;81;161
2021-02-25;Herlev;79;163
2021-02-25;Albertslund;80;165
2021-02-25;Hvidovre;277;167
2021-02-25;Høje Tåstrup;115;169
2021-02-25;Lyngby-Taarbæk;138;173
2021-02-25;Rødovre;93;175
2021-02-25;Ishøj;98;183
2021-02-25;Tårnby;284;185
2021-02-25;Vallensbæk;61;187
2021-02-25;Furesø;97;190
2021-02-25;Allerød;254;201
2021-02-25;Fredensborg;117;210
2021-02-25;Helsingør;348;217
2021-02-25;Hillerød;203;219
2021-02-25;Hørsholm;85;223
2021-02-25;Rudersdal;136;230
2021-02-25;Egedal;264;240
2021-02-25;Frederikssund;201;250
2021-02-25;Greve;79;253
2021-02-25;Køge;57;259
2021-02-25;Halsnæs;255;260
2021-02-25;Roskilde;128;265
2021-02-25;Solrød;24;269
2021-02-25;Gribskov;146;270
2021-02-25;Odsherred;48;306
2021-02-25;Holbæk;97;316
2021-02-25;Faxe;50;320
2021-02-25;Kalundborg;98;326
2021-02-25;Ringsted;34;329
2021-02-25;Slagelse;233;330
2021-02-25;Stevns;35;336
2021-02-25;Sorø;62;340
2021-02-25;Lejre;47;350
2021-02-25;Lolland;86;360
2021-02-25;Næstved;170;370
2021-02-25;Guldborgsund;134;376
2021-02-25;Vordingborg;93;390
2021-02-25;Bornholm;101;400
2021-02-25;Middelfart;75;410
2021-02-25;Assens;103;420
2021-02-25;Faaborg-Midtfyn;187;430
2021-02-25;Kerteminde;73;440
2021-02-25;Nyborg;96;450
2021-02-25;Odense;484;461
2021-02-25;Svendborg;165;479
2021-02-25;Nordfyn;86;480
2021-02-25;Langeland;57;482
2021-02-25;Ærø;67;492
2021-02-25;Haderslev;118;510
2021-02-25;Billund;19;530
2021-02-25;Sønderborg;246;540
2021-02-25;Tønder;89;550
2021-02-25;Esbjerg;229;561
2021-02-25;Fanø;6;563
2021-02-25;Varde;102;573
2021-02-25;Vejen;64;575
2021-02-25;Aabenraa;102;580
2021-02-25;Fredericia;89;607
2021-02-25;Horsens;259;615
2021-02-25;Kolding;136;621
2021-02-25;Vejle;155;630
2021-02-25;Herning;17;657
2021-02-25;Holstebro;15;661
2021-02-25;Lemvig;7;665
2021-02-25;Struer;14;671
2021-02-25;Syddjurs;54;706
2021-02-25;Norddjurs;51;707
2021-02-25;Favrskov;219;710
2021-02-25;Odder;45;727
2021-02-25;Randers;267;730
2021-02-25;Silkeborg;124;740
2021-02-25;Samsø;1;741
2021-02-25;Skanderborg;110;746
2021-02-25;Århus;582;751
2021-02-25;Ikast-Brande;18;756
2021-02-25;Ringkøbing-Skjern;29;760
2021-02-25;Hedensted;88;766
2021-02-25;Morsø;110;773
2021-02-25;Skive;62;779
2021-02-25;Thisted;222;787
2021-02-25;Viborg;142;791
2021-02-25;Brønderslev;45;810
2021-02-25;Frederikshavn;18;813
2021-02-25;Vesthimmerland;477;820
2021-02-25;Læsø;1;825
2021-02-25;Rebild;113;840
2021-02-25;Mariagerfjord;49;846
2021-02-25;Jammerbugt;217;849
2021-02-25;Aalborg;674;851
2021-02-25;Hjørring;23;860
2021-02-26;København;3380;101
2021-02-26;Frederiksberg;591;147
2021-02-26;Ballerup;292;151
2021-02-26;Brøndby;99;153
2021-02-26;Dragør;42;155
2021-02-26;Gentofte;407;157
2021-02-26;Gladsaxe;450;159
2021-02-26;Glostrup;76;161
2021-02-26;Herlev;171;163
2021-02-26;Albertslund;82;165
2021-02-26;Hvidovre;223;167
2021-02-26;Høje Tåstrup;111;169
2021-02-26;Lyngby-Taarbæk;318;173
2021-02-26;Rødovre;177;175
2021-02-26;Ishøj;24;183
2021-02-26;Tårnby;132;185
2021-02-26;Vallensbæk;36;187
2021-02-26;Furesø;218;190
2021-02-26;Allerød;123;201
2021-02-26;Fredensborg;171;210
2021-02-26;Helsingør;264;217
2021-02-26;Hillerød;187;219
2021-02-26;Hørsholm;100;223
2021-02-26;Rudersdal;269;230
2021-02-26;Egedal;259;240
2021-02-26;Frederikssund;274;250
2021-02-26;Greve;107;253
2021-02-26;Køge;200;259
2021-02-26;Halsnæs;133;260
2021-02-26;Roskilde;234;265
2021-02-26;Solrød;57;269
2021-02-26;Gribskov;149;270
2021-02-26;Odsherred;236;306
2021-02-26;Holbæk;436;316
2021-02-26;Faxe;258;320
2021-02-26;Kalundborg;240;326
2021-02-26;Ringsted;155;329
2021-02-26;Slagelse;331;330
2021-02-26;Stevns;112;336
2021-02-26;Sorø;171;340
2021-02-26;Lejre;127;350
2021-02-26;Lolland;182;360
2021-02-26;Næstved;746;370
2021-02-26;Guldborgsund;232;376
2021-02-26;Vordingborg;409;390
2021-02-26;Bornholm;100;400
2021-02-26;Middelfart;280;410
2021-02-26;Assens;303;420
2021-02-26;Faaborg-Midtfyn;344;430
2021-02-26;Kerteminde;217;440
2021-02-26;Nyborg;244;450
2021-02-26;Odense;1443;461
2021-02-26;Svendborg;326;479
2021-02-26;Nordfyn;276;480
2021-02-26;Langeland;98;482
2021-02-26;Ærø;3;492
2021-02-26;Haderslev;403;510
2021-02-26;Billund;212;530
2021-02-26;Sønderborg;482;540
2021-02-26;Tønder;242;550
2021-02-26;Esbjerg;766;561
2021-02-26;Fanø;23;563
2021-02-26;Varde;383;573
2021-02-26;Vejen;252;575
2021-02-26;Aabenraa;450;580
2021-02-26;Fredericia;420;607
2021-02-26;Horsens;485;615
2021-02-26;Kolding;457;621
2021-02-26;Vejle;1002;630
2021-02-26;Herning;598;657
2021-02-26;Holstebro;330;661
2021-02-26;Lemvig;249;665
2021-02-26;Struer;94;671
2021-02-26;Syddjurs;252;706
2021-02-26;Norddjurs;184;707
2021-02-26;Favrskov;303;710
2021-02-26;Odder;150;727
2021-02-26;Randers;810;730
2021-02-26;Silkeborg;631;740
2021-02-26;Samsø;7;741
2021-02-26;Skanderborg;517;746
2021-02-26;Århus;1970;751
2021-02-26;Ikast-Brande;245;756
2021-02-26;Ringkøbing-Skjern;371;760
2021-02-26;Hedensted;207;766
2021-02-26;Morsø;9;773
2021-02-26;Skive;284;779
2021-02-26;Thisted;15;787
2021-02-26;Viborg;771;791
2021-02-26;Brønderslev;449;810
2021-02-26;Frederikshavn;88;813
2021-02-26;Vesthimmerland;107;820
2021-02-26;Læsø;2;825
2021-02-26;Rebild;213;840
2021-02-26;Mariagerfjord;136;846
2021-02-26;Jammerbugt;409;849
2021-02-26;Aalborg;2811;851
2021-02-26;Hjørring;1050;860
2021-02-27;København;708;101
2021-02-27;Frederiksberg;134;147
2021-02-27;Ballerup;44;151
2021-02-27;Brøndby;91;153
2021-02-27;Dragør;36;155
2021-02-27;Gentofte;71;157
2021-02-27;Gladsaxe;52;159
2021-02-27;Glostrup;40;161
2021-02-27;Herlev;57;163
2021-02-27;Albertslund;41;165
2021-02-27;Hvidovre;134;167
2021-02-27;Høje Tåstrup;97;169
2021-02-27;Lyngby-Taarbæk;60;173
2021-02-27;Rødovre;51;175
2021-02-27;Ishøj;50;183
2021-02-27;Tårnby;183;185
2021-02-27;Vallensbæk;35;187
2021-02-27;Furesø;35;190
2021-02-27;Allerød;61;201
2021-02-27;Fredensborg;122;210
2021-02-27;Helsingør;128;217
2021-02-27;Hillerød;135;219
2021-02-27;Hørsholm;81;223
2021-02-27;Rudersdal;119;230
2021-02-27;Egedal;39;240
2021-02-27;Frederikssund;113;250
2021-02-27;Greve;108;253
2021-02-27;Køge;45;259
2021-02-27;Halsnæs;111;260
2021-02-27;Roskilde;81;265
2021-02-27;Solrød;23;269
2021-02-27;Gribskov;125;270
2021-02-27;Odsherred;69;306
2021-02-27;Holbæk;82;316
2021-02-27;Faxe;20;320
2021-02-27;Kalundborg;40;326
2021-02-27;Ringsted;25;329
2021-02-27;Slagelse;81;330
2021-02-27;Stevns;13;336
2021-02-27;Sorø;39;340
2021-02-27;Lejre;26;350
2021-02-27;Lolland;37;360
2021-02-27;Næstved;78;370
2021-02-27;Guldborgsund;48;376
2021-02-27;Vordingborg;38;390
2021-02-27;Bornholm;87;400
2021-02-27;Middelfart;78;410
2021-02-27;Assens;37;420
2021-02-27;Faaborg-Midtfyn;49;430
2021-02-27;Kerteminde;24;440
2021-02-27;Nyborg;25;450
2021-02-27;Odense;179;461
2021-02-27;Svendborg;22;479
2021-02-27;Nordfyn;27;480
2021-02-27;Langeland;6;482
2021-02-27;Haderslev;76;510
2021-02-27;Billund;53;530
2021-02-27;Sønderborg;97;540
2021-02-27;Tønder;51;550
2021-02-27;Esbjerg;307;561
2021-02-27;Fanø;12;563
2021-02-27;Varde;127;573
2021-02-27;Vejen;156;575
2021-02-27;Aabenraa;61;580
2021-02-27;Fredericia;123;607
2021-02-27;Horsens;10;615
2021-02-27;Kolding;297;621
2021-02-27;Vejle;117;630
2021-02-27;Herning;4;657
2021-02-27;Syddjurs;42;706
2021-02-27;Norddjurs;18;707
2021-02-27;Favrskov;23;710
2021-02-27;Odder;23;727
2021-02-27;Randers;2;730
2021-02-27;Silkeborg;7;740
2021-02-27;Samsø;1;741
2021-02-27;Skanderborg;50;746
2021-02-27;Århus;475;751
2021-02-27;Ikast-Brande;4;756
2021-02-27;Ringkøbing-Skjern;5;760
2021-02-27;Hedensted;12;766
2021-02-27;Skive;1;779
2021-02-27;Thisted;2;787
2021-02-27;Viborg;2;791
2021-02-27;Brønderslev;1;810
2021-02-27;Jammerbugt;1;849
2021-02-27;Aalborg;7;851
2021-02-28;København;1010;101
2021-02-28;Frederiksberg;204;147
2021-02-28;Ballerup;163;151
2021-02-28;Brøndby;84;153
2021-02-28;Dragør;45;155
2021-02-28;Gentofte;235;157
2021-02-28;Gladsaxe;239;159
2021-02-28;Glostrup;58;161
2021-02-28;Herlev;121;163
2021-02-28;Albertslund;64;165
2021-02-28;Hvidovre;145;167
2021-02-28;Høje Tåstrup;108;169
2021-02-28;Lyngby-Taarbæk;169;173
2021-02-28;Rødovre;129;175
2021-02-28;Ishøj;32;183
2021-02-28;Tårnby;95;185
2021-02-28;Vallensbæk;27;187
2021-02-28;Furesø;192;190
2021-02-28;Allerød;106;201
2021-02-28;Fredensborg;126;210
2021-02-28;Helsingør;211;217
2021-02-28;Hillerød;162;219
2021-02-28;Hørsholm;72;223
2021-02-28;Rudersdal;185;230
2021-02-28;Egedal;164;240
2021-02-28;Frederikssund;130;250
2021-02-28;Greve;105;253
2021-02-28;Køge;55;259
2021-02-28;Halsnæs;106;260
2021-02-28;Roskilde;144;265
2021-02-28;Solrød;49;269
2021-02-28;Gribskov;158;270
2021-02-28;Odsherred;46;306
2021-02-28;Holbæk;83;316
2021-02-28;Faxe;26;320
2021-02-28;Kalundborg;41;326
2021-02-28;Ringsted;28;329
2021-02-28;Slagelse;65;330
2021-02-28;Stevns;20;336
2021-02-28;Sorø;41;340
2021-02-28;Lejre;44;350
2021-02-28;Lolland;6;360
2021-02-28;Næstved;88;370
2021-02-28;Guldborgsund;19;376
2021-02-28;Vordingborg;30;390
2021-02-28;Bornholm;97;400
2021-02-28;Middelfart;74;410
2021-02-28;Assens;79;420
2021-02-28;Faaborg-Midtfyn;108;430
2021-02-28;Kerteminde;36;440
2021-02-28;Nyborg;42;450
2021-02-28;Odense;305;461
2021-02-28;Svendborg;97;479
2021-02-28;Nordfyn;41;480
2021-02-28;Langeland;27;482
2021-02-28;Ærø;4;492
2021-02-28;Haderslev;107;510
2021-02-28;Billund;33;530
2021-02-28;Sønderborg;153;540
2021-02-28;Tønder;54;550
2021-02-28;Esbjerg;61;561
2021-02-28;Fanø;4;563
2021-02-28;Varde;40;573
2021-02-28;Vejen;86;575
2021-02-28;Aabenraa;76;580
2021-02-28;Fredericia;126;607
2021-02-28;Horsens;19;615
2021-02-28;Kolding;303;621
2021-02-28;Vejle;128;630
2021-02-28;Herning;7;657
2021-02-28;Holstebro;8;661
2021-02-28;Lemvig;13;665
2021-02-28;Struer;17;671
2021-02-28;Syddjurs;37;706
2021-02-28;Norddjurs;12;707
2021-02-28;Favrskov;21;710
2021-02-28;Odder;22;727
2021-02-28;Randers;96;730
2021-02-28;Silkeborg;13;740
2021-02-28;Samsø;2;741
2021-02-28;Skanderborg;48;746
2021-02-28;Århus;385;751
2021-02-28;Ikast-Brande;2;756
2021-02-28;Ringkøbing-Skjern;5;760
2021-02-28;Hedensted;13;766
2021-02-28;Morsø;176;773
2021-02-28;Skive;92;779
2021-02-28;Thisted;417;787
2021-02-28;Viborg;160;791
2021-02-28;Brønderslev;101;810
2021-02-28;Frederikshavn;579;813
2021-02-28;Vesthimmerland;78;820
2021-02-28;Læsø;1;825
2021-02-28;Rebild;80;840
2021-02-28;Mariagerfjord;342;846
2021-02-28;Jammerbugt;103;849
2021-02-28;Aalborg;157;851
2021-02-28;Hjørring;141;860
2021-03-01;København;1350;101
2021-03-01;Frederiksberg;322;147
2021-03-01;Ballerup;215;151
2021-03-01;Brøndby;171;153
2021-03-01;Dragør;56;155
2021-03-01;Gentofte;314;157
2021-03-01;Gladsaxe;254;159
2021-03-01;Glostrup;81;161
2021-03-01;Herlev;112;163
2021-03-01;Albertslund;105;165
2021-03-01;Hvidovre;299;167
2021-03-01;Høje Tåstrup;178;169
2021-03-01;Lyngby-Taarbæk;218;173
2021-03-01;Rødovre;123;175
2021-03-01;Ishøj;67;183
2021-03-01;Tårnby;184;185
2021-03-01;Vallensbæk;58;187
2021-03-01;Furesø;189;190
2021-03-01;Allerød;73;201
2021-03-01;Fredensborg;160;210
2021-03-01;Helsingør;224;217
2021-03-01;Hillerød;220;219
2021-03-01;Hørsholm;104;223
2021-03-01;Rudersdal;251;230
2021-03-01;Egedal;156;240
2021-03-01;Frederikssund;144;250
2021-03-01;Greve;198;253
2021-03-01;Køge;202;259
2021-03-01;Halsnæs;125;260
2021-03-01;Roskilde;403;265
2021-03-01;Solrød;99;269
2021-03-01;Gribskov;176;270
2021-03-01;Odsherred;103;306
2021-03-01;Holbæk;222;316
2021-03-01;Faxe;107;320
2021-03-01;Kalundborg;132;326
2021-03-01;Ringsted;69;329
2021-03-01;Slagelse;219;330
2021-03-01;Stevns;118;336
2021-03-01;Sorø;129;340
2021-03-01;Lejre;113;350
2021-03-01;Lolland;69;360
2021-03-01;Næstved;129;370
2021-03-01;Guldborgsund;129;376
2021-03-01;Vordingborg;68;390
2021-03-01;Bornholm;172;400
2021-03-01;Middelfart;187;410
2021-03-01;Assens;137;420
2021-03-01;Faaborg-Midtfyn;116;430
2021-03-01;Kerteminde;54;440
2021-03-01;Nyborg;99;450
2021-03-01;Odense;605;461
2021-03-01;Svendborg;95;479
2021-03-01;Nordfyn;103;480
2021-03-01;Langeland;28;482
2021-03-01;Ærø;3;492
2021-03-01;Haderslev;122;510
2021-03-01;Billund;88;530
2021-03-01;Sønderborg;180;540
2021-03-01;Tønder;70;550
2021-03-01;Esbjerg;227;561
2021-03-01;Fanø;20;563
2021-03-01;Varde;110;573
2021-03-01;Vejen;149;575
2021-03-01;Aabenraa;100;580
2021-03-01;Fredericia;252;607
2021-03-01;Horsens;236;615
2021-03-01;Kolding;423;621
2021-03-01;Vejle;555;630
2021-03-01;Herning;386;657
2021-03-01;Holstebro;357;661
2021-03-01;Lemvig;84;665
2021-03-01;Struer;125;671
2021-03-01;Syddjurs;139;706
2021-03-01;Norddjurs;76;707
2021-03-01;Favrskov;141;710
2021-03-01;Odder;67;727
2021-03-01;Randers;422;730
2021-03-01;Silkeborg;294;740
2021-03-01;Samsø;4;741
2021-03-01;Skanderborg;182;746
2021-03-01;Århus;805;751
2021-03-01;Ikast-Brande;167;756
2021-03-01;Ringkøbing-Skjern;221;760
2021-03-01;Hedensted;103;766
2021-03-01;Morsø;191;773
2021-03-01;Skive;196;779
2021-03-01;Thisted;322;787
2021-03-01;Viborg;366;791
2021-03-01;Brønderslev;123;810
2021-03-01;Frederikshavn;288;813
2021-03-01;Vesthimmerland;71;820
2021-03-01;Læsø;1;825
2021-03-01;Rebild;112;840
2021-03-01;Mariagerfjord;354;846
2021-03-01;Jammerbugt;145;849
2021-03-01;Aalborg;864;851
2021-03-01;Hjørring;139;860
2021-03-02;København;2027;101
2021-03-02;Frederiksberg;298;147
2021-03-02;Ballerup;184;151
2021-03-02;Brøndby;205;153
2021-03-02;Dragør;36;155
2021-03-02;Gentofte;240;157
2021-03-02;Gladsaxe;263;159
2021-03-02;Glostrup;80;161
2021-03-02;Herlev;121;163
2021-03-02;Albertslund;85;165
2021-03-02;Hvidovre;232;167
2021-03-02;Høje Tåstrup;129;169
2021-03-02;Lyngby-Taarbæk;195;173
2021-03-02;Rødovre;134;175
2021-03-02;Ishøj;67;183
2021-03-02;Tårnby;184;185
2021-03-02;Vallensbæk;54;187
2021-03-02;Furesø;131;190
2021-03-02;Allerød;81;201
2021-03-02;Fredensborg;160;210
2021-03-02;Helsingør;296;217
2021-03-02;Hillerød;262;219
2021-03-02;Hørsholm;101;223
2021-03-02;Rudersdal;214;230
2021-03-02;Egedal;145;240
2021-03-02;Frederikssund;161;250
2021-03-02;Greve;150;253
2021-03-02;Køge;121;259
2021-03-02;Halsnæs;157;260
2021-03-02;Roskilde;176;265
2021-03-02;Solrød;46;269
2021-03-02;Gribskov;200;270
2021-03-02;Odsherred;34;306
2021-03-02;Holbæk;77;316
2021-03-02;Faxe;83;320
2021-03-02;Kalundborg;55;326
2021-03-02;Ringsted;46;329
2021-03-02;Slagelse;111;330
2021-03-02;Stevns;53;336
2021-03-02;Sorø;37;340
2021-03-02;Lejre;44;350
2021-03-02;Lolland;40;360
2021-03-02;Næstved;156;370
2021-03-02;Guldborgsund;54;376
2021-03-02;Vordingborg;76;390
2021-03-02;Bornholm;196;400
2021-03-02;Middelfart;130;410
2021-03-02;Assens;112;420
2021-03-02;Faaborg-Midtfyn;106;430
2021-03-02;Kerteminde;58;440
2021-03-02;Nyborg;81;450
2021-03-02;Odense;483;461
2021-03-02;Svendborg;86;479
2021-03-02;Nordfyn;74;480
2021-03-02;Langeland;15;482
2021-03-02;Ærø;2;492
2021-03-02;Haderslev;160;510
2021-03-02;Billund;45;530
2021-03-02;Sønderborg;126;540
2021-03-02;Tønder;81;550
2021-03-02;Esbjerg;290;561
2021-03-02;Fanø;17;563
2021-03-02;Varde;128;573
2021-03-02;Vejen;154;575
2021-03-02;Aabenraa;121;580
2021-03-02;Fredericia;166;607
2021-03-02;Horsens;237;615
2021-03-02;Kolding;239;621
2021-03-02;Vejle;303;630
2021-03-02;Herning;466;657
2021-03-02;Holstebro;371;661
2021-03-02;Lemvig;81;665
2021-03-02;Struer;123;671
2021-03-02;Syddjurs;90;706
2021-03-02;Norddjurs;69;707
2021-03-02;Favrskov;134;710
2021-03-02;Odder;100;727
2021-03-02;Randers;243;730
2021-03-02;Silkeborg;302;740
2021-03-02;Skanderborg;205;746
2021-03-02;Århus;1203;751
2021-03-02;Ikast-Brande;190;756
2021-03-02;Ringkøbing-Skjern;245;760
2021-03-02;Hedensted;99;766
2021-03-02;Morsø;11;773
2021-03-02;Skive;205;779
2021-03-02;Thisted;25;787
2021-03-02;Viborg;377;791
2021-03-02;Brønderslev;22;810
2021-03-02;Frederikshavn;21;813
2021-03-02;Vesthimmerland;134;820
2021-03-02;Rebild;53;840
2021-03-02;Mariagerfjord;56;846
2021-03-02;Jammerbugt;31;849
2021-03-02;Aalborg;291;851
2021-03-02;Hjørring;108;860
2021-03-03;København;1486;101
2021-03-03;Frederiksberg;268;147
2021-03-03;Ballerup;89;151
2021-03-03;Brøndby;56;153
2021-03-03;Dragør;26;155
2021-03-03;Gentofte;223;157
2021-03-03;Gladsaxe;161;159
2021-03-03;Glostrup;50;161
2021-03-03;Herlev;67;163
2021-03-03;Albertslund;36;165
2021-03-03;Hvidovre;98;167
2021-03-03;Høje Tåstrup;88;169
2021-03-03;Lyngby-Taarbæk;123;173
2021-03-03;Rødovre;239;175
2021-03-03;Ishøj;35;183
2021-03-03;Tårnby;98;185
2021-03-03;Vallensbæk;26;187
2021-03-03;Furesø;102;190
2021-03-03;Allerød;51;201
2021-03-03;Fredensborg;85;210
2021-03-03;Helsingør;193;217
2021-03-03;Hillerød;148;219
2021-03-03;Hørsholm;55;223
2021-03-03;Rudersdal;148;230
2021-03-03;Egedal;85;240
2021-03-03;Frederikssund;95;250
2021-03-03;Greve;84;253
2021-03-03;Køge;78;259
2021-03-03;Halsnæs;73;260
2021-03-03;Roskilde;188;265
2021-03-03;Solrød;54;269
2021-03-03;Gribskov;94;270
2021-03-03;Odsherred;72;306
2021-03-03;Holbæk;142;316
2021-03-03;Faxe;63;320
2021-03-03;Kalundborg;65;326
2021-03-03;Ringsted;62;329
2021-03-03;Slagelse;140;330
2021-03-03;Stevns;41;336
2021-03-03;Sorø;77;340
2021-03-03;Lejre;58;350
2021-03-03;Lolland;71;360
2021-03-03;Næstved;209;370
2021-03-03;Guldborgsund;308;376
2021-03-03;Vordingborg;80;390
2021-03-03;Bornholm;179;400
2021-03-03;Middelfart;86;410
2021-03-03;Assens;91;420
2021-03-03;Faaborg-Midtfyn;166;430
2021-03-03;Kerteminde;52;440
2021-03-03;Nyborg;79;450
2021-03-03;Odense;567;461
2021-03-03;Svendborg;177;479
2021-03-03;Nordfyn;80;480
2021-03-03;Langeland;46;482
2021-03-03;Ærø;1;492
2021-03-03;Haderslev;134;510
2021-03-03;Billund;61;530
2021-03-03;Sønderborg;129;540
2021-03-03;Tønder;96;550
2021-03-03;Esbjerg;348;561
2021-03-03;Fanø;9;563
2021-03-03;Varde;112;573
2021-03-03;Vejen;118;575
2021-03-03;Aabenraa;118;580
2021-03-03;Fredericia;112;607
2021-03-03;Horsens;233;615
2021-03-03;Kolding;153;621
2021-03-03;Vejle;165;630
2021-03-03;Herning;45;657
2021-03-03;Holstebro;56;661
2021-03-03;Lemvig;21;665
2021-03-03;Struer;14;671
2021-03-03;Syddjurs;117;706
2021-03-03;Norddjurs;66;707
2021-03-03;Favrskov;183;710
2021-03-03;Odder;67;727
2021-03-03;Randers;205;730
2021-03-03;Silkeborg;263;740
2021-03-03;Samsø;2;741
2021-03-03;Skanderborg;180;746
2021-03-03;Århus;953;751
2021-03-03;Ikast-Brande;38;756
2021-03-03;Ringkøbing-Skjern;71;760
2021-03-03;Hedensted;81;766
2021-03-03;Morsø;14;773
2021-03-03;Skive;118;779
2021-03-03;Thisted;33;787
2021-03-03;Viborg;254;791
2021-03-03;Brønderslev;39;810
2021-03-03;Frederikshavn;218;813
2021-03-03;Vesthimmerland;15;820
2021-03-03;Læsø;2;825
2021-03-03;Rebild;33;840
2021-03-03;Mariagerfjord;12;846
2021-03-03;Jammerbugt;38;849
2021-03-03;Aalborg;248;851
2021-03-03;Hjørring;82;860
2021-03-04;København;2943;101
2021-03-04;Frederiksberg;442;147
2021-03-04;Ballerup;246;151
2021-03-04;Brøndby;96;153
2021-03-04;Dragør;41;155
2021-03-04;Gentofte;372;157
2021-03-04;Gladsaxe;455;159
2021-03-04;Glostrup;97;161
2021-03-04;Herlev;133;163
2021-03-04;Albertslund;96;165
2021-03-04;Hvidovre;200;167
2021-03-04;Høje Tåstrup;167;169
2021-03-04;Lyngby-Taarbæk;219;173
2021-03-04;Rødovre;227;175
2021-03-04;Ishøj;57;183
2021-03-04;Tårnby;194;185
2021-03-04;Vallensbæk;44;187
2021-03-04;Furesø;178;190
2021-03-04;Allerød;104;201
2021-03-04;Fredensborg;137;210
2021-03-04;Helsingør;268;217
2021-03-04;Hillerød;250;219
2021-03-04;Hørsholm;80;223
2021-03-04;Rudersdal;246;230
2021-03-04;Egedal;156;240
2021-03-04;Frederikssund;155;250
2021-03-04;Greve;184;253
2021-03-04;Køge;148;259
2021-03-04;Halsnæs;99;260
2021-03-04;Roskilde;291;265
2021-03-04;Solrød;74;269
2021-03-04;Gribskov;152;270
2021-03-04;Odsherred;68;306
2021-03-04;Holbæk;125;316
2021-03-04;Faxe;68;320
2021-03-04;Kalundborg;50;326
2021-03-04;Ringsted;56;329
2021-03-04;Slagelse;134;330
2021-03-04;Stevns;53;336
2021-03-04;Sorø;58;340
2021-03-04;Lejre;75;350
2021-03-04;Lolland;126;360
2021-03-04;Næstved;172;370
2021-03-04;Guldborgsund;215;376
2021-03-04;Vordingborg;101;390
2021-03-04;Bornholm;223;400
2021-03-04;Middelfart;89;410
2021-03-04;Assens;102;420
2021-03-04;Faaborg-Midtfyn;127;430
2021-03-04;Kerteminde;71;440
2021-03-04;Nyborg;115;450
2021-03-04;Odense;525;461
2021-03-04;Svendborg;134;479
2021-03-04;Nordfyn;84;480
2021-03-04;Langeland;46;482
2021-03-04;Ærø;76;492
2021-03-04;Haderslev;112;510
2021-03-04;Billund;70;530
2021-03-04;Sønderborg;153;540
2021-03-04;Tønder;93;550
2021-03-04;Esbjerg;512;561
2021-03-04;Fanø;14;563
2021-03-04;Varde;157;573
2021-03-04;Vejen;101;575
2021-03-04;Aabenraa;84;580
2021-03-04;Fredericia;78;607
2021-03-04;Horsens;160;615
2021-03-04;Kolding;129;621
2021-03-04;Vejle;157;630
2021-03-04;Herning;486;657
2021-03-04;Holstebro;314;661
2021-03-04;Lemvig;45;665
2021-03-04;Struer;74;671
2021-03-04;Syddjurs;156;706
2021-03-04;Norddjurs;56;707
2021-03-04;Favrskov;115;710
2021-03-04;Odder;68;727
2021-03-04;Randers;226;730
2021-03-04;Silkeborg;295;740
2021-03-04;Samsø;2;741
2021-03-04;Skanderborg;132;746
2021-03-04;Århus;720;751
2021-03-04;Ikast-Brande;124;756
2021-03-04;Ringkøbing-Skjern;196;760
2021-03-04;Hedensted;73;766
2021-03-04;Morsø;25;773
2021-03-04;Skive;130;779
2021-03-04;Thisted;60;787
2021-03-04;Viborg;300;791
2021-03-04;Brønderslev;22;810
2021-03-04;Frederikshavn;56;813
2021-03-04;Vesthimmerland;59;820
2021-03-04;Læsø;76;825
2021-03-04;Rebild;16;840
2021-03-04;Mariagerfjord;64;846
2021-03-04;Jammerbugt;21;849
2021-03-04;Aalborg;64;851
2021-03-04;Hjørring;43;860
2021-03-05;København;1434;101
2021-03-05;Frederiksberg;268;147
2021-03-05;Ballerup;84;151
2021-03-05;Brøndby;76;153
2021-03-05;Dragør;33;155
2021-03-05;Gentofte;148;157
2021-03-05;Gladsaxe;117;159
2021-03-05;Glostrup;41;161
2021-03-05;Herlev;74;163
2021-03-05;Albertslund;41;165
2021-03-05;Hvidovre;154;167
2021-03-05;Høje Tåstrup;159;169
2021-03-05;Lyngby-Taarbæk;139;173
2021-03-05;Rødovre;69;175
2021-03-05;Ishøj;36;183
2021-03-05;Tårnby;91;185
2021-03-05;Vallensbæk;106;187
2021-03-05;Furesø;72;190
2021-03-05;Allerød;66;201
2021-03-05;Fredensborg;123;210
2021-03-05;Helsingør;170;217
2021-03-05;Hillerød;190;219
2021-03-05;Hørsholm;59;223
2021-03-05;Rudersdal;218;230
2021-03-05;Egedal;80;240
2021-03-05;Frederikssund;163;250
2021-03-05;Greve;133;253
2021-03-05;Køge;123;259
2021-03-05;Halsnæs;86;260
2021-03-05;Roskilde;279;265
2021-03-05;Solrød;51;269
2021-03-05;Gribskov;109;270
2021-03-05;Odsherred;90;306
2021-03-05;Holbæk;117;316
2021-03-05;Faxe;59;320
2021-03-05;Kalundborg;63;326
2021-03-05;Ringsted;57;329
2021-03-05;Slagelse;122;330
2021-03-05;Stevns;56;336
2021-03-05;Sorø;60;340
2021-03-05;Lejre;79;350
2021-03-05;Lolland;68;360
2021-03-05;Næstved;124;370
2021-03-05;Guldborgsund;196;376
2021-03-05;Vordingborg;82;390
2021-03-05;Bornholm;253;400
2021-03-05;Middelfart;143;410
2021-03-05;Assens;128;420
2021-03-05;Faaborg-Midtfyn;150;430
2021-03-05;Kerteminde;77;440
2021-03-05;Nyborg;91;450
2021-03-05;Odense;642;461
2021-03-05;Svendborg;170;479
2021-03-05;Nordfyn;103;480
2021-03-05;Langeland;42;482
2021-03-05;Ærø;3;492
2021-03-05;Haderslev;115;510
2021-03-05;Billund;132;530
2021-03-05;Sønderborg;531;540
2021-03-05;Tønder;44;550
2021-03-05;Esbjerg;395;561
2021-03-05;Fanø;13;563
2021-03-05;Varde;96;573
2021-03-05;Vejen;148;575
2021-03-05;Aabenraa;94;580
2021-03-05;Fredericia;186;607
2021-03-05;Horsens;215;615
2021-03-05;Kolding;262;621
2021-03-05;Vejle;402;630
2021-03-05;Herning;27;657
2021-03-05;Holstebro;16;661
2021-03-05;Lemvig;15;665
2021-03-05;Struer;26;671
2021-03-05;Syddjurs;110;706
2021-03-05;Norddjurs;156;707
2021-03-05;Favrskov;73;710
2021-03-05;Odder;65;727
2021-03-05;Randers;188;730
2021-03-05;Silkeborg;93;740
2021-03-05;Samsø;1;741
2021-03-05;Skanderborg;80;746
2021-03-05;Århus;559;751
2021-03-05;Ikast-Brande;45;756
2021-03-05;Ringkøbing-Skjern;30;760
2021-03-05;Hedensted;126;766
2021-03-05;Morsø;11;773
2021-03-05;Skive;62;779
2021-03-05;Thisted;20;787
2021-03-05;Viborg;201;791
2021-03-05;Brønderslev;311;810
2021-03-05;Frederikshavn;157;813
2021-03-05;Vesthimmerland;278;820
2021-03-05;Læsø;1;825
2021-03-05;Rebild;207;840
2021-03-05;Mariagerfjord;147;846
2021-03-05;Jammerbugt;304;849
2021-03-05;Aalborg;1637;851
2021-03-05;Hjørring;801;860
2021-03-06;København;1785;101
2021-03-06;Frederiksberg;292;147
2021-03-06;Ballerup;191;151
2021-03-06;Brøndby;131;153
2021-03-06;Dragør;48;155
2021-03-06;Gentofte;296;157
2021-03-06;Gladsaxe;254;159
2021-03-06;Glostrup;90;161
2021-03-06;Herlev;100;163
2021-03-06;Albertslund;73;165
2021-03-06;Hvidovre;181;167
2021-03-06;Høje Tåstrup;137;169
2021-03-06;Lyngby-Taarbæk;171;173
2021-03-06;Rødovre;128;175
2021-03-06;Ishøj;61;183
2021-03-06;Tårnby;134;185
2021-03-06;Vallensbæk;41;187
2021-03-06;Furesø;104;190
2021-03-06;Allerød;93;201
2021-03-06;Fredensborg;166;210
2021-03-06;Helsingør;230;217
2021-03-06;Hillerød;202;219
2021-03-06;Hørsholm;74;223
2021-03-06;Rudersdal;216;230
2021-03-06;Egedal;129;240
2021-03-06;Frederikssund;178;250
2021-03-06;Greve;164;253
2021-03-06;Køge;217;259
2021-03-06;Halsnæs;150;260
2021-03-06;Roskilde;334;265
2021-03-06;Solrød;91;269
2021-03-06;Gribskov;171;270
2021-03-06;Odsherred;58;306
2021-03-06;Holbæk;136;316
2021-03-06;Faxe;100;320
2021-03-06;Kalundborg;58;326
2021-03-06;Ringsted;59;329
2021-03-06;Slagelse;87;330
2021-03-06;Stevns;86;336
2021-03-06;Sorø;55;340
2021-03-06;Lejre;118;350
2021-03-06;Lolland;60;360
2021-03-06;Næstved;127;370
2021-03-06;Guldborgsund;94;376
2021-03-06;Vordingborg;64;390
2021-03-06;Bornholm;230;400
2021-03-06;Middelfart;123;410
2021-03-06;Assens;142;420
2021-03-06;Faaborg-Midtfyn;147;430
2021-03-06;Kerteminde;64;440
2021-03-06;Nyborg;85;450
2021-03-06;Odense;630;461
2021-03-06;Svendborg;133;479
2021-03-06;Nordfyn;119;480
2021-03-06;Langeland;36;482
2021-03-06;Ærø;1;492
2021-03-06;Haderslev;81;510
2021-03-06;Billund;45;530
2021-03-06;Sønderborg;113;540
2021-03-06;Tønder;195;550
2021-03-06;Esbjerg;136;561
2021-03-06;Varde;135;573
2021-03-06;Vejen;136;575
2021-03-06;Aabenraa;49;580
2021-03-06;Fredericia;160;607
2021-03-06;Horsens;70;615
2021-03-06;Kolding;249;621
2021-03-06;Vejle;320;630
2021-03-06;Herning;259;657
2021-03-06;Holstebro;70;661
2021-03-06;Lemvig;14;665
2021-03-06;Struer;51;671
2021-03-06;Syddjurs;22;706
2021-03-06;Norddjurs;18;707
2021-03-06;Favrskov;25;710
2021-03-06;Odder;14;727
2021-03-06;Randers;170;730
2021-03-06;Silkeborg;52;740
2021-03-06;Samsø;1;741
2021-03-06;Skanderborg;41;746
2021-03-06;Århus;69;751
2021-03-06;Ikast-Brande;65;756
2021-03-06;Ringkøbing-Skjern;62;760
2021-03-06;Hedensted;51;766
2021-03-06;Morsø;96;773
2021-03-06;Skive;56;779
2021-03-06;Thisted;212;787
2021-03-06;Viborg;98;791
2021-03-06;Brønderslev;106;810
2021-03-06;Frederikshavn;375;813
2021-03-06;Vesthimmerland;67;820
2021-03-06;Læsø;1;825
2021-03-06;Rebild;89;840
2021-03-06;Mariagerfjord;145;846
2021-03-06;Jammerbugt;166;849
2021-03-06;Aalborg;806;851
2021-03-06;Hjørring;68;860
2021-03-07;København;1711;101
2021-03-07;Frederiksberg;273;147
2021-03-07;Ballerup;212;151
2021-03-07;Brøndby;140;153
2021-03-07;Dragør;25;155
2021-03-07;Gentofte;262;157
2021-03-07;Gladsaxe;244;159
2021-03-07;Glostrup;93;161
2021-03-07;Herlev;106;163
2021-03-07;Albertslund;120;165
2021-03-07;Hvidovre;188;167
2021-03-07;Høje Tåstrup;162;169
2021-03-07;Lyngby-Taarbæk;159;173
2021-03-07;Rødovre;163;175
2021-03-07;Ishøj;75;183
2021-03-07;Tårnby;115;185
2021-03-07;Vallensbæk;46;187
2021-03-07;Furesø;158;190
2021-03-07;Allerød;78;201
2021-03-07;Fredensborg;141;210
2021-03-07;Helsingør;253;217
2021-03-07;Hillerød;191;219
2021-03-07;Hørsholm;83;223
2021-03-07;Rudersdal;228;230
2021-03-07;Egedal;132;240
2021-03-07;Frederikssund;165;250
2021-03-07;Greve;124;253
2021-03-07;Køge;190;259
2021-03-07;Halsnæs;138;260
2021-03-07;Roskilde;249;265
2021-03-07;Solrød;59;269
2021-03-07;Gribskov;197;270
2021-03-07;Odsherred;84;306
2021-03-07;Holbæk;115;316
2021-03-07;Faxe;99;320
2021-03-07;Kalundborg;45;326
2021-03-07;Ringsted;51;329
2021-03-07;Slagelse;102;330
2021-03-07;Stevns;77;336
2021-03-07;Sorø;63;340
2021-03-07;Lejre;74;350
2021-03-07;Lolland;53;360
2021-03-07;Næstved;94;370
2021-03-07;Guldborgsund;91;376
2021-03-07;Vordingborg;76;390
2021-03-07;Bornholm;133;400
2021-03-07;Middelfart;107;410
2021-03-07;Assens;117;420
2021-03-07;Faaborg-Midtfyn;105;430
2021-03-07;Kerteminde;52;440
2021-03-07;Nyborg;77;450
2021-03-07;Odense;504;461
2021-03-07;Svendborg;109;479
2021-03-07;Nordfyn;73;480
2021-03-07;Langeland;28;482
2021-03-07;Haderslev;256;510
2021-03-07;Billund;40;530
2021-03-07;Sønderborg;93;540
2021-03-07;Tønder;32;550
2021-03-07;Esbjerg;342;561
2021-03-07;Fanø;2;563
2021-03-07;Varde;90;573
2021-03-07;Vejen;48;575
2021-03-07;Aabenraa;31;580
2021-03-07;Fredericia;117;607
2021-03-07;Horsens;38;615
2021-03-07;Kolding;184;621
2021-03-07;Vejle;161;630
2021-03-07;Holstebro;2;661
2021-03-07;Struer;2;671
2021-03-07;Syddjurs;11;706
2021-03-07;Norddjurs;17;707
2021-03-07;Favrskov;18;710
2021-03-07;Randers;4;730
2021-03-07;Silkeborg;4;740
2021-03-07;Skanderborg;16;746
2021-03-07;Århus;30;751
2021-03-07;Ikast-Brande;23;756
2021-03-07;Ringkøbing-Skjern;4;760
2021-03-07;Hedensted;46;766
2021-03-07;Morsø;67;773
2021-03-07;Skive;7;779
2021-03-07;Thisted;167;787
2021-03-07;Viborg;3;791
2021-03-07;Brønderslev;66;810
2021-03-07;Frederikshavn;129;813
2021-03-07;Vesthimmerland;9;820
2021-03-07;Rebild;32;840
2021-03-07;Mariagerfjord;22;846
2021-03-07;Jammerbugt;102;849
2021-03-07;Aalborg;535;851
2021-03-07;Hjørring;210;860
2021-03-08;København;186;101
2021-03-08;Frederiksberg;25;147
2021-03-08;Ballerup;5;151
2021-03-08;Brøndby;12;153
2021-03-08;Gentofte;17;157
2021-03-08;Gladsaxe;9;159
2021-03-08;Glostrup;96;161
2021-03-08;Herlev;43;163
2021-03-08;Albertslund;3;165
2021-03-08;Hvidovre;3;167
2021-03-08;Høje Tåstrup;33;169
2021-03-08;Lyngby-Taarbæk;11;173
2021-03-08;Rødovre;125;175
2021-03-08;Ishøj;2;183
2021-03-08;Tårnby;1;185
2021-03-08;Vallensbæk;2;187
2021-03-08;Furesø;11;190
2021-03-08;Allerød;20;201
2021-03-08;Fredensborg;101;210
2021-03-08;Helsingør;69;217
2021-03-08;Hillerød;6;219
2021-03-08;Hørsholm;34;223
2021-03-08;Rudersdal;27;230
2021-03-08;Egedal;17;240
2021-03-08;Frederikssund;31;250
2021-03-08;Greve;14;253
2021-03-08;Køge;36;259
2021-03-08;Halsnæs;253;260
2021-03-08;Roskilde;66;265
2021-03-08;Solrød;13;269
2021-03-08;Gribskov;26;270
2021-03-08;Odsherred;45;306
2021-03-08;Holbæk;75;316
2021-03-08;Faxe;76;320
2021-03-08;Kalundborg;158;326
2021-03-08;Ringsted;62;329
2021-03-08;Slagelse;182;330
2021-03-08;Stevns;14;336
2021-03-08;Sorø;47;340
2021-03-08;Lejre;25;350
2021-03-08;Lolland;84;360
2021-03-08;Næstved;119;370
2021-03-08;Guldborgsund;127;376
2021-03-08;Vordingborg;74;390
2021-03-08;Bornholm;102;400
2021-03-08;Middelfart;224;410
2021-03-08;Assens;97;420
2021-03-08;Faaborg-Midtfyn;103;430
2021-03-08;Kerteminde;56;440
2021-03-08;Nyborg;75;450
2021-03-08;Odense;550;461
2021-03-08;Svendborg;86;479
2021-03-08;Nordfyn;93;480
2021-03-08;Langeland;18;482
2021-03-08;Ærø;1;492
2021-03-08;Haderslev;25;510
2021-03-08;Billund;55;530
2021-03-08;Sønderborg;16;540
2021-03-08;Tønder;11;550
2021-03-08;Esbjerg;69;561
2021-03-08;Fanø;3;563
2021-03-08;Varde;90;573
2021-03-08;Vejen;109;575
2021-03-08;Aabenraa;216;580
2021-03-08;Fredericia;259;607
2021-03-08;Horsens;115;615
2021-03-08;Kolding;167;621
2021-03-08;Vejle;511;630
2021-03-08;Herning;393;657
2021-03-08;Holstebro;301;661
2021-03-08;Lemvig;184;665
2021-03-08;Struer;90;671
2021-03-08;Syddjurs;67;706
2021-03-08;Norddjurs;65;707
2021-03-08;Favrskov;125;710
2021-03-08;Odder;63;727
2021-03-08;Randers;174;730
2021-03-08;Silkeborg;405;740
2021-03-08;Skanderborg;178;746
2021-03-08;Århus;844;751
2021-03-08;Ikast-Brande;313;756
2021-03-08;Ringkøbing-Skjern;124;760
2021-03-08;Hedensted;80;766
2021-03-08;Morsø;11;773
2021-03-08;Skive;171;779
2021-03-08;Thisted;19;787
2021-03-08;Viborg;274;791
2021-03-08;Brønderslev;3;810
2021-03-08;Frederikshavn;3;813
2021-03-08;Vesthimmerland;12;820
2021-03-08;Rebild;10;840
2021-03-08;Mariagerfjord;24;846
2021-03-08;Jammerbugt;9;849
2021-03-08;Aalborg;26;851
2021-03-08;Hjørring;20;860
2021-03-09;København;709;101
2021-03-09;Frederiksberg;117;147
2021-03-09;Ballerup;34;151
2021-03-09;Brøndby;56;153
2021-03-09;Dragør;14;155
2021-03-09;Gentofte;84;157
2021-03-09;Gladsaxe;58;159
2021-03-09;Glostrup;28;161
2021-03-09;Herlev;48;163
2021-03-09;Albertslund;22;165
2021-03-09;Hvidovre;50;167
2021-03-09;Høje Tåstrup;52;169
2021-03-09;Lyngby-Taarbæk;52;173
2021-03-09;Rødovre;45;175
2021-03-09;Ishøj;25;183
2021-03-09;Tårnby;43;185
2021-03-09;Vallensbæk;26;187
2021-03-09;Furesø;151;190
2021-03-09;Allerød;38;201
2021-03-09;Fredensborg;67;210
2021-03-09;Helsingør;79;217
2021-03-09;Hillerød;122;219
2021-03-09;Hørsholm;98;223
2021-03-09;Rudersdal;46;230
2021-03-09;Egedal;66;240
2021-03-09;Frederikssund;147;250
2021-03-09;Greve;130;253
2021-03-09;Køge;53;259
2021-03-09;Halsnæs;49;260
2021-03-09;Roskilde;100;265
2021-03-09;Solrød;18;269
2021-03-09;Gribskov;53;270
2021-03-09;Odsherred;106;306
2021-03-09;Holbæk;135;316
2021-03-09;Faxe;38;320
2021-03-09;Kalundborg;178;326
2021-03-09;Ringsted;34;329
2021-03-09;Slagelse;108;330
2021-03-09;Stevns;25;336
2021-03-09;Sorø;81;340
2021-03-09;Lejre;24;350
2021-03-09;Lolland;8;360
2021-03-09;Næstved;166;370
2021-03-09;Guldborgsund;21;376
2021-03-09;Vordingborg;184;390
2021-03-09;Bornholm;105;400
2021-03-09;Middelfart;104;410
2021-03-09;Assens;67;420
2021-03-09;Faaborg-Midtfyn;68;430
2021-03-09;Kerteminde;38;440
2021-03-09;Nyborg;52;450
2021-03-09;Odense;416;461
2021-03-09;Svendborg;63;479
2021-03-09;Nordfyn;57;480
2021-03-09;Langeland;16;482
2021-03-09;Ærø;2;492
2021-03-09;Haderslev;112;510
2021-03-09;Billund;27;530
2021-03-09;Sønderborg;188;540
2021-03-09;Tønder;55;550
2021-03-09;Esbjerg;63;561
2021-03-09;Fanø;2;563
2021-03-09;Varde;34;573
2021-03-09;Vejen;72;575
2021-03-09;Aabenraa;96;580
2021-03-09;Fredericia;129;607
2021-03-09;Horsens;184;615
2021-03-09;Kolding;208;621
2021-03-09;Vejle;217;630
2021-03-09;Herning;263;657
2021-03-09;Holstebro;367;661
2021-03-09;Lemvig;63;665
2021-03-09;Struer;152;671
2021-03-09;Syddjurs;66;706
2021-03-09;Norddjurs;57;707
2021-03-09;Favrskov;124;710
2021-03-09;Odder;71;727
2021-03-09;Randers;209;730
2021-03-09;Silkeborg;270;740
2021-03-09;Skanderborg;182;746
2021-03-09;Århus;1004;751
2021-03-09;Ikast-Brande;58;756
2021-03-09;Ringkøbing-Skjern;484;760
2021-03-09;Hedensted;85;766
2021-03-09;Morsø;14;773
2021-03-09;Skive;247;779
2021-03-09;Thisted;13;787
2021-03-09;Viborg;240;791
2021-03-09;Brønderslev;33;810
2021-03-09;Frederikshavn;55;813
2021-03-09;Vesthimmerland;15;820
2021-03-09;Rebild;39;840
2021-03-09;Mariagerfjord;140;846
2021-03-09;Jammerbugt;19;849
2021-03-09;Aalborg;218;851
2021-03-09;Hjørring;96;860
2021-03-10;København;1065;101
2021-03-10;Frederiksberg;134;147
2021-03-10;Ballerup;56;151
2021-03-10;Brøndby;29;153
2021-03-10;Dragør;70;155
2021-03-10;Gentofte;75;157
2021-03-10;Gladsaxe;132;159
2021-03-10;Glostrup;36;161
2021-03-10;Herlev;96;163
2021-03-10;Albertslund;28;165
2021-03-10;Hvidovre;59;167
2021-03-10;Høje Tåstrup;59;169
2021-03-10;Lyngby-Taarbæk;67;173
2021-03-10;Rødovre;108;175
2021-03-10;Ishøj;36;183
2021-03-10;Tårnby;54;185
2021-03-10;Vallensbæk;15;187
2021-03-10;Furesø;66;190
2021-03-10;Allerød;41;201
2021-03-10;Fredensborg;82;210
2021-03-10;Helsingør;127;217
2021-03-10;Hillerød;112;219
2021-03-10;Hørsholm;43;223
2021-03-10;Rudersdal;74;230
2021-03-10;Egedal;54;240
2021-03-10;Frederikssund;79;250
2021-03-10;Greve;57;253
2021-03-10;Køge;85;259
2021-03-10;Halsnæs;68;260
2021-03-10;Roskilde;133;265
2021-03-10;Solrød;48;269
2021-03-10;Gribskov;84;270
2021-03-10;Odsherred;106;306
2021-03-10;Holbæk;166;316
2021-03-10;Faxe;67;320
2021-03-10;Kalundborg;92;326
2021-03-10;Ringsted;41;329
2021-03-10;Slagelse;179;330
2021-03-10;Stevns;100;336
2021-03-10;Sorø;51;340
2021-03-10;Lejre;108;350
2021-03-10;Lolland;122;360
2021-03-10;Næstved;135;370
2021-03-10;Guldborgsund;247;376
2021-03-10;Vordingborg;92;390
2021-03-10;Bornholm;70;400
2021-03-10;Middelfart;86;410
2021-03-10;Assens;133;420
2021-03-10;Faaborg-Midtfyn;148;430
2021-03-10;Kerteminde;53;440
2021-03-10;Nyborg;74;450
2021-03-10;Odense;558;461
2021-03-10;Svendborg;85;479
2021-03-10;Nordfyn;59;480
2021-03-10;Langeland;15;482
2021-03-10;Ærø;151;492
2021-03-10;Haderslev;149;510
2021-03-10;Billund;31;530
2021-03-10;Sønderborg;126;540
2021-03-10;Tønder;86;550
2021-03-10;Esbjerg;187;561
2021-03-10;Fanø;6;563
2021-03-10;Varde;82;573
2021-03-10;Vejen;79;575
2021-03-10;Aabenraa;111;580
2021-03-10;Fredericia;98;607
2021-03-10;Horsens;198;615
2021-03-10;Kolding;319;621
2021-03-10;Vejle;353;630
2021-03-10;Herning;24;657
2021-03-10;Holstebro;38;661
2021-03-10;Lemvig;9;665
2021-03-10;Struer;3;671
2021-03-10;Syddjurs;176;706
2021-03-10;Norddjurs;205;707
2021-03-10;Favrskov;108;710
2021-03-10;Odder;69;727
2021-03-10;Randers;165;730
2021-03-10;Silkeborg;208;740
2021-03-10;Samsø;146;741
2021-03-10;Skanderborg;190;746
2021-03-10;Århus;1021;751
2021-03-10;Ikast-Brande;16;756
2021-03-10;Ringkøbing-Skjern;16;760
2021-03-10;Hedensted;91;766
2021-03-10;Morsø;40;773
2021-03-10;Skive;33;779
2021-03-10;Thisted;52;787
2021-03-10;Viborg;181;791
2021-03-10;Brønderslev;48;810
2021-03-10;Frederikshavn;210;813
2021-03-10;Vesthimmerland;56;820
2021-03-10;Rebild;39;840
2021-03-10;Mariagerfjord;53;846
2021-03-10;Jammerbugt;43;849
2021-03-10;Aalborg;598;851
2021-03-10;Hjørring;16;860
2021-03-11;København;193;101
2021-03-11;Frederiksberg;35;147
2021-03-11;Ballerup;7;151
2021-03-11;Brøndby;6;153
2021-03-11;Dragør;5;155
2021-03-11;Gentofte;8;157
2021-03-11;Gladsaxe;86;159
2021-03-11;Glostrup;2;161
2021-03-11;Herlev;8;163
2021-03-11;Albertslund;2;165
2021-03-11;Hvidovre;8;167
2021-03-11;Høje Tåstrup;32;169
2021-03-11;Lyngby-Taarbæk;9;173
2021-03-11;Rødovre;8;175
2021-03-11;Ishøj;13;183
2021-03-11;Tårnby;7;185
2021-03-11;Vallensbæk;2;187
2021-03-11;Furesø;20;190
2021-03-11;Allerød;6;201
2021-03-11;Fredensborg;8;210
2021-03-11;Helsingør;28;217
2021-03-11;Hillerød;20;219
2021-03-11;Hørsholm;9;223
2021-03-11;Rudersdal;8;230
2021-03-11;Egedal;7;240
2021-03-11;Frederikssund;25;250
2021-03-11;Greve;16;253
2021-03-11;Køge;59;259
2021-03-11;Halsnæs;11;260
2021-03-11;Roskilde;83;265
2021-03-11;Solrød;4;269
2021-03-11;Gribskov;12;270
2021-03-11;Odsherred;22;306
2021-03-11;Holbæk;115;316
2021-03-11;Faxe;9;320
2021-03-11;Kalundborg;24;326
2021-03-11;Ringsted;60;329
2021-03-11;Slagelse;90;330
2021-03-11;Stevns;51;336
2021-03-11;Sorø;60;340
2021-03-11;Lejre;15;350
2021-03-11;Lolland;96;360
2021-03-11;Næstved;29;370
2021-03-11;Guldborgsund;19;376
2021-03-11;Vordingborg;9;390
2021-03-11;Bornholm;14;400
2021-03-11;Middelfart;19;410
2021-03-11;Assens;46;420
2021-03-11;Faaborg-Midtfyn;57;430
2021-03-11;Kerteminde;56;440
2021-03-11;Nyborg;74;450
2021-03-11;Odense;263;461
2021-03-11;Svendborg;170;479
2021-03-11;Nordfyn;63;480
2021-03-11;Langeland;85;482
2021-03-11;Ærø;4;492
2021-03-11;Haderslev;42;510
2021-03-11;Billund;2;530
2021-03-11;Sønderborg;91;540
2021-03-11;Tønder;19;550
2021-03-11;Esbjerg;33;561
2021-03-11;Fanø;1;563
2021-03-11;Varde;3;573
2021-03-11;Vejen;9;575
2021-03-11;Aabenraa;50;580
2021-03-11;Fredericia;7;607
2021-03-11;Horsens;63;615
2021-03-11;Kolding;20;621
2021-03-11;Vejle;27;630
2021-03-11;Herning;7;657
2021-03-11;Holstebro;18;661
2021-03-11;Lemvig;3;665
2021-03-11;Struer;3;671
2021-03-11;Syddjurs;102;706
2021-03-11;Norddjurs;104;707
2021-03-11;Favrskov;61;710
2021-03-11;Odder;12;727
2021-03-11;Randers;163;730
2021-03-11;Silkeborg;26;740
2021-03-11;Skanderborg;55;746
2021-03-11;Århus;281;751
2021-03-11;Ikast-Brande;12;756
2021-03-11;Ringkøbing-Skjern;2;760
2021-03-11;Hedensted;23;766
2021-03-11;Morsø;106;773
2021-03-11;Skive;21;779
2021-03-11;Thisted;145;787
2021-03-11;Viborg;54;791
2021-03-11;Brønderslev;55;810
2021-03-11;Frederikshavn;22;813
2021-03-11;Vesthimmerland;87;820
2021-03-11;Rebild;67;840
2021-03-11;Mariagerfjord;67;846
2021-03-11;Jammerbugt;82;849
2021-03-11;Aalborg;181;851
2021-03-11;Hjørring;117;860
2021-03-12;København;65;101
2021-03-12;Frederiksberg;15;147
2021-03-12;Ballerup;20;151
2021-03-12;Brøndby;32;153
2021-03-12;Dragør;3;155
2021-03-12;Gentofte;14;157
2021-03-12;Gladsaxe;5;159
2021-03-12;Glostrup;8;161
2021-03-12;Herlev;3;163
2021-03-12;Albertslund;2;165
2021-03-12;Hvidovre;2;167
2021-03-12;Høje Tåstrup;41;169
2021-03-12;Lyngby-Taarbæk;34;173
2021-03-12;Rødovre;6;175
2021-03-12;Ishøj;53;183
2021-03-12;Tårnby;1;185
2021-03-12;Vallensbæk;8;187
2021-03-12;Furesø;15;190
2021-03-12;Allerød;100;201
2021-03-12;Fredensborg;5;210
2021-03-12;Helsingør;28;217
2021-03-12;Hillerød;142;219
2021-03-12;Hørsholm;2;223
2021-03-12;Rudersdal;139;230
2021-03-12;Egedal;5;240
2021-03-12;Frederikssund;14;250
2021-03-12;Greve;7;253
2021-03-12;Køge;12;259
2021-03-12;Halsnæs;10;260
2021-03-12;Roskilde;43;265
2021-03-12;Solrød;6;269
2021-03-12;Gribskov;215;270
2021-03-12;Odsherred;21;306
2021-03-12;Holbæk;40;316
2021-03-12;Faxe;12;320
2021-03-12;Kalundborg;19;326
2021-03-12;Ringsted;12;329
2021-03-12;Slagelse;27;330
2021-03-12;Stevns;6;336
2021-03-12;Sorø;10;340
2021-03-12;Lejre;14;350
2021-03-12;Lolland;5;360
2021-03-12;Næstved;16;370
2021-03-12;Guldborgsund;17;376
2021-03-12;Vordingborg;5;390
2021-03-12;Bornholm;6;400
2021-03-12;Middelfart;20;410
2021-03-12;Assens;19;420
2021-03-12;Faaborg-Midtfyn;35;430
2021-03-12;Kerteminde;20;440
2021-03-12;Nyborg;23;450
2021-03-12;Odense;110;461
2021-03-12;Svendborg;18;479
2021-03-12;Nordfyn;20;480
2021-03-12;Langeland;9;482
2021-03-12;Haderslev;21;510
2021-03-12;Billund;18;530
2021-03-12;Sønderborg;49;540
2021-03-12;Tønder;21;550
2021-03-12;Esbjerg;262;561
2021-03-12;Fanø;10;563
2021-03-12;Varde;115;573
2021-03-12;Vejen;40;575
2021-03-12;Aabenraa;21;580
2021-03-12;Fredericia;37;607
2021-03-12;Horsens;77;615
2021-03-12;Kolding;36;621
2021-03-12;Vejle;77;630
2021-03-12;Herning;12;657
2021-03-12;Holstebro;108;661
2021-03-12;Lemvig;6;665
2021-03-12;Struer;17;671
2021-03-12;Syddjurs;119;706
2021-03-12;Norddjurs;21;707
2021-03-12;Favrskov;26;710
2021-03-12;Odder;5;727
2021-03-12;Randers;86;730
2021-03-12;Silkeborg;22;740
2021-03-12;Skanderborg;12;746
2021-03-12;Århus;127;751
2021-03-12;Ikast-Brande;1;756
2021-03-12;Ringkøbing-Skjern;10;760
2021-03-12;Hedensted;29;766
2021-03-12;Skive;24;779
2021-03-12;Viborg;47;791
2021-03-12;Brønderslev;54;810
2021-03-12;Frederikshavn;9;813
2021-03-12;Vesthimmerland;6;820
2021-03-12;Rebild;4;840
2021-03-12;Mariagerfjord;20;846
2021-03-12;Jammerbugt;19;849
2021-03-12;Aalborg;69;851
2021-03-12;Hjørring;81;860
2021-03-13;København;585;101
2021-03-13;Frederiksberg;116;147
2021-03-13;Ballerup;157;151
2021-03-13;Brøndby;29;153
2021-03-13;Dragør;6;155
2021-03-13;Gentofte;180;157
2021-03-13;Gladsaxe;93;159
2021-03-13;Glostrup;24;161
2021-03-13;Herlev;28;163
2021-03-13;Albertslund;31;165
2021-03-13;Hvidovre;37;167
2021-03-13;Høje Tåstrup;50;169
2021-03-13;Lyngby-Taarbæk;105;173
2021-03-13;Rødovre;26;175
2021-03-13;Ishøj;20;183
2021-03-13;Tårnby;23;185
2021-03-13;Vallensbæk;11;187
2021-03-13;Furesø;39;190
2021-03-13;Allerød;15;201
2021-03-13;Fredensborg;29;210
2021-03-13;Helsingør;65;217
2021-03-13;Hillerød;73;219
2021-03-13;Hørsholm;54;223
2021-03-13;Rudersdal;69;230
2021-03-13;Egedal;119;240
2021-03-13;Frederikssund;72;250
2021-03-13;Greve;39;253
2021-03-13;Køge;74;259
2021-03-13;Halsnæs;67;260
2021-03-13;Roskilde;79;265
2021-03-13;Solrød;28;269
2021-03-13;Gribskov;124;270
2021-03-13;Odsherred;14;306
2021-03-13;Holbæk;22;316
2021-03-13;Faxe;59;320
2021-03-13;Kalundborg;12;326
2021-03-13;Ringsted;11;329
2021-03-13;Slagelse;23;330
2021-03-13;Stevns;40;336
2021-03-13;Sorø;13;340
2021-03-13;Lejre;25;350
2021-03-13;Lolland;6;360
2021-03-13;Næstved;27;370
2021-03-13;Guldborgsund;17;376
2021-03-13;Vordingborg;15;390
2021-03-13;Middelfart;9;410
2021-03-13;Assens;36;420
2021-03-13;Faaborg-Midtfyn;45;430
2021-03-13;Kerteminde;19;440
2021-03-13;Nyborg;27;450
2021-03-13;Odense;152;461
2021-03-13;Svendborg;30;479
2021-03-13;Nordfyn;9;480
2021-03-13;Langeland;5;482
2021-03-13;Ærø;1;492
2021-03-13;Haderslev;50;510
2021-03-13;Billund;34;530
2021-03-13;Sønderborg;224;540
2021-03-13;Tønder;32;550
2021-03-13;Esbjerg;217;561
2021-03-13;Fanø;5;563
2021-03-13;Varde;106;573
2021-03-13;Vejen;30;575
2021-03-13;Aabenraa;115;580
2021-03-13;Fredericia;7;607
2021-03-13;Horsens;2;615
2021-03-13;Kolding;18;621
2021-03-13;Vejle;49;630
2021-03-13;Herning;197;657
2021-03-13;Holstebro;11;661
2021-03-13;Lemvig;1;665
2021-03-13;Favrskov;2;710
2021-03-13;Odder;2;727
2021-03-13;Randers;1;730
2021-03-13;Silkeborg;19;740
2021-03-13;Skanderborg;2;746
2021-03-13;Århus;23;751
2021-03-13;Ikast-Brande;31;756
2021-03-13;Ringkøbing-Skjern;29;760
2021-03-13;Hedensted;4;766
2021-03-13;Morsø;44;773
2021-03-13;Skive;3;779
2021-03-13;Thisted;2;787
2021-03-13;Viborg;17;791
2021-03-13;Brønderslev;79;810
2021-03-13;Jammerbugt;2;849
2021-03-13;Aalborg;16;851
2021-03-13;Hjørring;1;860
2021-03-14;København;28;101
2021-03-14;Frederiksberg;3;147
2021-03-14;Ballerup;6;151
2021-03-14;Brøndby;1;153
2021-03-14;Dragør;1;155
2021-03-14;Gentofte;12;157
2021-03-14;Gladsaxe;1;159
2021-03-14;Albertslund;1;165
2021-03-14;Hvidovre;6;167
2021-03-14;Høje Tåstrup;1;169
2021-03-14;Lyngby-Taarbæk;8;173
2021-03-14;Rødovre;1;175
2021-03-14;Tårnby;4;185
2021-03-14;Allerød;3;201
2021-03-14;Fredensborg;1;210
2021-03-14;Rudersdal;2;230
2021-03-14;Egedal;1;240
2021-03-14;Greve;21;253
2021-03-14;Køge;24;259
2021-03-14;Halsnæs;1;260
2021-03-14;Roskilde;21;265
2021-03-14;Solrød;7;269
2021-03-14;Gribskov;6;270
2021-03-14;Holbæk;13;316
2021-03-14;Faxe;10;320
2021-03-14;Kalundborg;2;326
2021-03-14;Ringsted;1;329
2021-03-14;Slagelse;2;330
2021-03-14;Stevns;9;336
2021-03-14;Sorø;2;340
2021-03-14;Lejre;5;350
2021-03-14;Lolland;25;360
2021-03-14;Næstved;13;370
2021-03-14;Guldborgsund;35;376
2021-03-14;Vordingborg;15;390
2021-03-14;Bornholm;2;400
2021-03-14;Middelfart;15;410
2021-03-14;Assens;45;420
2021-03-14;Faaborg-Midtfyn;28;430
2021-03-14;Kerteminde;20;440
2021-03-14;Nyborg;29;450
2021-03-14;Odense;177;461
2021-03-14;Svendborg;26;479
2021-03-14;Nordfyn;30;480
2021-03-14;Langeland;4;482
2021-03-14;Ærø;1;492
2021-03-14;Haderslev;25;510
2021-03-14;Billund;15;530
2021-03-14;Sønderborg;114;540
2021-03-14;Tønder;24;550
2021-03-14;Esbjerg;83;561
2021-03-14;Fanø;2;563
2021-03-14;Varde;39;573
2021-03-14;Vejen;14;575
2021-03-14;Aabenraa;71;580
2021-03-14;Fredericia;18;607
2021-03-14;Horsens;13;615
2021-03-14;Kolding;33;621
2021-03-14;Vejle;62;630
2021-03-14;Herning;1;657
2021-03-14;Favrskov;1;710
2021-03-14;Århus;1;751
2021-03-14;Ringkøbing-Skjern;2;760
2021-03-14;Hedensted;11;766
2021-03-14;Skive;1;779
2021-03-14;Thisted;2;787
2021-03-14;Jammerbugt;1;849
2021-03-14;Aalborg;7;851
2021-03-14;Hjørring;3;860
2021-03-15;København;50;101
2021-03-15;Frederiksberg;17;147
2021-03-15;Ballerup;3;151
2021-03-15;Brøndby;1;153
2021-03-15;Gentofte;3;157
2021-03-15;Gladsaxe;3;159
2021-03-15;Glostrup;1;161
2021-03-15;Herlev;1;163
2021-03-15;Albertslund;2;165
2021-03-15;Hvidovre;3;167
2021-03-15;Høje Tåstrup;13;169
2021-03-15;Lyngby-Taarbæk;10;173
2021-03-15;Vallensbæk;1;187
2021-03-15;Furesø;3;190
2021-03-15;Allerød;4;201
2021-03-15;Fredensborg;19;210
2021-03-15;Helsingør;71;217
2021-03-15;Hillerød;6;219
2021-03-15;Hørsholm;27;223
2021-03-15;Rudersdal;42;230
2021-03-15;Egedal;3;240
2021-03-15;Frederikssund;16;250
2021-03-15;Greve;4;253
2021-03-15;Køge;8;259
2021-03-15;Halsnæs;1;260
2021-03-15;Roskilde;12;265
2021-03-15;Solrød;2;269
2021-03-15;Gribskov;1;270
2021-03-15;Odsherred;8;306
2021-03-15;Holbæk;12;316
2021-03-15;Faxe;5;320
2021-03-15;Kalundborg;2;326
2021-03-15;Ringsted;4;329
2021-03-15;Slagelse;11;330
2021-03-15;Stevns;2;336
2021-03-15;Sorø;2;340
2021-03-15;Lejre;4;350
2021-03-15;Lolland;2;360
2021-03-15;Næstved;4;370
2021-03-15;Guldborgsund;15;376
2021-03-15;Vordingborg;4;390
2021-03-15;Bornholm;31;400
2021-03-15;Middelfart;20;410
2021-03-15;Assens;56;420
2021-03-15;Faaborg-Midtfyn;96;430
2021-03-15;Kerteminde;32;440
2021-03-15;Nyborg;57;450
2021-03-15;Odense;202;461
2021-03-15;Svendborg;144;479
2021-03-15;Nordfyn;28;480
2021-03-15;Langeland;35;482
2021-03-15;Haderslev;21;510
2021-03-15;Billund;20;530
2021-03-15;Sønderborg;122;540
2021-03-15;Tønder;15;550
2021-03-15;Esbjerg;37;561
2021-03-15;Fanø;1;563
2021-03-15;Varde;18;573
2021-03-15;Vejen;9;575
2021-03-15;Aabenraa;54;580
2021-03-15;Fredericia;77;607
2021-03-15;Horsens;107;615
2021-03-15;Kolding;52;621
2021-03-15;Vejle;98;630
2021-03-15;Herning;116;657
2021-03-15;Holstebro;82;661
2021-03-15;Lemvig;2;665
2021-03-15;Struer;37;671
2021-03-15;Syddjurs;22;706
2021-03-15;Norddjurs;78;707
2021-03-15;Favrskov;57;710
2021-03-15;Odder;13;727
2021-03-15;Randers;135;730
2021-03-15;Silkeborg;48;740
2021-03-15;Skanderborg;29;746
2021-03-15;Århus;79;751
2021-03-15;Ikast-Brande;7;756
2021-03-15;Ringkøbing-Skjern;8;760
2021-03-15;Hedensted;66;766
2021-03-15;Morsø;11;773
2021-03-15;Skive;50;779
2021-03-15;Thisted;9;787
2021-03-15;Viborg;39;791
2021-03-15;Brønderslev;7;810
2021-03-15;Frederikshavn;11;813
2021-03-15;Vesthimmerland;14;820
2021-03-15;Rebild;7;840
2021-03-15;Mariagerfjord;41;846
2021-03-15;Jammerbugt;21;849
2021-03-15;Aalborg;26;851
2021-03-15;Hjørring;12;860
2021-03-16;København;57;101
2021-03-16;Frederiksberg;11;147
2021-03-16;Ballerup;71;151
2021-03-16;Brøndby;31;153
2021-03-16;Gentofte;27;157
2021-03-16;Gladsaxe;34;159
2021-03-16;Glostrup;7;161
2021-03-16;Herlev;42;163
2021-03-16;Albertslund;18;165
2021-03-16;Hvidovre;4;167
2021-03-16;Høje Tåstrup;27;169
2021-03-16;Lyngby-Taarbæk;99;173
2021-03-16;Rødovre;4;175
2021-03-16;Ishøj;10;183
2021-03-16;Tårnby;1;185
2021-03-16;Vallensbæk;29;187
2021-03-16;Furesø;1;190
2021-03-16;Allerød;3;201
2021-03-16;Fredensborg;32;210
2021-03-16;Helsingør;34;217
2021-03-16;Hillerød;48;219
2021-03-16;Hørsholm;44;223
2021-03-16;Rudersdal;75;230
2021-03-16;Egedal;40;240
2021-03-16;Frederikssund;55;250
2021-03-16;Greve;85;253
2021-03-16;Køge;144;259
2021-03-16;Halsnæs;7;260
2021-03-16;Roskilde;116;265
2021-03-16;Solrød;18;269
2021-03-16;Gribskov;36;270
2021-03-16;Odsherred;77;306
2021-03-16;Holbæk;187;316
2021-03-16;Faxe;43;320
2021-03-16;Kalundborg;141;326
2021-03-16;Ringsted;37;329
2021-03-16;Slagelse;78;330
2021-03-16;Stevns;7;336
2021-03-16;Sorø;70;340
2021-03-16;Lejre;36;350
2021-03-16;Lolland;81;360
2021-03-16;Næstved;282;370
2021-03-16;Guldborgsund;160;376
2021-03-16;Vordingborg;195;390
2021-03-16;Bornholm;42;400
2021-03-16;Middelfart;120;410
2021-03-16;Assens;37;420
2021-03-16;Faaborg-Midtfyn;65;430
2021-03-16;Kerteminde;27;440
2021-03-16;Nyborg;38;450
2021-03-16;Odense;166;461
2021-03-16;Svendborg;103;479
2021-03-16;Nordfyn;24;480
2021-03-16;Langeland;37;482
2021-03-16;Ærø;1;492
2021-03-16;Haderslev;34;510
2021-03-16;Billund;17;530
2021-03-16;Sønderborg;85;540
2021-03-16;Tønder;15;550
2021-03-16;Esbjerg;10;561
2021-03-16;Fanø;1;563
2021-03-16;Varde;5;573
2021-03-16;Vejen;8;575
2021-03-16;Aabenraa;34;580
2021-03-16;Fredericia;139;607
2021-03-16;Horsens;166;615
2021-03-16;Kolding;65;621
2021-03-16;Vejle;105;630
2021-03-16;Herning;185;657
2021-03-16;Holstebro;112;661
2021-03-16;Lemvig;7;665
2021-03-16;Struer;30;671
2021-03-16;Syddjurs;29;706
2021-03-16;Norddjurs;38;707
2021-03-16;Favrskov;74;710
2021-03-16;Odder;15;727
2021-03-16;Randers;80;730
2021-03-16;Silkeborg;67;740
2021-03-16;Samsø;1;741
2021-03-16;Skanderborg;61;746
2021-03-16;Århus;300;751
2021-03-16;Ikast-Brande;20;756
2021-03-16;Ringkøbing-Skjern;42;760
2021-03-16;Hedensted;77;766
2021-03-16;Morsø;5;773
2021-03-16;Skive;94;779
2021-03-16;Thisted;3;787
2021-03-16;Viborg;229;791
2021-03-16;Brønderslev;114;810
2021-03-16;Frederikshavn;27;813
2021-03-16;Vesthimmerland;7;820
2021-03-16;Rebild;27;840
2021-03-16;Mariagerfjord;17;846
2021-03-16;Jammerbugt;80;849
2021-03-16;Aalborg;622;851
2021-03-16;Hjørring;369;860
2021-03-17;København;336;101
2021-03-17;Frederiksberg;89;147
2021-03-17;Ballerup;104;151
2021-03-17;Brøndby;55;153
2021-03-17;Dragør;13;155
2021-03-17;Gentofte;132;157
2021-03-17;Gladsaxe;82;159
2021-03-17;Glostrup;20;161
2021-03-17;Herlev;14;163
2021-03-17;Albertslund;46;165
2021-03-17;Hvidovre;63;167
2021-03-17;Høje Tåstrup;55;169
2021-03-17;Lyngby-Taarbæk;56;173
2021-03-17;Rødovre;20;175
2021-03-17;Ishøj;29;183
2021-03-17;Tårnby;42;185
2021-03-17;Vallensbæk;27;187
2021-03-17;Furesø;98;190
2021-03-17;Allerød;33;201
2021-03-17;Fredensborg;88;210
2021-03-17;Helsingør;60;217
2021-03-17;Hillerød;32;219
2021-03-17;Hørsholm;21;223
2021-03-17;Rudersdal;77;230
2021-03-17;Egedal;66;240
2021-03-17;Frederikssund;91;250
2021-03-17;Greve;31;253
2021-03-17;Køge;50;259
2021-03-17;Halsnæs;75;260
2021-03-17;Roskilde;81;265
2021-03-17;Solrød;17;269
2021-03-17;Gribskov;36;270
2021-03-17;Odsherred;31;306
2021-03-17;Holbæk;69;316
2021-03-17;Faxe;100;320
2021-03-17;Kalundborg;63;326
2021-03-17;Ringsted;15;329
2021-03-17;Slagelse;206;330
2021-03-17;Stevns;147;336
2021-03-17;Sorø;38;340
2021-03-17;Lejre;64;350
2021-03-17;Lolland;86;360
2021-03-17;Næstved;256;370
2021-03-17;Guldborgsund;207;376
2021-03-17;Vordingborg;96;390
2021-03-17;Bornholm;60;400
2021-03-17;Middelfart;51;410
2021-03-17;Assens;81;420
2021-03-17;Faaborg-Midtfyn;81;430
2021-03-17;Kerteminde;136;440
2021-03-17;Nyborg;32;450
2021-03-17;Odense;214;461
2021-03-17;Svendborg;100;479
2021-03-17;Nordfyn;24;480
2021-03-17;Langeland;21;482
2021-03-17;Haderslev;115;510
2021-03-17;Billund;36;530
2021-03-17;Sønderborg;179;540
2021-03-17;Tønder;69;550
2021-03-17;Esbjerg;179;561
2021-03-17;Fanø;6;563
2021-03-17;Varde;107;573
2021-03-17;Vejen;64;575
2021-03-17;Aabenraa;107;580
2021-03-17;Fredericia;76;607
2021-03-17;Horsens;370;615
2021-03-17;Kolding;127;621
2021-03-17;Vejle;223;630
2021-03-17;Herning;79;657
2021-03-17;Holstebro;71;661
2021-03-17;Lemvig;142;665
2021-03-17;Struer;55;671
2021-03-17;Syddjurs;54;706
2021-03-17;Norddjurs;61;707
2021-03-17;Favrskov;51;710
2021-03-17;Odder;151;727
2021-03-17;Randers;136;730
2021-03-17;Silkeborg;735;740
2021-03-17;Samsø;60;741
2021-03-17;Skanderborg;349;746
2021-03-17;Århus;537;751
2021-03-17;Ikast-Brande;129;756
2021-03-17;Ringkøbing-Skjern;261;760
2021-03-17;Hedensted;79;766
2021-03-17;Morsø;4;773
2021-03-17;Skive;27;779
2021-03-17;Thisted;14;787
2021-03-17;Viborg;328;791
2021-03-17;Brønderslev;122;810
2021-03-17;Frederikshavn;8;813
2021-03-17;Vesthimmerland;18;820
2021-03-17;Rebild;57;840
2021-03-17;Mariagerfjord;343;846
2021-03-17;Jammerbugt;35;849
2021-03-17;Aalborg;795;851
2021-03-17;Hjørring;8;860
2021-03-18;København;1641;101
2021-03-18;Frederiksberg;666;147
2021-03-18;Ballerup;49;151
2021-03-18;Brøndby;95;153
2021-03-18;Dragør;135;155
2021-03-18;Gentofte;400;157
2021-03-18;Gladsaxe;148;159
2021-03-18;Glostrup;35;161
2021-03-18;Herlev;62;163
2021-03-18;Albertslund;27;165
2021-03-18;Hvidovre;204;167
2021-03-18;Høje Tåstrup;53;169
2021-03-18;Lyngby-Taarbæk;169;173
2021-03-18;Rødovre;166;175
2021-03-18;Ishøj;10;183
2021-03-18;Tårnby;233;185
2021-03-18;Vallensbæk;20;187
2021-03-18;Furesø;113;190
2021-03-18;Allerød;103;201
2021-03-18;Fredensborg;121;210
2021-03-18;Helsingør;249;217
2021-03-18;Hillerød;195;219
2021-03-18;Hørsholm;120;223
2021-03-18;Rudersdal;293;230
2021-03-18;Egedal;24;240
2021-03-18;Frederikssund;135;250
2021-03-18;Greve;90;253
2021-03-18;Køge;151;259
2021-03-18;Halsnæs;134;260
2021-03-18;Roskilde;206;265
2021-03-18;Solrød;32;269
2021-03-18;Gribskov;142;270
2021-03-18;Odsherred;137;306
2021-03-18;Holbæk;179;316
2021-03-18;Faxe;34;320
2021-03-18;Kalundborg;94;326
2021-03-18;Ringsted;74;329
2021-03-18;Slagelse;305;330
2021-03-18;Stevns;40;336
2021-03-18;Sorø;168;340
2021-03-18;Lejre;50;350
2021-03-18;Lolland;153;360
2021-03-18;Næstved;21;370
2021-03-18;Guldborgsund;49;376
2021-03-18;Vordingborg;18;390
2021-03-18;Bornholm;74;400
2021-03-18;Middelfart;27;410
2021-03-18;Assens;38;420
2021-03-18;Faaborg-Midtfyn;99;430
2021-03-18;Kerteminde;51;440
2021-03-18;Nyborg;100;450
2021-03-18;Odense;235;461
2021-03-18;Svendborg;175;479
2021-03-18;Nordfyn;44;480
2021-03-18;Langeland;69;482
2021-03-18;Ærø;23;492
2021-03-18;Haderslev;108;510
2021-03-18;Billund;30;530
2021-03-18;Sønderborg;161;540
2021-03-18;Tønder;102;550
2021-03-18;Esbjerg;84;561
2021-03-18;Fanø;6;563
2021-03-18;Varde;45;573
2021-03-18;Vejen;22;575
2021-03-18;Aabenraa;117;580
2021-03-18;Fredericia;51;607
2021-03-18;Horsens;149;615
2021-03-18;Kolding;83;621
2021-03-18;Vejle;108;630
2021-03-18;Herning;470;657
2021-03-18;Holstebro;49;661
2021-03-18;Lemvig;59;665
2021-03-18;Struer;63;671
2021-03-18;Syddjurs;143;706
2021-03-18;Norddjurs;186;707
2021-03-18;Favrskov;35;710
2021-03-18;Odder;45;727
2021-03-18;Randers;654;730
2021-03-18;Silkeborg;239;740
2021-03-18;Skanderborg;158;746
2021-03-18;Århus;495;751
2021-03-18;Ikast-Brande;128;756
2021-03-18;Ringkøbing-Skjern;217;760
2021-03-18;Hedensted;74;766
2021-03-18;Morsø;3;773
2021-03-18;Skive;99;779
2021-03-18;Thisted;5;787
2021-03-18;Viborg;166;791
2021-03-18;Brønderslev;44;810
2021-03-18;Frederikshavn;571;813
2021-03-18;Vesthimmerland;534;820
2021-03-18;Læsø;117;825
2021-03-18;Rebild;116;840
2021-03-18;Mariagerfjord;22;846
2021-03-18;Jammerbugt;24;849
2021-03-18;Aalborg;115;851
2021-03-18;Hjørring;85;860
2021-03-19;København;819;101
2021-03-19;Frederiksberg;220;147
2021-03-19;Ballerup;76;151
2021-03-19;Brøndby;121;153
2021-03-19;Dragør;53;155
2021-03-19;Gentofte;112;157
2021-03-19;Gladsaxe;91;159
2021-03-19;Glostrup;34;161
2021-03-19;Herlev;31;163
2021-03-19;Albertslund;44;165
2021-03-19;Hvidovre;107;167
2021-03-19;Høje Tåstrup;62;169
2021-03-19;Lyngby-Taarbæk;84;173
2021-03-19;Rødovre;44;175
2021-03-19;Ishøj;33;183
2021-03-19;Tårnby;109;185
2021-03-19;Vallensbæk;38;187
2021-03-19;Furesø;75;190
2021-03-19;Allerød;41;201
2021-03-19;Fredensborg;79;210
2021-03-19;Helsingør;95;217
2021-03-19;Hillerød;96;219
2021-03-19;Hørsholm;41;223
2021-03-19;Rudersdal;79;230
2021-03-19;Egedal;56;240
2021-03-19;Frederikssund;61;250
2021-03-19;Greve;26;253
2021-03-19;Køge;15;259
2021-03-19;Halsnæs;51;260
2021-03-19;Roskilde;15;265
2021-03-19;Solrød;9;269
2021-03-19;Gribskov;77;270
2021-03-19;Odsherred;18;306
2021-03-19;Holbæk;41;316
2021-03-19;Faxe;18;320
2021-03-19;Kalundborg;13;326
2021-03-19;Ringsted;23;329
2021-03-19;Slagelse;11;330
2021-03-19;Stevns;9;336
2021-03-19;Sorø;25;340
2021-03-19;Lejre;13;350
2021-03-19;Lolland;2;360
2021-03-19;Næstved;65;370
2021-03-19;Guldborgsund;13;376
2021-03-19;Vordingborg;34;390
2021-03-19;Bornholm;122;400
2021-03-19;Middelfart;34;410
2021-03-19;Assens;41;420
2021-03-19;Faaborg-Midtfyn;48;430
2021-03-19;Kerteminde;15;440
2021-03-19;Nyborg;259;450
2021-03-19;Odense;230;461
2021-03-19;Svendborg;34;479
2021-03-19;Nordfyn;24;480
2021-03-19;Langeland;1;482
2021-03-19;Haderslev;119;510
2021-03-19;Billund;13;530
2021-03-19;Sønderborg;159;540
2021-03-19;Tønder;72;550
2021-03-19;Esbjerg;177;561
2021-03-19;Fanø;3;563
2021-03-19;Varde;37;573
2021-03-19;Vejen;34;575
2021-03-19;Aabenraa;116;580
2021-03-19;Fredericia;29;607
2021-03-19;Horsens;251;615
2021-03-19;Kolding;45;621
2021-03-19;Vejle;58;630
2021-03-19;Herning;37;657
2021-03-19;Holstebro;100;661
2021-03-19;Lemvig;25;665
2021-03-19;Struer;24;671
2021-03-19;Syddjurs;141;706
2021-03-19;Norddjurs;15;707
2021-03-19;Favrskov;43;710
2021-03-19;Odder;66;727
2021-03-19;Randers;101;730
2021-03-19;Silkeborg;24;740
2021-03-19;Samsø;1;741
2021-03-19;Skanderborg;227;746
2021-03-19;Århus;552;751
2021-03-19;Ikast-Brande;7;756
2021-03-19;Ringkøbing-Skjern;7;760
2021-03-19;Hedensted;110;766
2021-03-19;Morsø;59;773
2021-03-19;Skive;33;779
2021-03-19;Thisted;597;787
2021-03-19;Viborg;20;791
2021-03-19;Brønderslev;7;810
2021-03-19;Frederikshavn;3;813
2021-03-19;Vesthimmerland;16;820
2021-03-19;Rebild;22;840
2021-03-19;Mariagerfjord;219;846
2021-03-19;Jammerbugt;17;849
2021-03-19;Aalborg;146;851
2021-03-19;Hjørring;24;860
2021-03-20;København;37;101
2021-03-20;Frederiksberg;10;147
2021-03-20;Ballerup;3;151
2021-03-20;Brøndby;1;153
2021-03-20;Gentofte;5;157
2021-03-20;Gladsaxe;1;159
2021-03-20;Glostrup;2;161
2021-03-20;Albertslund;5;165
2021-03-20;Hvidovre;3;167
2021-03-20;Høje Tåstrup;15;169
2021-03-20;Lyngby-Taarbæk;2;173
2021-03-20;Rødovre;1;175
2021-03-20;Allerød;1;201
2021-03-20;Fredensborg;1;210
2021-03-20;Hillerød;5;219
2021-03-20;Rudersdal;6;230
2021-03-20;Egedal;18;240
2021-03-20;Frederikssund;25;250
2021-03-20;Greve;35;253
2021-03-20;Køge;59;259
2021-03-20;Halsnæs;12;260
2021-03-20;Roskilde;163;265
2021-03-20;Solrød;29;269
2021-03-20;Gribskov;8;270
2021-03-20;Odsherred;36;306
2021-03-20;Holbæk;70;316
2021-03-20;Faxe;23;320
2021-03-20;Kalundborg;33;326
2021-03-20;Ringsted;41;329
2021-03-20;Slagelse;36;330
2021-03-20;Stevns;21;336
2021-03-20;Sorø;11;340
2021-03-20;Lejre;58;350
2021-03-20;Lolland;82;360
2021-03-20;Næstved;83;370
2021-03-20;Guldborgsund;145;376
2021-03-20;Vordingborg;78;390
2021-03-20;Bornholm;16;400
2021-03-20;Middelfart;32;410
2021-03-20;Assens;26;420
2021-03-20;Faaborg-Midtfyn;26;430
2021-03-20;Kerteminde;17;440
2021-03-20;Nyborg;12;450
2021-03-20;Odense;108;461
2021-03-20;Svendborg;13;479
2021-03-20;Nordfyn;17;480
2021-03-20;Langeland;1;482
2021-03-20;Haderslev;47;510
2021-03-20;Billund;18;530
2021-03-20;Sønderborg;52;540
2021-03-20;Tønder;18;550
2021-03-20;Esbjerg;49;561
2021-03-20;Fanø;1;563
2021-03-20;Varde;18;573
2021-03-20;Vejen;40;575
2021-03-20;Aabenraa;47;580
2021-03-20;Fredericia;53;607
2021-03-20;Horsens;40;615
2021-03-20;Kolding;127;621
2021-03-20;Vejle;178;630
2021-03-20;Herning;23;657
2021-03-20;Holstebro;1;661
2021-03-20;Struer;1;671
2021-03-20;Syddjurs;3;706
2021-03-20;Norddjurs;4;707
2021-03-20;Favrskov;5;710
2021-03-20;Odder;4;727
2021-03-20;Randers;8;730
2021-03-20;Silkeborg;11;740
2021-03-20;Skanderborg;5;746
2021-03-20;Århus;178;751
2021-03-20;Ikast-Brande;245;756
2021-03-20;Hedensted;331;766
2021-03-20;Skive;3;779
2021-03-20;Viborg;3;791
2021-03-20;Frederikshavn;3;813
2021-03-20;Vesthimmerland;3;820
2021-03-20;Aalborg;1;851
2021-03-20;Hjørring;5;860
2021-03-21;København;313;101
2021-03-21;Frederiksberg;58;147
2021-03-21;Ballerup;154;151
2021-03-21;Brøndby;61;153
2021-03-21;Dragør;27;155
2021-03-21;Gentofte;85;157
2021-03-21;Gladsaxe;112;159
2021-03-21;Glostrup;36;161
2021-03-21;Herlev;55;163
2021-03-21;Albertslund;45;165
2021-03-21;Hvidovre;91;167
2021-03-21;Høje Tåstrup;83;169
2021-03-21;Lyngby-Taarbæk;87;173
2021-03-21;Rødovre;39;175
2021-03-21;Ishøj;40;183
2021-03-21;Tårnby;68;185
2021-03-21;Vallensbæk;35;187
2021-03-21;Furesø;79;190
2021-03-21;Allerød;28;201
2021-03-21;Fredensborg;53;210
2021-03-21;Helsingør;92;217
2021-03-21;Hillerød;65;219
2021-03-21;Hørsholm;47;223
2021-03-21;Rudersdal;84;230
2021-03-21;Egedal;102;240
2021-03-21;Frederikssund;80;250
2021-03-21;Greve;89;253
2021-03-21;Køge;60;259
2021-03-21;Halsnæs;86;260
2021-03-21;Roskilde;139;265
2021-03-21;Solrød;37;269
2021-03-21;Gribskov;45;270
2021-03-21;Odsherred;56;306
2021-03-21;Holbæk;128;316
2021-03-21;Faxe;47;320
2021-03-21;Kalundborg;124;326
2021-03-21;Ringsted;60;329
2021-03-21;Slagelse;225;330
2021-03-21;Stevns;19;336
2021-03-21;Sorø;110;340
2021-03-21;Lejre;51;350
2021-03-21;Lolland;9;360
2021-03-21;Næstved;101;370
2021-03-21;Guldborgsund;23;376
2021-03-21;Vordingborg;41;390
2021-03-21;Bornholm;99;400
2021-03-21;Middelfart;27;410
2021-03-21;Assens;24;420
2021-03-21;Faaborg-Midtfyn;20;430
2021-03-21;Kerteminde;13;440
2021-03-21;Nyborg;24;450
2021-03-21;Odense;115;461
2021-03-21;Svendborg;10;479
2021-03-21;Nordfyn;14;480
2021-03-21;Langeland;2;482
2021-03-21;Ærø;1;492
2021-03-21;Haderslev;46;510
2021-03-21;Billund;13;530
2021-03-21;Sønderborg;37;540
2021-03-21;Tønder;25;550
2021-03-21;Esbjerg;52;561
2021-03-21;Fanø;1;563
2021-03-21;Varde;14;573
2021-03-21;Vejen;32;575
2021-03-21;Aabenraa;49;580
2021-03-21;Fredericia;41;607
2021-03-21;Horsens;7;615
2021-03-21;Kolding;101;621
2021-03-21;Vejle;78;630
2021-03-21;Syddjurs;5;706
2021-03-21;Favrskov;5;710
2021-03-21;Odder;5;727
2021-03-21;Randers;2;730
2021-03-21;Silkeborg;7;740
2021-03-21;Skanderborg;16;746
2021-03-21;Århus;546;751
2021-03-21;Ikast-Brande;7;756
2021-03-21;Hedensted;17;766
2021-03-21;Viborg;2;791
2021-03-21;Aalborg;1;851
2021-03-22;København;77;101
2021-03-22;Frederiksberg;12;147
2021-03-22;Gentofte;5;157
2021-03-22;Gladsaxe;2;159
2021-03-22;Herlev;3;163
2021-03-22;Hvidovre;2;167
2021-03-22;Høje Tåstrup;2;169
2021-03-22;Lyngby-Taarbæk;2;173
2021-03-22;Rødovre;2;175
2021-03-22;Vallensbæk;1;187
2021-03-22;Furesø;2;190
2021-03-22;Fredensborg;2;210
2021-03-22;Hørsholm;1;223
2021-03-22;Rudersdal;1;230
2021-03-22;Egedal;1;240
2021-03-22;Frederikssund;6;250
2021-03-22;Køge;6;259
2021-03-22;Roskilde;10;265
2021-03-22;Solrød;2;269
2021-03-22;Gribskov;1;270
2021-03-22;Odsherred;31;306
2021-03-22;Holbæk;73;316
2021-03-22;Faxe;6;320
2021-03-22;Kalundborg;35;326
2021-03-22;Ringsted;7;329
2021-03-22;Slagelse;29;330
2021-03-22;Sorø;12;340
2021-03-22;Lejre;4;350
2021-03-22;Lolland;118;360
2021-03-22;Næstved;31;370
2021-03-22;Guldborgsund;224;376
2021-03-22;Vordingborg;96;390
2021-03-22;Bornholm;1;400
2021-03-22;Middelfart;12;410
2021-03-22;Assens;19;420
2021-03-22;Faaborg-Midtfyn;16;430
2021-03-22;Kerteminde;9;440
2021-03-22;Nyborg;5;450
2021-03-22;Odense;74;461
2021-03-22;Svendborg;9;479
2021-03-22;Nordfyn;13;480
2021-03-22;Langeland;1;482
2021-03-22;Haderslev;32;510
2021-03-22;Billund;127;530
2021-03-22;Sønderborg;50;540
2021-03-22;Tønder;29;550
2021-03-22;Esbjerg;213;561
2021-03-22;Fanø;3;563
2021-03-22;Varde;103;573
2021-03-22;Vejen;56;575
2021-03-22;Aabenraa;19;580
2021-03-22;Fredericia;21;607
2021-03-22;Horsens;43;615
2021-03-22;Kolding;56;621
2021-03-22;Vejle;95;630
2021-03-22;Herning;144;657
2021-03-22;Holstebro;11;661
2021-03-22;Struer;1;671
2021-03-22;Syddjurs;186;706
2021-03-22;Norddjurs;270;707
2021-03-22;Favrskov;227;710
2021-03-22;Odder;26;727
2021-03-22;Randers;189;730
2021-03-22;Silkeborg;24;740
2021-03-22;Samsø;1;741
2021-03-22;Skanderborg;101;746
2021-03-22;Århus;708;751
2021-03-22;Ikast-Brande;25;756
2021-03-22;Ringkøbing-Skjern;17;760
2021-03-22;Hedensted;25;766
2021-03-22;Morsø;3;773
2021-03-22;Skive;84;779
2021-03-22;Thisted;14;787
2021-03-22;Viborg;84;791
2021-03-22;Brønderslev;1;810
2021-03-22;Frederikshavn;21;813
2021-03-22;Vesthimmerland;3;820
2021-03-22;Rebild;9;840
2021-03-22;Mariagerfjord;76;846
2021-03-22;Aalborg;3;851
2021-03-22;Hjørring;2;860
2021-03-23;København;529;101
2021-03-23;Frederiksberg;104;147
2021-03-23;Ballerup;62;151
2021-03-23;Brøndby;39;153
2021-03-23;Dragør;22;155
2021-03-23;Gentofte;85;157
2021-03-23;Gladsaxe;60;159
2021-03-23;Glostrup;20;161
2021-03-23;Herlev;24;163
2021-03-23;Albertslund;35;165
2021-03-23;Hvidovre;45;167
2021-03-23;Høje Tåstrup;84;169
2021-03-23;Lyngby-Taarbæk;44;173
2021-03-23;Rødovre;28;175
2021-03-23;Ishøj;31;183
2021-03-23;Tårnby;37;185
2021-03-23;Vallensbæk;28;187
2021-03-23;Furesø;61;190
2021-03-23;Allerød;23;201
2021-03-23;Fredensborg;52;210
2021-03-23;Helsingør;91;217
2021-03-23;Hillerød;44;219
2021-03-23;Hørsholm;27;223
2021-03-23;Rudersdal;73;230
2021-03-23;Egedal;62;240
2021-03-23;Frederikssund;63;250
2021-03-23;Greve;102;253
2021-03-23;Køge;122;259
2021-03-23;Halsnæs;45;260
2021-03-23;Roskilde;91;265
2021-03-23;Solrød;31;269
2021-03-23;Gribskov;54;270
2021-03-23;Odsherred;120;306
2021-03-23;Holbæk;173;316
2021-03-23;Faxe;80;320
2021-03-23;Kalundborg;202;326
2021-03-23;Ringsted;58;329
2021-03-23;Slagelse;136;330
2021-03-23;Stevns;44;336
2021-03-23;Sorø;66;340
2021-03-23;Lejre;34;350
2021-03-23;Lolland;13;360
2021-03-23;Næstved;239;370
2021-03-23;Guldborgsund;224;376
2021-03-23;Vordingborg;170;390
2021-03-23;Bornholm;140;400
2021-03-23;Middelfart;23;410
2021-03-23;Assens;31;420
2021-03-23;Faaborg-Midtfyn;83;430
2021-03-23;Kerteminde;34;440
2021-03-23;Nyborg;37;450
2021-03-23;Odense;218;461
2021-03-23;Svendborg;145;479
2021-03-23;Nordfyn;32;480
2021-03-23;Langeland;88;482
2021-03-23;Ærø;5;492
2021-03-23;Haderslev;2;510
2021-03-23;Billund;1;530
2021-03-23;Sønderborg;10;540
2021-03-23;Esbjerg;10;561
2021-03-23;Fanø;6;563
2021-03-23;Varde;5;573
2021-03-23;Vejen;6;575
2021-03-23;Aabenraa;2;580
2021-03-23;Fredericia;8;607
2021-03-23;Horsens;66;615
2021-03-23;Kolding;21;621
2021-03-23;Vejle;25;630
2021-03-23;Herning;7;657
2021-03-23;Holstebro;16;661
2021-03-23;Lemvig;1;665
2021-03-23;Struer;1;671
2021-03-23;Syddjurs;43;706
2021-03-23;Norddjurs;11;707
2021-03-23;Favrskov;45;710
2021-03-23;Odder;28;727
2021-03-23;Randers;57;730
2021-03-23;Silkeborg;129;740
2021-03-23;Skanderborg;21;746
2021-03-23;Århus;367;751
2021-03-23;Ikast-Brande;1;756
2021-03-23;Ringkøbing-Skjern;4;760
2021-03-23;Hedensted;53;766
2021-03-23;Morsø;15;773
2021-03-23;Skive;79;779
2021-03-23;Thisted;6;787
2021-03-23;Viborg;31;791
2021-03-23;Brønderslev;11;810
2021-03-23;Frederikshavn;281;813
2021-03-23;Rebild;2;840
2021-03-23;Mariagerfjord;3;846
2021-03-23;Jammerbugt;5;849
2021-03-23;Aalborg;25;851
2021-03-23;Hjørring;11;860
2021-03-24;København;377;101
2021-03-24;Frederiksberg;146;147
2021-03-24;Ballerup;47;151
2021-03-24;Brøndby;26;153
2021-03-24;Dragør;27;155
2021-03-24;Gentofte;99;157
2021-03-24;Gladsaxe;51;159
2021-03-24;Glostrup;41;161
2021-03-24;Herlev;33;163
2021-03-24;Albertslund;30;165
2021-03-24;Hvidovre;43;167
2021-03-24;Høje Tåstrup;53;169
2021-03-24;Lyngby-Taarbæk;78;173
2021-03-24;Rødovre;29;175
2021-03-24;Ishøj;19;183
2021-03-24;Tårnby;60;185
2021-03-24;Vallensbæk;24;187
2021-03-24;Furesø;34;190
2021-03-24;Allerød;9;201
2021-03-24;Fredensborg;19;210
2021-03-24;Helsingør;32;217
2021-03-24;Hillerød;12;219
2021-03-24;Hørsholm;23;223
2021-03-24;Rudersdal;62;230
2021-03-24;Egedal;22;240
2021-03-24;Frederikssund;46;250
2021-03-24;Greve;122;253
2021-03-24;Køge;50;259
2021-03-24;Halsnæs;17;260
2021-03-24;Roskilde;357;265
2021-03-24;Solrød;46;269
2021-03-24;Gribskov;23;270
2021-03-24;Odsherred;121;306
2021-03-24;Holbæk;224;316
2021-03-24;Faxe;84;320
2021-03-24;Kalundborg;173;326
2021-03-24;Ringsted;86;329
2021-03-24;Slagelse;409;330
2021-03-24;Stevns;93;336
2021-03-24;Sorø;108;340
2021-03-24;Lejre;100;350
2021-03-24;Lolland;102;360
2021-03-24;Næstved;247;370
2021-03-24;Guldborgsund;168;376
2021-03-24;Vordingborg;67;390
2021-03-24;Bornholm;31;400
2021-03-24;Middelfart;73;410
2021-03-24;Assens;79;420
2021-03-24;Faaborg-Midtfyn;102;430
2021-03-24;Kerteminde;24;440
2021-03-24;Nyborg;81;450
2021-03-24;Odense;223;461
2021-03-24;Svendborg;110;479
2021-03-24;Nordfyn;27;480
2021-03-24;Langeland;28;482
2021-03-24;Haderslev;26;510
2021-03-24;Billund;24;530
2021-03-24;Sønderborg;4;540
2021-03-24;Tønder;3;550
2021-03-24;Esbjerg;34;561
2021-03-24;Fanø;3;563
2021-03-24;Varde;77;573
2021-03-24;Vejen;28;575
2021-03-24;Aabenraa;3;580
2021-03-24;Fredericia;42;607
2021-03-24;Horsens;62;615
2021-03-24;Kolding;160;621
2021-03-24;Vejle;220;630
2021-03-24;Herning;162;657
2021-03-24;Holstebro;213;661
2021-03-24;Lemvig;117;665
2021-03-24;Struer;89;671
2021-03-24;Syddjurs;27;706
2021-03-24;Norddjurs;24;707
2021-03-24;Favrskov;130;710
2021-03-24;Odder;15;727
2021-03-24;Randers;252;730
2021-03-24;Silkeborg;347;740
2021-03-24;Skanderborg;33;746
2021-03-24;Århus;202;751
2021-03-24;Ikast-Brande;239;756
2021-03-24;Ringkøbing-Skjern;717;760
2021-03-24;Hedensted;38;766
2021-03-24;Morsø;3;773
2021-03-24;Skive;78;779
2021-03-24;Thisted;26;787
2021-03-24;Viborg;129;791
2021-03-24;Brønderslev;23;810
2021-03-24;Frederikshavn;65;813
2021-03-24;Vesthimmerland;7;820
2021-03-24;Rebild;27;840
2021-03-24;Mariagerfjord;15;846
2021-03-24;Jammerbugt;99;849
2021-03-24;Aalborg;1160;851
2021-03-24;Hjørring;4;860
2021-03-25;København;333;101
2021-03-25;Frederiksberg;94;147
2021-03-25;Ballerup;69;151
2021-03-25;Brøndby;28;153
2021-03-25;Dragør;18;155
2021-03-25;Gentofte;95;157
2021-03-25;Gladsaxe;45;159
2021-03-25;Glostrup;11;161
2021-03-25;Herlev;32;163
2021-03-25;Albertslund;30;165
2021-03-25;Hvidovre;92;167
2021-03-25;Høje Tåstrup;39;169
2021-03-25;Lyngby-Taarbæk;60;173
2021-03-25;Rødovre;48;175
2021-03-25;Ishøj;14;183
2021-03-25;Tårnby;31;185
2021-03-25;Vallensbæk;25;187
2021-03-25;Furesø;68;190
2021-03-25;Allerød;30;201
2021-03-25;Fredensborg;33;210
2021-03-25;Helsingør;83;217
2021-03-25;Hillerød;40;219
2021-03-25;Hørsholm;53;223
2021-03-25;Rudersdal;123;230
2021-03-25;Egedal;75;240
2021-03-25;Frederikssund;35;250
2021-03-25;Greve;63;253
2021-03-25;Køge;70;259
2021-03-25;Halsnæs;14;260
2021-03-25;Roskilde;85;265
2021-03-25;Solrød;22;269
2021-03-25;Gribskov;16;270
2021-03-25;Odsherred;34;306
2021-03-25;Holbæk;101;316
2021-03-25;Faxe;40;320
2021-03-25;Kalundborg;17;326
2021-03-25;Ringsted;46;329
2021-03-25;Slagelse;68;330
2021-03-25;Stevns;27;336
2021-03-25;Sorø;64;340
2021-03-25;Lejre;16;350
2021-03-25;Lolland;105;360
2021-03-25;Næstved;101;370
2021-03-25;Guldborgsund;16;376
2021-03-25;Vordingborg;14;390
2021-03-25;Bornholm;170;400
2021-03-25;Middelfart;32;410
2021-03-25;Assens;84;420
2021-03-25;Faaborg-Midtfyn;76;430
2021-03-25;Kerteminde;100;440
2021-03-25;Nyborg;64;450
2021-03-25;Odense;186;461
2021-03-25;Svendborg;173;479
2021-03-25;Nordfyn;64;480
2021-03-25;Langeland;21;482
2021-03-25;Haderslev;27;510
2021-03-25;Billund;17;530
2021-03-25;Sønderborg;64;540
2021-03-25;Tønder;10;550
2021-03-25;Esbjerg;354;561
2021-03-25;Fanø;1;563
2021-03-25;Varde;21;573
2021-03-25;Vejen;23;575
2021-03-25;Aabenraa;23;580
2021-03-25;Fredericia;23;607
2021-03-25;Horsens;85;615
2021-03-25;Kolding;46;621
2021-03-25;Vejle;78;630
2021-03-25;Herning;115;657
2021-03-25;Holstebro;68;661
2021-03-25;Lemvig;165;665
2021-03-25;Struer;92;671
2021-03-25;Syddjurs;76;706
2021-03-25;Norddjurs;21;707
2021-03-25;Favrskov;83;710
2021-03-25;Odder;13;727
2021-03-25;Randers;206;730
2021-03-25;Silkeborg;205;740
2021-03-25;Samsø;1;741
2021-03-25;Skanderborg;10;746
2021-03-25;Århus;154;751
2021-03-25;Ikast-Brande;31;756
2021-03-25;Ringkøbing-Skjern;114;760
2021-03-25;Hedensted;72;766
2021-03-25;Morsø;2;773
2021-03-25;Skive;268;779
2021-03-25;Thisted;13;787
2021-03-25;Viborg;686;791
2021-03-25;Brønderslev;122;810
2021-03-25;Frederikshavn;41;813
2021-03-25;Vesthimmerland;8;820
2021-03-25;Rebild;7;840
2021-03-25;Mariagerfjord;11;846
2021-03-25;Jammerbugt;49;849
2021-03-25;Aalborg;22;851
2021-03-25;Hjørring;740;860
2021-03-26;København;137;101
2021-03-26;Frederiksberg;16;147
2021-03-26;Ballerup;10;151
2021-03-26;Brøndby;42;153
2021-03-26;Dragør;1;155
2021-03-26;Gentofte;29;157
2021-03-26;Gladsaxe;10;159
2021-03-26;Glostrup;16;161
2021-03-26;Herlev;3;163
2021-03-26;Albertslund;29;165
2021-03-26;Hvidovre;20;167
2021-03-26;Høje Tåstrup;60;169
2021-03-26;Lyngby-Taarbæk;6;173
2021-03-26;Rødovre;3;175
2021-03-26;Ishøj;18;183
2021-03-26;Vallensbæk;15;187
2021-03-26;Furesø;32;190
2021-03-26;Allerød;19;201
2021-03-26;Fredensborg;35;210
2021-03-26;Helsingør;60;217
2021-03-26;Hillerød;47;219
2021-03-26;Hørsholm;23;223
2021-03-26;Rudersdal;35;230
2021-03-26;Egedal;21;240
2021-03-26;Frederikssund;44;250
2021-03-26;Greve;50;253
2021-03-26;Køge;152;259
2021-03-26;Halsnæs;33;260
2021-03-26;Roskilde;99;265
2021-03-26;Solrød;39;269
2021-03-26;Gribskov;44;270
2021-03-26;Odsherred;49;306
2021-03-26;Holbæk;53;316
2021-03-26;Faxe;72;320
2021-03-26;Kalundborg;96;326
2021-03-26;Ringsted;40;329
2021-03-26;Slagelse;202;330
2021-03-26;Stevns;50;336
2021-03-26;Sorø;42;340
2021-03-26;Lejre;21;350
2021-03-26;Lolland;66;360
2021-03-26;Næstved;184;370
2021-03-26;Guldborgsund;113;376
2021-03-26;Vordingborg;65;390
2021-03-26;Bornholm;108;400
2021-03-26;Middelfart;44;410
2021-03-26;Assens;54;420
2021-03-26;Faaborg-Midtfyn;46;430
2021-03-26;Kerteminde;35;440
2021-03-26;Nyborg;34;450
2021-03-26;Odense;225;461
2021-03-26;Svendborg;16;479
2021-03-26;Nordfyn;42;480
2021-03-26;Langeland;3;482
2021-03-26;Haderslev;15;510
2021-03-26;Billund;36;530
2021-03-26;Sønderborg;50;540
2021-03-26;Tønder;5;550
2021-03-26;Esbjerg;83;561
2021-03-26;Varde;34;573
2021-03-26;Vejen;48;575
2021-03-26;Aabenraa;7;580
2021-03-26;Fredericia;73;607
2021-03-26;Horsens;54;615
2021-03-26;Kolding;129;621
2021-03-26;Vejle;174;630
2021-03-26;Herning;12;657
2021-03-26;Holstebro;112;661
2021-03-26;Lemvig;16;665
2021-03-26;Struer;44;671
2021-03-26;Syddjurs;118;706
2021-03-26;Norddjurs;163;707
2021-03-26;Favrskov;40;710
2021-03-26;Odder;31;727
2021-03-26;Randers;123;730
2021-03-26;Silkeborg;74;740
2021-03-26;Samsø;1;741
2021-03-26;Skanderborg;92;746
2021-03-26;Århus;180;751
2021-03-26;Ikast-Brande;9;756
2021-03-26;Ringkøbing-Skjern;11;760
2021-03-26;Hedensted;52;766
2021-03-26;Morsø;332;773
2021-03-26;Skive;331;779
2021-03-26;Thisted;61;787
2021-03-26;Viborg;95;791
2021-03-26;Brønderslev;2;810
2021-03-26;Vesthimmerland;20;820
2021-03-26;Rebild;324;840
2021-03-26;Mariagerfjord;101;846
2021-03-26;Jammerbugt;3;849
2021-03-26;Aalborg;255;851
2021-03-27;København;592;101
2021-03-27;Frederiksberg;169;147
2021-03-27;Ballerup;145;151
2021-03-27;Brøndby;67;153
2021-03-27;Dragør;34;155
2021-03-27;Gentofte;135;157
2021-03-27;Gladsaxe;73;159
2021-03-27;Glostrup;50;161
2021-03-27;Herlev;46;163
2021-03-27;Albertslund;46;165
2021-03-27;Hvidovre;104;167
2021-03-27;Høje Tåstrup;119;169
2021-03-27;Lyngby-Taarbæk;79;173
2021-03-27;Rødovre;49;175
2021-03-27;Ishøj;48;183
2021-03-27;Tårnby;60;185
2021-03-27;Vallensbæk;22;187
2021-03-27;Furesø;87;190
2021-03-27;Allerød;47;201
2021-03-27;Fredensborg;72;210
2021-03-27;Helsingør;90;217
2021-03-27;Hillerød;111;219
2021-03-27;Hørsholm;63;223
2021-03-27;Rudersdal;108;230
2021-03-27;Egedal;88;240
2021-03-27;Frederikssund;108;250
2021-03-27;Greve;176;253
2021-03-27;Køge;239;259
2021-03-27;Halsnæs;69;260
2021-03-27;Roskilde;298;265
2021-03-27;Solrød;96;269
2021-03-27;Gribskov;92;270
2021-03-27;Odsherred;103;306
2021-03-27;Holbæk;180;316
2021-03-27;Faxe;112;320
2021-03-27;Kalundborg;145;326
2021-03-27;Ringsted;113;329
2021-03-27;Slagelse;356;330
2021-03-27;Stevns;88;336
2021-03-27;Sorø;123;340
2021-03-27;Lejre;77;350
2021-03-27;Lolland;173;360
2021-03-27;Næstved;349;370
2021-03-27;Guldborgsund;276;376
2021-03-27;Vordingborg;252;390
2021-03-27;Bornholm;101;400
2021-03-27;Middelfart;48;410
2021-03-27;Assens;52;420
2021-03-27;Faaborg-Midtfyn;57;430
2021-03-27;Kerteminde;42;440
2021-03-27;Nyborg;41;450
2021-03-27;Odense;328;461
2021-03-27;Svendborg;37;479
2021-03-27;Nordfyn;52;480
2021-03-27;Langeland;5;482
2021-03-27;Ærø;1;492
2021-03-27;Haderslev;28;510
2021-03-27;Billund;22;530
2021-03-27;Sønderborg;42;540
2021-03-27;Tønder;14;550
2021-03-27;Esbjerg;16;561
2021-03-27;Fanø;1;563
2021-03-27;Varde;2;573
2021-03-27;Vejen;41;575
2021-03-27;Aabenraa;20;580
2021-03-27;Fredericia;48;607
2021-03-27;Horsens;19;615
2021-03-27;Kolding;121;621
2021-03-27;Vejle;88;630
2021-03-27;Herning;4;657
2021-03-27;Syddjurs;19;706
2021-03-27;Norddjurs;6;707
2021-03-27;Favrskov;16;710
2021-03-27;Odder;8;727
2021-03-27;Randers;5;730
2021-03-27;Silkeborg;3;740
2021-03-27;Skanderborg;14;746
2021-03-27;Århus;299;751
2021-03-27;Ikast-Brande;9;756
2021-03-27;Hedensted;35;766
2021-03-27;Morsø;1;773
2021-03-27;Skive;1;779
2021-03-27;Thisted;3;787
2021-03-27;Viborg;3;791
2021-03-27;Brønderslev;41;810
2021-03-27;Frederikshavn;87;813
2021-03-27;Vesthimmerland;30;820
2021-03-27;Rebild;17;840
2021-03-27;Mariagerfjord;7;846
2021-03-27;Jammerbugt;550;849
2021-03-27;Aalborg;965;851
2021-03-27;Hjørring;604;860
2021-03-28;København;604;101
2021-03-28;Frederiksberg;185;147
2021-03-28;Ballerup;103;151
2021-03-28;Brøndby;63;153
2021-03-28;Dragør;39;155
2021-03-28;Gentofte;151;157
2021-03-28;Gladsaxe;89;159
2021-03-28;Glostrup;54;161
2021-03-28;Herlev;38;163
2021-03-28;Albertslund;74;165
2021-03-28;Hvidovre;88;167
2021-03-28;Høje Tåstrup;126;169
2021-03-28;Lyngby-Taarbæk;87;173
2021-03-28;Rødovre;52;175
2021-03-28;Ishøj;49;183
2021-03-28;Tårnby;70;185
2021-03-28;Vallensbæk;29;187
2021-03-28;Furesø;93;190
2021-03-28;Allerød;39;201
2021-03-28;Fredensborg;76;210
2021-03-28;Helsingør;109;217
2021-03-28;Hillerød;90;219
2021-03-28;Hørsholm;51;223
2021-03-28;Rudersdal;110;230
2021-03-28;Egedal;87;240
2021-03-28;Frederikssund;99;250
2021-03-28;Greve;236;253
2021-03-28;Køge;203;259
2021-03-28;Halsnæs;85;260
2021-03-28;Roskilde;263;265
2021-03-28;Solrød;87;269
2021-03-28;Gribskov;103;270
2021-03-28;Odsherred;146;306
2021-03-28;Holbæk;205;316
2021-03-28;Faxe;114;320
2021-03-28;Kalundborg;198;326
2021-03-28;Ringsted;73;329
2021-03-28;Slagelse;451;330
2021-03-28;Stevns;82;336
2021-03-28;Sorø;105;340
2021-03-28;Lejre;71;350
2021-03-28;Lolland;104;360
2021-03-28;Næstved;326;370
2021-03-28;Guldborgsund;135;376
2021-03-28;Vordingborg;131;390
2021-03-28;Bornholm;99;400
2021-03-28;Middelfart;20;410
2021-03-28;Assens;48;420
2021-03-28;Faaborg-Midtfyn;59;430
2021-03-28;Kerteminde;47;440
2021-03-28;Nyborg;46;450
2021-03-28;Odense;344;461
2021-03-28;Svendborg;63;479
2021-03-28;Nordfyn;31;480
2021-03-28;Langeland;13;482
2021-03-28;Ærø;2;492
2021-03-28;Haderslev;26;510
2021-03-28;Billund;24;530
2021-03-28;Sønderborg;48;540
2021-03-28;Tønder;5;550
2021-03-28;Esbjerg;36;561
2021-03-28;Fanø;8;563
2021-03-28;Varde;80;573
2021-03-28;Vejen;37;575
2021-03-28;Aabenraa;17;580
2021-03-28;Fredericia;25;607
2021-03-28;Horsens;20;615
2021-03-28;Kolding;56;621
2021-03-28;Vejle;28;630
2021-03-28;Herning;9;657
2021-03-28;Holstebro;13;661
2021-03-28;Lemvig;1;665
2021-03-28;Struer;2;671
2021-03-28;Syddjurs;23;706
2021-03-28;Norddjurs;19;707
2021-03-28;Favrskov;23;710
2021-03-28;Odder;11;727
2021-03-28;Randers;223;730
2021-03-28;Silkeborg;20;740
2021-03-28;Samsø;1;741
2021-03-28;Skanderborg;25;746
2021-03-28;Århus;195;751
2021-03-28;Ikast-Brande;3;756
2021-03-28;Ringkøbing-Skjern;6;760
2021-03-28;Hedensted;12;766
2021-03-28;Morsø;4;773
2021-03-28;Skive;21;779
2021-03-28;Thisted;18;787
2021-03-28;Viborg;205;791
2021-03-28;Brønderslev;506;810
2021-03-28;Frederikshavn;34;813
2021-03-28;Vesthimmerland;458;820
2021-03-28;Rebild;132;840
2021-03-28;Mariagerfjord;420;846
2021-03-28;Jammerbugt;192;849
2021-03-28;Aalborg;1096;851
2021-03-28;Hjørring;52;860
2021-03-29;København;1778;101
2021-03-29;Frederiksberg;619;147
2021-03-29;Ballerup;274;151
2021-03-29;Brøndby;273;153
2021-03-29;Dragør;84;155
2021-03-29;Gentofte;506;157
2021-03-29;Gladsaxe;235;159
2021-03-29;Glostrup;76;161
2021-03-29;Herlev;179;163
2021-03-29;Albertslund;191;165
2021-03-29;Hvidovre;209;167
2021-03-29;Høje Tåstrup;253;169
2021-03-29;Lyngby-Taarbæk;275;173
2021-03-29;Rødovre;180;175
2021-03-29;Ishøj;127;183
2021-03-29;Tårnby;214;185
2021-03-29;Vallensbæk;121;187
2021-03-29;Furesø;186;190
2021-03-29;Allerød;109;201
2021-03-29;Fredensborg;189;210
2021-03-29;Helsingør;444;217
2021-03-29;Hillerød;166;219
2021-03-29;Hørsholm;109;223
2021-03-29;Rudersdal;225;230
2021-03-29;Egedal;196;240
2021-03-29;Frederikssund;174;250
2021-03-29;Greve;121;253
2021-03-29;Køge;272;259
2021-03-29;Halsnæs;174;260
2021-03-29;Roskilde;287;265
2021-03-29;Solrød;61;269
2021-03-29;Gribskov;186;270
2021-03-29;Odsherred;187;306
2021-03-29;Holbæk;366;316
2021-03-29;Faxe;145;320
2021-03-29;Kalundborg;208;326
2021-03-29;Ringsted;125;329
2021-03-29;Slagelse;390;330
2021-03-29;Stevns;99;336
2021-03-29;Sorø;96;340
2021-03-29;Lejre;103;350
2021-03-29;Lolland;253;360
2021-03-29;Næstved;307;370
2021-03-29;Guldborgsund;344;376
2021-03-29;Vordingborg;257;390
2021-03-29;Bornholm;305;400
2021-03-29;Middelfart;48;410
2021-03-29;Assens;65;420
2021-03-29;Faaborg-Midtfyn;127;430
2021-03-29;Kerteminde;71;440
2021-03-29;Nyborg;81;450
2021-03-29;Odense;409;461
2021-03-29;Svendborg;104;479
2021-03-29;Nordfyn;68;480
2021-03-29;Langeland;20;482
2021-03-29;Ærø;2;492
2021-03-29;Haderslev;13;510
2021-03-29;Billund;41;530
2021-03-29;Sønderborg;60;540
2021-03-29;Tønder;3;550
2021-03-29;Esbjerg;39;561
2021-03-29;Fanø;10;563
2021-03-29;Varde;71;573
2021-03-29;Vejen;34;575
2021-03-29;Aabenraa;8;580
2021-03-29;Fredericia;74;607
2021-03-29;Horsens;224;615
2021-03-29;Kolding;71;621
2021-03-29;Vejle;129;630
2021-03-29;Herning;353;657
2021-03-29;Holstebro;54;661
2021-03-29;Lemvig;273;665
2021-03-29;Struer;70;671
2021-03-29;Syddjurs;217;706
2021-03-29;Norddjurs;115;707
2021-03-29;Favrskov;125;710
2021-03-29;Odder;70;727
2021-03-29;Randers;125;730
2021-03-29;Silkeborg;592;740
2021-03-29;Samsø;2;741
2021-03-29;Skanderborg;297;746
2021-03-29;Århus;1056;751
2021-03-29;Ikast-Brande;134;756
2021-03-29;Ringkøbing-Skjern;37;760
2021-03-29;Hedensted;89;766
2021-03-29;Morsø;13;773
2021-03-29;Skive;157;779
2021-03-29;Thisted;19;787
2021-03-29;Viborg;476;791
2021-03-29;Brønderslev;3;810
2021-03-29;Frederikshavn;4;813
2021-03-29;Vesthimmerland;2;820
2021-03-29;Rebild;3;840
2021-03-29;Mariagerfjord;6;846
2021-03-29;Jammerbugt;1;849
2021-03-29;Aalborg;22;851
2021-03-29;Hjørring;39;860
2021-03-30;København;1692;101
2021-03-30;Frederiksberg;537;147
2021-03-30;Ballerup;362;151
2021-03-30;Brøndby;208;153
2021-03-30;Dragør;65;155
2021-03-30;Gentofte;451;157
2021-03-30;Gladsaxe;315;159
2021-03-30;Glostrup;130;161
2021-03-30;Herlev;189;163
2021-03-30;Albertslund;159;165
2021-03-30;Hvidovre;260;167
2021-03-30;Høje Tåstrup;356;169
2021-03-30;Lyngby-Taarbæk;426;173
2021-03-30;Rødovre;181;175
2021-03-30;Ishøj;91;183
2021-03-30;Tårnby;203;185
2021-03-30;Vallensbæk;116;187
2021-03-30;Furesø;196;190
2021-03-30;Allerød;108;201
2021-03-30;Fredensborg;262;210
2021-03-30;Helsingør;393;217
2021-03-30;Hillerød;343;219
2021-03-30;Hørsholm;134;223
2021-03-30;Rudersdal;295;230
2021-03-30;Egedal;275;240
2021-03-30;Frederikssund;445;250
2021-03-30;Greve;218;253
2021-03-30;Køge;279;259
2021-03-30;Halsnæs;209;260
2021-03-30;Roskilde;393;265
2021-03-30;Solrød;80;269
2021-03-30;Gribskov;290;270
2021-03-30;Odsherred;312;306
2021-03-30;Holbæk;422;316
2021-03-30;Faxe;156;320
2021-03-30;Kalundborg;369;326
2021-03-30;Ringsted;128;329
2021-03-30;Slagelse;411;330
2021-03-30;Stevns;86;336
2021-03-30;Sorø;127;340
2021-03-30;Lejre;126;350
2021-03-30;Lolland;270;360
2021-03-30;Næstved;447;370
2021-03-30;Guldborgsund;418;376
2021-03-30;Vordingborg;403;390
2021-03-30;Bornholm;247;400
2021-03-30;Middelfart;80;410
2021-03-30;Assens;86;420
2021-03-30;Faaborg-Midtfyn;95;430
2021-03-30;Kerteminde;46;440
2021-03-30;Nyborg;67;450
2021-03-30;Odense;470;461
2021-03-30;Svendborg;87;479
2021-03-30;Nordfyn;65;480
2021-03-30;Langeland;18;482
2021-03-30;Ærø;1;492
2021-03-30;Haderslev;47;510
2021-03-30;Billund;40;530
2021-03-30;Sønderborg;103;540
2021-03-30;Tønder;10;550
2021-03-30;Esbjerg;516;561
2021-03-30;Fanø;1;563
2021-03-30;Varde;78;573
2021-03-30;Vejen;38;575
2021-03-30;Aabenraa;22;580
2021-03-30;Fredericia;135;607
2021-03-30;Horsens;234;615
2021-03-30;Kolding;132;621
2021-03-30;Vejle;198;630
2021-03-30;Herning;564;657
2021-03-30;Holstebro;449;661
2021-03-30;Lemvig;47;665
2021-03-30;Struer;353;671
2021-03-30;Syddjurs;92;706
2021-03-30;Norddjurs;126;707
2021-03-30;Favrskov;188;710
2021-03-30;Odder;116;727
2021-03-30;Randers;236;730
2021-03-30;Silkeborg;251;740
2021-03-30;Samsø;7;741
2021-03-30;Skanderborg;239;746
2021-03-30;Århus;1442;751
2021-03-30;Ikast-Brande;35;756
2021-03-30;Ringkøbing-Skjern;259;760
2021-03-30;Hedensted;114;766
2021-03-30;Morsø;6;773
2021-03-30;Skive;284;779
2021-03-30;Thisted;12;787
2021-03-30;Viborg;409;791
2021-03-30;Brønderslev;1;810
2021-03-30;Frederikshavn;19;813
2021-03-30;Vesthimmerland;3;820
2021-03-30;Rebild;3;840
2021-03-30;Mariagerfjord;4;846
2021-03-30;Jammerbugt;1;849
2021-03-30;Aalborg;12;851
2021-03-30;Hjørring;13;860
2021-03-31;København;532;101
2021-03-31;Frederiksberg;191;147
2021-03-31;Ballerup;104;151
2021-03-31;Brøndby;84;153
2021-03-31;Dragør;29;155
2021-03-31;Gentofte;87;157
2021-03-31;Gladsaxe;76;159
2021-03-31;Glostrup;15;161
2021-03-31;Herlev;41;163
2021-03-31;Albertslund;53;165
2021-03-31;Hvidovre;64;167
2021-03-31;Høje Tåstrup;111;169
2021-03-31;Lyngby-Taarbæk;78;173
2021-03-31;Rødovre;68;175
2021-03-31;Ishøj;23;183
2021-03-31;Tårnby;79;185
2021-03-31;Vallensbæk;17;187
2021-03-31;Furesø;54;190
2021-03-31;Allerød;63;201
2021-03-31;Fredensborg;74;210
2021-03-31;Helsingør;83;217
2021-03-31;Hillerød;125;219
2021-03-31;Hørsholm;36;223
2021-03-31;Rudersdal;66;230
2021-03-31;Egedal;109;240
2021-03-31;Frederikssund;81;250
2021-03-31;Greve;47;253
2021-03-31;Køge;65;259
2021-03-31;Halsnæs;72;260
2021-03-31;Roskilde;93;265
2021-03-31;Solrød;48;269
2021-03-31;Gribskov;64;270
2021-03-31;Odsherred;8;306
2021-03-31;Holbæk;59;316
2021-03-31;Faxe;180;320
2021-03-31;Kalundborg;9;326
2021-03-31;Ringsted;17;329
2021-03-31;Slagelse;24;330
2021-03-31;Stevns;162;336
2021-03-31;Sorø;11;340
2021-03-31;Lejre;121;350
2021-03-31;Lolland;7;360
2021-03-31;Næstved;45;370
2021-03-31;Guldborgsund;73;376
2021-03-31;Vordingborg;37;390
2021-03-31;Bornholm;125;400
2021-03-31;Middelfart;98;410
2021-03-31;Assens;62;420
2021-03-31;Faaborg-Midtfyn;52;430
2021-03-31;Kerteminde;39;440
2021-03-31;Nyborg;41;450
2021-03-31;Odense;351;461
2021-03-31;Svendborg;43;479
2021-03-31;Nordfyn;33;480
2021-03-31;Langeland;8;482
2021-03-31;Ærø;3;492
2021-03-31;Haderslev;37;510
2021-03-31;Billund;79;530
2021-03-31;Sønderborg;58;540
2021-03-31;Tønder;18;550
2021-03-31;Esbjerg;348;561
2021-03-31;Fanø;10;563
2021-03-31;Varde;148;573
2021-03-31;Vejen;93;575
2021-03-31;Aabenraa;13;580
2021-03-31;Fredericia;138;607
2021-03-31;Horsens;242;615
2021-03-31;Kolding;145;621
2021-03-31;Vejle;344;630
2021-03-31;Herning;966;657
2021-03-31;Holstebro;788;661
2021-03-31;Lemvig;97;665
2021-03-31;Struer;76;671
2021-03-31;Syddjurs;209;706
2021-03-31;Norddjurs;212;707
2021-03-31;Favrskov;186;710
2021-03-31;Odder;64;727
2021-03-31;Randers;368;730
2021-03-31;Silkeborg;352;740
2021-03-31;Samsø;1;741
2021-03-31;Skanderborg;191;746
2021-03-31;Århus;1088;751
2021-03-31;Ikast-Brande;604;756
2021-03-31;Ringkøbing-Skjern;747;760
2021-03-31;Hedensted;107;766
2021-03-31;Morsø;25;773
2021-03-31;Skive;292;779
2021-03-31;Thisted;8;787
2021-03-31;Viborg;545;791
2021-03-31;Frederikshavn;11;813
2021-03-31;Vesthimmerland;5;820
2021-03-31;Læsø;1;825
2021-03-31;Rebild;2;840
2021-03-31;Mariagerfjord;5;846
2021-03-31;Jammerbugt;2;849
2021-03-31;Aalborg;12;851
2021-03-31;Hjørring;1;860
2021-04-01;København;131;101
2021-04-01;Frederiksberg;19;147
2021-04-01;Ballerup;12;151
2021-04-01;Brøndby;1;153
2021-04-01;Dragør;6;155
2021-04-01;Gentofte;27;157
2021-04-01;Gladsaxe;14;159
2021-04-01;Glostrup;3;161
2021-04-01;Herlev;8;163
2021-04-01;Albertslund;7;165
2021-04-01;Hvidovre;9;167
2021-04-01;Høje Tåstrup;4;169
2021-04-01;Lyngby-Taarbæk;23;173
2021-04-01;Rødovre;13;175
2021-04-01;Ishøj;1;183
2021-04-01;Tårnby;13;185
2021-04-01;Vallensbæk;1;187
2021-04-01;Furesø;14;190
2021-04-01;Allerød;4;201
2021-04-01;Fredensborg;9;210
2021-04-01;Helsingør;19;217
2021-04-01;Hillerød;16;219
2021-04-01;Hørsholm;5;223
2021-04-01;Rudersdal;76;230
2021-04-01;Egedal;13;240
2021-04-01;Frederikssund;7;250
2021-04-01;Greve;11;253
2021-04-01;Køge;13;259
2021-04-01;Halsnæs;7;260
2021-04-01;Roskilde;44;265
2021-04-01;Solrød;9;269
2021-04-01;Gribskov;13;270
2021-04-01;Odsherred;37;306
2021-04-01;Holbæk;113;316
2021-04-01;Faxe;12;320
2021-04-01;Kalundborg;36;326
2021-04-01;Ringsted;113;329
2021-04-01;Slagelse;59;330
2021-04-01;Stevns;2;336
2021-04-01;Sorø;117;340
2021-04-01;Lejre;33;350
2021-04-01;Lolland;241;360
2021-04-01;Næstved;110;370
2021-04-01;Guldborgsund;13;376
2021-04-01;Vordingborg;34;390
2021-04-01;Bornholm;8;400
2021-04-01;Middelfart;29;410
2021-04-01;Assens;62;420
2021-04-01;Faaborg-Midtfyn;38;430
2021-04-01;Kerteminde;33;440
2021-04-01;Nyborg;45;450
2021-04-01;Odense;339;461
2021-04-01;Svendborg;10;479
2021-04-01;Nordfyn;55;480
2021-04-01;Langeland;3;482
2021-04-01;Haderslev;17;510
2021-04-01;Billund;33;530
2021-04-01;Sønderborg;71;540
2021-04-01;Tønder;15;550
2021-04-01;Esbjerg;376;561
2021-04-01;Fanø;8;563
2021-04-01;Varde;80;573
2021-04-01;Vejen;57;575
2021-04-01;Aabenraa;20;580
2021-04-01;Fredericia;30;607
2021-04-01;Horsens;245;615
2021-04-01;Kolding;27;621
2021-04-01;Vejle;177;630
2021-04-01;Herning;11;657
2021-04-01;Holstebro;1;661
2021-04-01;Lemvig;1;665
2021-04-01;Struer;1;671
2021-04-01;Syddjurs;12;706
2021-04-01;Norddjurs;7;707
2021-04-01;Favrskov;50;710
2021-04-01;Odder;78;727
2021-04-01;Randers;66;730
2021-04-01;Silkeborg;289;740
2021-04-01;Samsø;3;741
2021-04-01;Skanderborg;61;746
2021-04-01;Århus;122;751
2021-04-01;Ikast-Brande;28;756
2021-04-01;Ringkøbing-Skjern;8;760
2021-04-01;Hedensted;170;766
2021-04-01;Skive;7;779
2021-04-01;Viborg;33;791
2021-04-01;Frederikshavn;1;813
2021-04-01;Vesthimmerland;1;820
2021-04-01;Jammerbugt;1;849
2021-04-01;Aalborg;7;851
2021-04-01;Hjørring;3;860
2021-04-02;København;61;101
2021-04-02;Frederiksberg;13;147
2021-04-02;Ballerup;15;151
2021-04-02;Brøndby;12;153
2021-04-02;Dragør;2;155
2021-04-02;Gentofte;15;157
2021-04-02;Gladsaxe;5;159
2021-04-02;Glostrup;4;161
2021-04-02;Herlev;6;163
2021-04-02;Albertslund;12;165
2021-04-02;Hvidovre;13;167
2021-04-02;Høje Tåstrup;16;169
2021-04-02;Lyngby-Taarbæk;10;173
2021-04-02;Rødovre;6;175
2021-04-02;Ishøj;7;183
2021-04-02;Tårnby;1;185
2021-04-02;Vallensbæk;4;187
2021-04-02;Furesø;14;190
2021-04-02;Allerød;9;201
2021-04-02;Fredensborg;13;210
2021-04-02;Helsingør;25;217
2021-04-02;Hillerød;12;219
2021-04-02;Hørsholm;17;223
2021-04-02;Rudersdal;15;230
2021-04-02;Egedal;13;240
2021-04-02;Frederikssund;10;250
2021-04-02;Greve;3;253
2021-04-02;Køge;1;259
2021-04-02;Halsnæs;12;260
2021-04-02;Roskilde;2;265
2021-04-02;Solrød;2;269
2021-04-02;Gribskov;20;270
2021-04-02;Odsherred;2;306
2021-04-02;Kalundborg;1;326
2021-04-02;Slagelse;4;330
2021-04-02;Sorø;1;340
2021-04-02;Lejre;2;350
2021-04-02;Lolland;1;360
2021-04-02;Guldborgsund;1;376
2021-04-02;Bornholm;15;400
2021-04-02;Middelfart;29;410
2021-04-02;Assens;53;420
2021-04-02;Faaborg-Midtfyn;92;430
2021-04-02;Kerteminde;42;440
2021-04-02;Nyborg;40;450
2021-04-02;Odense;446;461
2021-04-02;Svendborg;158;479
2021-04-02;Nordfyn;73;480
2021-04-02;Langeland;29;482
2021-04-02;Ærø;1;492
2021-04-02;Haderslev;41;510
2021-04-02;Billund;9;530
2021-04-02;Sønderborg;139;540
2021-04-02;Tønder;24;550
2021-04-02;Esbjerg;136;561
2021-04-02;Varde;42;573
2021-04-02;Vejen;22;575
2021-04-02;Aabenraa;53;580
2021-04-02;Fredericia;43;607
2021-04-02;Horsens;267;615
2021-04-02;Kolding;28;621
2021-04-02;Vejle;215;630
2021-04-02;Herning;23;657
2021-04-02;Holstebro;3;661
2021-04-02;Struer;3;671
2021-04-02;Syddjurs;14;706
2021-04-02;Norddjurs;8;707
2021-04-02;Favrskov;31;710
2021-04-02;Odder;78;727
2021-04-02;Randers;67;730
2021-04-02;Silkeborg;290;740
2021-04-02;Samsø;1;741
2021-04-02;Skanderborg;67;746
2021-04-02;Århus;176;751
2021-04-02;Ikast-Brande;30;756
2021-04-02;Ringkøbing-Skjern;5;760
2021-04-02;Hedensted;133;766
2021-04-02;Skive;7;779
2021-04-02;Thisted;1;787
2021-04-02;Viborg;24;791
2021-04-02;Brønderslev;102;810
2021-04-02;Frederikshavn;831;813
2021-04-02;Læsø;1;825
2021-04-02;Rebild;17;840
2021-04-02;Mariagerfjord;3;846
2021-04-02;Jammerbugt;72;849
2021-04-02;Aalborg;274;851
2021-04-02;Hjørring;246;860
2021-04-03;København;1029;101
2021-04-03;Frederiksberg;334;147
2021-04-03;Ballerup;233;151
2021-04-03;Brøndby;120;153
2021-04-03;Dragør;74;155
2021-04-03;Gentofte;281;157
2021-04-03;Gladsaxe;183;159
2021-04-03;Glostrup;91;161
2021-04-03;Herlev;88;163
2021-04-03;Albertslund;107;165
2021-04-03;Hvidovre;165;167
2021-04-03;Høje Tåstrup;221;169
2021-04-03;Lyngby-Taarbæk;156;173
2021-04-03;Rødovre;108;175
2021-04-03;Ishøj;94;183
2021-04-03;Tårnby;120;185
2021-04-03;Vallensbæk;54;187
2021-04-03;Furesø;178;190
2021-04-03;Allerød;77;201
2021-04-03;Fredensborg;126;210
2021-04-03;Helsingør;250;217
2021-04-03;Hillerød;160;219
2021-04-03;Hørsholm;138;223
2021-04-03;Rudersdal;231;230
2021-04-03;Egedal;214;240
2021-04-03;Frederikssund;290;250
2021-04-03;Greve;190;253
2021-04-03;Køge;123;259
2021-04-03;Halsnæs;137;260
2021-04-03;Roskilde;249;265
2021-04-03;Solrød;47;269
2021-04-03;Gribskov;196;270
2021-04-03;Odsherred;103;306
2021-04-03;Holbæk;223;316
2021-04-03;Faxe;88;320
2021-04-03;Kalundborg;214;326
2021-04-03;Ringsted;64;329
2021-04-03;Slagelse;636;330
2021-04-03;Stevns;35;336
2021-04-03;Sorø;133;340
2021-04-03;Lejre;65;350
2021-04-03;Lolland;170;360
2021-04-03;Næstved;389;370
2021-04-03;Guldborgsund;439;376
2021-04-03;Vordingborg;236;390
2021-04-03;Bornholm;235;400
2021-04-03;Middelfart;53;410
2021-04-03;Assens;41;420
2021-04-03;Faaborg-Midtfyn;48;430
2021-04-03;Kerteminde;41;440
2021-04-03;Nyborg;17;450
2021-04-03;Odense;321;461
2021-04-03;Svendborg;20;479
2021-04-03;Nordfyn;55;480
2021-04-03;Langeland;9;482
2021-04-03;Haderslev;61;510
2021-04-03;Billund;27;530
2021-04-03;Sønderborg;119;540
2021-04-03;Tønder;24;550
2021-04-03;Esbjerg;133;561
2021-04-03;Fanø;3;563
2021-04-03;Varde;42;573
2021-04-03;Vejen;50;575
2021-04-03;Aabenraa;39;580
2021-04-03;Fredericia;106;607
2021-04-03;Horsens;30;615
2021-04-03;Kolding;155;621
2021-04-03;Vejle;413;630
2021-04-03;Herning;8;657
2021-04-03;Holstebro;2;661
2021-04-03;Lemvig;2;665
2021-04-03;Struer;5;671
2021-04-03;Syddjurs;25;706
2021-04-03;Norddjurs;4;707
2021-04-03;Favrskov;14;710
2021-04-03;Odder;8;727
2021-04-03;Randers;14;730
2021-04-03;Silkeborg;10;740
2021-04-03;Skanderborg;15;746
2021-04-03;Århus;163;751
2021-04-03;Ikast-Brande;4;756
2021-04-03;Ringkøbing-Skjern;3;760
2021-04-03;Hedensted;41;766
2021-04-03;Morsø;19;773
2021-04-03;Skive;10;779
2021-04-03;Thisted;355;787
2021-04-03;Viborg;13;791
2021-04-03;Frederikshavn;2;813
2021-04-03;Vesthimmerland;296;820
2021-04-03;Rebild;29;840
2021-04-03;Mariagerfjord;15;846
2021-04-03;Jammerbugt;16;849
2021-04-03;Aalborg;60;851
2021-04-03;Hjørring;1;860
2021-04-04;København;921;101
2021-04-04;Frederiksberg;250;147
2021-04-04;Ballerup;186;151
2021-04-04;Brøndby;166;153
2021-04-04;Dragør;83;155
2021-04-04;Gentofte;266;157
2021-04-04;Gladsaxe;225;159
2021-04-04;Glostrup;93;161
2021-04-04;Herlev;88;163
2021-04-04;Albertslund;111;165
2021-04-04;Hvidovre;194;167
2021-04-04;Høje Tåstrup;233;169
2021-04-04;Lyngby-Taarbæk;161;173
2021-04-04;Rødovre;140;175
2021-04-04;Ishøj;117;183
2021-04-04;Tårnby;151;185
2021-04-04;Vallensbæk;116;187
2021-04-04;Furesø;140;190
2021-04-04;Allerød;105;201
2021-04-04;Fredensborg;144;210
2021-04-04;Helsingør;285;217
2021-04-04;Hillerød;164;219
2021-04-04;Hørsholm;134;223
2021-04-04;Rudersdal;249;230
2021-04-04;Egedal;170;240
2021-04-04;Frederikssund;230;250
2021-04-04;Greve;56;253
2021-04-04;Køge;33;259
2021-04-04;Halsnæs;168;260
2021-04-04;Roskilde;137;265
2021-04-04;Solrød;20;269
2021-04-04;Gribskov;164;270
2021-04-04;Odsherred;79;306
2021-04-04;Holbæk;220;316
2021-04-04;Faxe;56;320
2021-04-04;Kalundborg;221;326
2021-04-04;Ringsted;56;329
2021-04-04;Slagelse;537;330
2021-04-04;Stevns;11;336
2021-04-04;Sorø;108;340
2021-04-04;Lejre;38;350
2021-04-04;Lolland;89;360
2021-04-04;Næstved;353;370
2021-04-04;Guldborgsund;305;376
2021-04-04;Vordingborg;156;390
2021-04-04;Bornholm;147;400
2021-04-04;Middelfart;50;410
2021-04-04;Assens;66;420
2021-04-04;Faaborg-Midtfyn;56;430
2021-04-04;Kerteminde;51;440
2021-04-04;Nyborg;24;450
2021-04-04;Odense;279;461
2021-04-04;Svendborg;15;479
2021-04-04;Nordfyn;63;480
2021-04-04;Langeland;3;482
2021-04-04;Haderslev;58;510
2021-04-04;Billund;15;530
2021-04-04;Sønderborg;128;540
2021-04-04;Tønder;28;550
2021-04-04;Esbjerg;115;561
2021-04-04;Fanø;2;563
2021-04-04;Varde;49;573
2021-04-04;Vejen;45;575
2021-04-04;Aabenraa;45;580
2021-04-04;Fredericia;54;607
2021-04-04;Horsens;6;615
2021-04-04;Kolding;147;621
2021-04-04;Vejle;72;630
2021-04-04;Herning;2;657
2021-04-04;Holstebro;2;661
2021-04-04;Struer;1;671
2021-04-04;Syddjurs;9;706
2021-04-04;Norddjurs;7;707
2021-04-04;Favrskov;23;710
2021-04-04;Odder;3;727
2021-04-04;Randers;78;730
2021-04-04;Silkeborg;28;740
2021-04-04;Samsø;2;741
2021-04-04;Skanderborg;6;746
2021-04-04;Århus;213;751
2021-04-04;Ikast-Brande;1;756
2021-04-04;Ringkøbing-Skjern;2;760
2021-04-04;Hedensted;5;766
2021-04-04;Morsø;38;773
2021-04-04;Skive;15;779
2021-04-04;Thisted;103;787
2021-04-04;Viborg;425;791
2021-04-04;Brønderslev;57;810
2021-04-04;Frederikshavn;327;813
2021-04-04;Vesthimmerland;11;820
2021-04-04;Rebild;64;840
2021-04-04;Mariagerfjord;216;846
2021-04-04;Jammerbugt;58;849
2021-04-04;Aalborg;428;851
2021-04-04;Hjørring;29;860
2021-04-05;København;1072;101
2021-04-05;Frederiksberg;303;147
2021-04-05;Ballerup;173;151
2021-04-05;Brøndby;140;153
2021-04-05;Dragør;83;155
2021-04-05;Gentofte;282;157
2021-04-05;Gladsaxe;181;159
2021-04-05;Glostrup;104;161
2021-04-05;Herlev;66;163
2021-04-05;Albertslund;113;165
2021-04-05;Hvidovre;142;167
2021-04-05;Høje Tåstrup;231;169
2021-04-05;Lyngby-Taarbæk;176;173
2021-04-05;Rødovre;110;175
2021-04-05;Ishøj;99;183
2021-04-05;Tårnby;171;185
2021-04-05;Vallensbæk;92;187
2021-04-05;Furesø;152;190
2021-04-05;Allerød;87;201
2021-04-05;Fredensborg;136;210
2021-04-05;Helsingør;247;217
2021-04-05;Hillerød;161;219
2021-04-05;Hørsholm;148;223
2021-04-05;Rudersdal;238;230
2021-04-05;Egedal;179;240
2021-04-05;Frederikssund;270;250
2021-04-05;Greve;110;253
2021-04-05;Køge;32;259
2021-04-05;Halsnæs;157;260
2021-04-05;Roskilde;182;265
2021-04-05;Solrød;34;269
2021-04-05;Gribskov;183;270
2021-04-05;Odsherred;94;306
2021-04-05;Holbæk;247;316
2021-04-05;Faxe;15;320
2021-04-05;Kalundborg;65;326
2021-04-05;Ringsted;20;329
2021-04-05;Slagelse;94;330
2021-04-05;Stevns;13;336
2021-04-05;Sorø;33;340
2021-04-05;Lejre;47;350
2021-04-05;Lolland;137;360
2021-04-05;Næstved;24;370
2021-04-05;Guldborgsund;324;376
2021-04-05;Vordingborg;96;390
2021-04-05;Bornholm;232;400
2021-04-05;Middelfart;58;410
2021-04-05;Assens;68;420
2021-04-05;Faaborg-Midtfyn;130;430
2021-04-05;Kerteminde;42;440
2021-04-05;Nyborg;52;450
2021-04-05;Odense;519;461
2021-04-05;Svendborg;117;479
2021-04-05;Nordfyn;69;480
2021-04-05;Langeland;46;482
2021-04-05;Ærø;2;492
2021-04-05;Haderslev;44;510
2021-04-05;Billund;57;530
2021-04-05;Sønderborg;13;540
2021-04-05;Tønder;42;550
2021-04-05;Esbjerg;419;561
2021-04-05;Fanø;4;563
2021-04-05;Varde;108;573
2021-04-05;Vejen;80;575
2021-04-05;Aabenraa;15;580
2021-04-05;Fredericia;73;607
2021-04-05;Horsens;27;615
2021-04-05;Kolding;159;621
2021-04-05;Vejle;143;630
2021-04-05;Herning;1;657
2021-04-05;Holstebro;9;661
2021-04-05;Lemvig;3;665
2021-04-05;Struer;9;671
2021-04-05;Syddjurs;17;706
2021-04-05;Norddjurs;15;707
2021-04-05;Favrskov;16;710
2021-04-05;Odder;1;727
2021-04-05;Randers;63;730
2021-04-05;Silkeborg;37;740
2021-04-05;Skanderborg;3;746
2021-04-05;Århus;209;751
2021-04-05;Ikast-Brande;3;756
2021-04-05;Ringkøbing-Skjern;2;760
2021-04-05;Hedensted;16;766
2021-04-05;Morsø;70;773
2021-04-05;Skive;28;779
2021-04-05;Thisted;187;787
2021-04-05;Viborg;475;791
2021-04-05;Brønderslev;107;810
2021-04-05;Frederikshavn;352;813
2021-04-05;Vesthimmerland;189;820
2021-04-05;Læsø;1;825
2021-04-05;Rebild;98;840
2021-04-05;Mariagerfjord;167;846
2021-04-05;Jammerbugt;107;849
2021-04-05;Aalborg;326;851
2021-04-05;Hjørring;155;860
2021-04-06;København;687;101
2021-04-06;Frederiksberg;208;147
2021-04-06;Ballerup;122;151
2021-04-06;Brøndby;91;153
2021-04-06;Dragør;64;155
2021-04-06;Gentofte;166;157
2021-04-06;Gladsaxe;100;159
2021-04-06;Glostrup;44;161
2021-04-06;Herlev;35;163
2021-04-06;Albertslund;55;165
2021-04-06;Hvidovre;123;167
2021-04-06;Høje Tåstrup;156;169
2021-04-06;Lyngby-Taarbæk;72;173
2021-04-06;Rødovre;62;175
2021-04-06;Ishøj;65;183
2021-04-06;Tårnby;86;185
2021-04-06;Vallensbæk;75;187
2021-04-06;Furesø;102;190
2021-04-06;Allerød;47;201
2021-04-06;Fredensborg;74;210
2021-04-06;Helsingør;118;217
2021-04-06;Hillerød;83;219
2021-04-06;Hørsholm;59;223
2021-04-06;Rudersdal;131;230
2021-04-06;Egedal;101;240
2021-04-06;Frederikssund;151;250
2021-04-06;Greve;189;253
2021-04-06;Køge;324;259
2021-04-06;Halsnæs;77;260
2021-04-06;Roskilde;254;265
2021-04-06;Solrød;89;269
2021-04-06;Gribskov;124;270
2021-04-06;Odsherred;140;306
2021-04-06;Holbæk;218;316
2021-04-06;Faxe;76;320
2021-04-06;Kalundborg;234;326
2021-04-06;Ringsted;71;329
2021-04-06;Slagelse;276;330
2021-04-06;Stevns;64;336
2021-04-06;Sorø;89;340
2021-04-06;Lejre;69;350
2021-04-06;Lolland;65;360
2021-04-06;Næstved;256;370
2021-04-06;Guldborgsund;148;376
2021-04-06;Vordingborg;155;390
2021-04-06;Bornholm;163;400
2021-04-06;Middelfart;68;410
2021-04-06;Assens;66;420
2021-04-06;Faaborg-Midtfyn;106;430
2021-04-06;Kerteminde;46;440
2021-04-06;Nyborg;44;450
2021-04-06;Odense;447;461
2021-04-06;Svendborg;107;479
2021-04-06;Nordfyn;51;480
2021-04-06;Langeland;24;482
2021-04-06;Ærø;2;492
2021-04-06;Haderslev;79;510
2021-04-06;Billund;51;530
2021-04-06;Sønderborg;224;540
2021-04-06;Tønder;46;550
2021-04-06;Esbjerg;464;561
2021-04-06;Fanø;3;563
2021-04-06;Varde;48;573
2021-04-06;Vejen;76;575
2021-04-06;Aabenraa;82;580
2021-04-06;Fredericia;76;607
2021-04-06;Horsens;290;615
2021-04-06;Kolding;172;621
2021-04-06;Vejle;186;630
2021-04-06;Herning;305;657
2021-04-06;Holstebro;197;661
2021-04-06;Lemvig;8;665
2021-04-06;Struer;280;671
2021-04-06;Syddjurs;234;706
2021-04-06;Norddjurs;74;707
2021-04-06;Favrskov;135;710
2021-04-06;Odder;92;727
2021-04-06;Randers;349;730
2021-04-06;Silkeborg;452;740
2021-04-06;Samsø;1;741
2021-04-06;Skanderborg;388;746
2021-04-06;Århus;1495;751
2021-04-06;Ikast-Brande;39;756
2021-04-06;Ringkøbing-Skjern;42;760
2021-04-06;Hedensted;105;766
2021-04-06;Morsø;30;773
2021-04-06;Skive;306;779
2021-04-06;Thisted;39;787
2021-04-06;Viborg;367;791
2021-04-06;Brønderslev;75;810
2021-04-06;Frederikshavn;699;813
2021-04-06;Vesthimmerland;301;820
2021-04-06;Læsø;1;825
2021-04-06;Rebild;109;840
2021-04-06;Mariagerfjord;38;846
2021-04-06;Jammerbugt;116;849
2021-04-06;Aalborg;719;851
2021-04-06;Hjørring;20;860
2021-04-07;København;707;101
2021-04-07;Frederiksberg;221;147
2021-04-07;Ballerup;85;151
2021-04-07;Brøndby;85;153
2021-04-07;Dragør;50;155
2021-04-07;Gentofte;180;157
2021-04-07;Gladsaxe;97;159
2021-04-07;Glostrup;46;161
2021-04-07;Herlev;55;163
2021-04-07;Albertslund;69;165
2021-04-07;Hvidovre;100;167
2021-04-07;Høje Tåstrup;145;169
2021-04-07;Lyngby-Taarbæk;133;173
2021-04-07;Rødovre;52;175
2021-04-07;Ishøj;63;183
2021-04-07;Tårnby;110;185
2021-04-07;Vallensbæk;45;187
2021-04-07;Furesø;85;190
2021-04-07;Allerød;61;201
2021-04-07;Fredensborg;119;210
2021-04-07;Helsingør;118;217
2021-04-07;Hillerød;85;219
2021-04-07;Hørsholm;88;223
2021-04-07;Rudersdal;125;230
2021-04-07;Egedal;92;240
2021-04-07;Frederikssund;103;250
2021-04-07;Greve;103;253
2021-04-07;Køge;47;259
2021-04-07;Halsnæs;85;260
2021-04-07;Roskilde;145;265
2021-04-07;Solrød;32;269
2021-04-07;Gribskov;88;270
2021-04-07;Odsherred;44;306
2021-04-07;Holbæk;66;316
2021-04-07;Faxe;30;320
2021-04-07;Kalundborg;71;326
2021-04-07;Ringsted;47;329
2021-04-07;Slagelse;134;330
2021-04-07;Stevns;41;336
2021-04-07;Sorø;50;340
2021-04-07;Lejre;38;350
2021-04-07;Lolland;4;360
2021-04-07;Næstved;35;370
2021-04-07;Guldborgsund;11;376
2021-04-07;Vordingborg;9;390
2021-04-07;Bornholm;156;400
2021-04-07;Middelfart;120;410
2021-04-07;Assens;71;420
2021-04-07;Faaborg-Midtfyn;31;430
2021-04-07;Kerteminde;19;440
2021-04-07;Nyborg;28;450
2021-04-07;Odense;545;461
2021-04-07;Svendborg;35;479
2021-04-07;Nordfyn;54;480
2021-04-07;Langeland;2;482
2021-04-07;Ærø;1;492
2021-04-07;Haderslev;187;510
2021-04-07;Billund;163;530
2021-04-07;Sønderborg;233;540
2021-04-07;Tønder;181;550
2021-04-07;Esbjerg;483;561
2021-04-07;Fanø;3;563
2021-04-07;Varde;240;573
2021-04-07;Vejen;222;575
2021-04-07;Aabenraa;158;580
2021-04-07;Fredericia;187;607
2021-04-07;Horsens;376;615
2021-04-07;Kolding;332;621
2021-04-07;Vejle;720;630
2021-04-07;Herning;485;657
2021-04-07;Holstebro;273;661
2021-04-07;Lemvig;258;665
2021-04-07;Struer;29;671
2021-04-07;Syddjurs;229;706
2021-04-07;Norddjurs;230;707
2021-04-07;Favrskov;198;710
2021-04-07;Odder;107;727
2021-04-07;Randers;434;730
2021-04-07;Silkeborg;526;740
2021-04-07;Samsø;19;741
2021-04-07;Skanderborg;346;746
2021-04-07;Århus;1333;751
2021-04-07;Ikast-Brande;496;756
2021-04-07;Ringkøbing-Skjern;571;760
2021-04-07;Hedensted;172;766
2021-04-07;Morsø;98;773
2021-04-07;Skive;270;779
2021-04-07;Thisted;54;787
2021-04-07;Viborg;299;791
2021-04-07;Brønderslev;170;810
2021-04-07;Frederikshavn;16;813
2021-04-07;Vesthimmerland;9;820
2021-04-07;Rebild;32;840
2021-04-07;Mariagerfjord;30;846
2021-04-07;Jammerbugt;111;849
2021-04-07;Aalborg;629;851
2021-04-07;Hjørring;385;860
2021-04-08;København;741;101
2021-04-08;Frederiksberg;245;147
2021-04-08;Ballerup;116;151
2021-04-08;Brøndby;67;153
2021-04-08;Dragør;49;155
2021-04-08;Gentofte;155;157
2021-04-08;Gladsaxe;124;159
2021-04-08;Glostrup;39;161
2021-04-08;Herlev;47;163
2021-04-08;Albertslund;38;165
2021-04-08;Hvidovre;98;167
2021-04-08;Høje Tåstrup;92;169
2021-04-08;Lyngby-Taarbæk;92;173
2021-04-08;Rødovre;61;175
2021-04-08;Ishøj;31;183
2021-04-08;Tårnby;94;185
2021-04-08;Vallensbæk;28;187
2021-04-08;Furesø;111;190
2021-04-08;Allerød;43;201
2021-04-08;Fredensborg;94;210
2021-04-08;Helsingør;164;217
2021-04-08;Hillerød;93;219
2021-04-08;Hørsholm;96;223
2021-04-08;Rudersdal;172;230
2021-04-08;Egedal;134;240
2021-04-08;Frederikssund;111;250
2021-04-08;Greve;233;253
2021-04-08;Køge;177;259
2021-04-08;Halsnæs;100;260
2021-04-08;Roskilde;227;265
2021-04-08;Solrød;76;269
2021-04-08;Gribskov;98;270
2021-04-08;Odsherred;172;306
2021-04-08;Holbæk;143;316
2021-04-08;Faxe;23;320
2021-04-08;Kalundborg;45;326
2021-04-08;Ringsted;40;329
2021-04-08;Slagelse;146;330
2021-04-08;Stevns;21;336
2021-04-08;Sorø;49;340
2021-04-08;Lejre;50;350
2021-04-08;Lolland;129;360
2021-04-08;Næstved;27;370
2021-04-08;Guldborgsund;238;376
2021-04-08;Vordingborg;78;390
2021-04-08;Bornholm;173;400
2021-04-08;Middelfart;27;410
2021-04-08;Assens;66;420
2021-04-08;Faaborg-Midtfyn;63;430
2021-04-08;Kerteminde;85;440
2021-04-08;Nyborg;153;450
2021-04-08;Odense;333;461
2021-04-08;Svendborg;43;479
2021-04-08;Nordfyn;178;480
2021-04-08;Langeland;8;482
2021-04-08;Ærø;7;492
2021-04-08;Haderslev;59;510
2021-04-08;Billund;60;530
2021-04-08;Sønderborg;195;540
2021-04-08;Tønder;101;550
2021-04-08;Esbjerg;369;561
2021-04-08;Fanø;4;563
2021-04-08;Varde;198;573
2021-04-08;Vejen;85;575
2021-04-08;Aabenraa;104;580
2021-04-08;Fredericia;17;607
2021-04-08;Horsens;306;615
2021-04-08;Kolding;12;621
2021-04-08;Vejle;86;630
2021-04-08;Herning;394;657
2021-04-08;Holstebro;11;661
2021-04-08;Lemvig;2;665
2021-04-08;Struer;5;671
2021-04-08;Syddjurs;161;706
2021-04-08;Norddjurs;112;707
2021-04-08;Favrskov;258;710
2021-04-08;Odder;137;727
2021-04-08;Randers;535;730
2021-04-08;Silkeborg;384;740
2021-04-08;Samsø;3;741
2021-04-08;Skanderborg;340;746
2021-04-08;Århus;1457;751
2021-04-08;Ikast-Brande;38;756
2021-04-08;Ringkøbing-Skjern;39;760
2021-04-08;Hedensted;96;766
2021-04-08;Morsø;4;773
2021-04-08;Skive;257;779
2021-04-08;Thisted;2;787
2021-04-08;Viborg;323;791
2021-04-08;Brønderslev;44;810
2021-04-08;Frederikshavn;9;813
2021-04-08;Vesthimmerland;8;820
2021-04-08;Læsø;142;825
2021-04-08;Rebild;59;840
2021-04-08;Mariagerfjord;229;846
2021-04-08;Jammerbugt;84;849
2021-04-08;Aalborg;630;851
2021-04-08;Hjørring;18;860
2021-04-09;København;1156;101
2021-04-09;Frederiksberg;330;147
2021-04-09;Ballerup;162;151
2021-04-09;Brøndby;104;153
2021-04-09;Dragør;99;155
2021-04-09;Gentofte;276;157
2021-04-09;Gladsaxe;170;159
2021-04-09;Glostrup;64;161
2021-04-09;Herlev;86;163
2021-04-09;Albertslund;125;165
2021-04-09;Hvidovre;209;167
2021-04-09;Høje Tåstrup;188;169
2021-04-09;Lyngby-Taarbæk;151;173
2021-04-09;Rødovre;184;175
2021-04-09;Ishøj;101;183
2021-04-09;Tårnby;182;185
2021-04-09;Vallensbæk;62;187
2021-04-09;Furesø;178;190
2021-04-09;Allerød;99;201
2021-04-09;Fredensborg;173;210
2021-04-09;Helsingør;247;217
2021-04-09;Hillerød;202;219
2021-04-09;Hørsholm;145;223
2021-04-09;Rudersdal;225;230
2021-04-09;Egedal;149;240
2021-04-09;Frederikssund;138;250
2021-04-09;Greve;479;253
2021-04-09;Køge;211;259
2021-04-09;Halsnæs;106;260
2021-04-09;Roskilde;296;265
2021-04-09;Solrød;134;269
2021-04-09;Gribskov;201;270
2021-04-09;Odsherred;204;306
2021-04-09;Holbæk;299;316
2021-04-09;Faxe;125;320
2021-04-09;Kalundborg;348;326
2021-04-09;Ringsted;72;329
2021-04-09;Slagelse;243;330
2021-04-09;Stevns;91;336
2021-04-09;Sorø;108;340
2021-04-09;Lejre;91;350
2021-04-09;Lolland;409;360
2021-04-09;Næstved;365;370
2021-04-09;Guldborgsund;278;376
2021-04-09;Vordingborg;266;390
2021-04-09;Bornholm;484;400
2021-04-09;Middelfart;305;410
2021-04-09;Assens;119;420
2021-04-09;Faaborg-Midtfyn;136;430
2021-04-09;Kerteminde;55;440
2021-04-09;Nyborg;58;450
2021-04-09;Odense;407;461
2021-04-09;Svendborg;197;479
2021-04-09;Nordfyn;79;480
2021-04-09;Langeland;39;482
2021-04-09;Ærø;194;492
2021-04-09;Haderslev;230;510
2021-04-09;Billund;70;530
2021-04-09;Sønderborg;107;540
2021-04-09;Tønder;244;550
2021-04-09;Esbjerg;635;561
2021-04-09;Fanø;19;563
2021-04-09;Varde;335;573
2021-04-09;Vejen;144;575
2021-04-09;Aabenraa;155;580
2021-04-09;Fredericia;230;607
2021-04-09;Horsens;210;615
2021-04-09;Kolding;225;621
2021-04-09;Vejle;292;630
2021-04-09;Herning;34;657
2021-04-09;Holstebro;306;661
2021-04-09;Lemvig;6;665
2021-04-09;Struer;22;671
2021-04-09;Syddjurs;109;706
2021-04-09;Norddjurs;181;707
2021-04-09;Favrskov;147;710
2021-04-09;Odder;58;727
2021-04-09;Randers;72;730
2021-04-09;Silkeborg;44;740
2021-04-09;Samsø;3;741
2021-04-09;Skanderborg;35;746
2021-04-09;Århus;183;751
2021-04-09;Ikast-Brande;9;756
2021-04-09;Ringkøbing-Skjern;14;760
2021-04-09;Hedensted;108;766
2021-04-09;Morsø;125;773
2021-04-09;Skive;22;779
2021-04-09;Thisted;323;787
2021-04-09;Viborg;29;791
2021-04-09;Brønderslev;7;810
2021-04-09;Frederikshavn;5;813
2021-04-09;Mariagerfjord;1;846
2021-04-09;Jammerbugt;26;849
2021-04-09;Aalborg;22;851
2021-04-09;Hjørring;14;860
2021-04-10;København;1686;101
2021-04-10;Frederiksberg;497;147
2021-04-10;Ballerup;263;151
2021-04-10;Brøndby;256;153
2021-04-10;Dragør;138;155
2021-04-10;Gentofte;486;157
2021-04-10;Gladsaxe;271;159
2021-04-10;Glostrup;121;161
2021-04-10;Herlev;130;163
2021-04-10;Albertslund;180;165
2021-04-10;Hvidovre;295;167
2021-04-10;Høje Tåstrup;279;169
2021-04-10;Lyngby-Taarbæk;284;173
2021-04-10;Rødovre;197;175
2021-04-10;Ishøj;213;183
2021-04-10;Tårnby;277;185
2021-04-10;Vallensbæk;152;187
2021-04-10;Furesø;259;190
2021-04-10;Allerød;156;201
2021-04-10;Fredensborg;219;210
2021-04-10;Helsingør;276;217
2021-04-10;Hillerød;230;219
2021-04-10;Hørsholm;216;223
2021-04-10;Rudersdal;333;230
2021-04-10;Egedal;269;240
2021-04-10;Frederikssund;242;250
2021-04-10;Greve;231;253
2021-04-10;Køge;134;259
2021-04-10;Halsnæs;220;260
2021-04-10;Roskilde;307;265
2021-04-10;Solrød;60;269
2021-04-10;Gribskov;280;270
2021-04-10;Odsherred;189;306
2021-04-10;Holbæk;251;316
2021-04-10;Faxe;112;320
2021-04-10;Kalundborg;123;326
2021-04-10;Ringsted;83;329
2021-04-10;Slagelse;321;330
2021-04-10;Stevns;78;336
2021-04-10;Sorø;110;340
2021-04-10;Lejre;77;350
2021-04-10;Lolland;105;360
2021-04-10;Næstved;345;370
2021-04-10;Guldborgsund;358;376
2021-04-10;Vordingborg;176;390
2021-04-10;Bornholm;481;400
2021-04-10;Middelfart;57;410
2021-04-10;Assens;120;420
2021-04-10;Faaborg-Midtfyn;160;430
2021-04-10;Kerteminde;59;440
2021-04-10;Nyborg;82;450
2021-04-10;Odense;551;461
2021-04-10;Svendborg;227;479
2021-04-10;Nordfyn;70;480
2021-04-10;Langeland;58;482
2021-04-10;Ærø;4;492
2021-04-10;Haderslev;44;510
2021-04-10;Billund;73;530
2021-04-10;Sønderborg;11;540
2021-04-10;Tønder;20;550
2021-04-10;Esbjerg;489;561
2021-04-10;Fanø;7;563
2021-04-10;Varde;274;573
2021-04-10;Vejen;188;575
2021-04-10;Aabenraa;7;580
2021-04-10;Fredericia;82;607
2021-04-10;Horsens;20;615
2021-04-10;Kolding;194;621
2021-04-10;Vejle;249;630
2021-04-10;Herning;3;657
2021-04-10;Holstebro;1;661
2021-04-10;Struer;1;671
2021-04-10;Syddjurs;2;706
2021-04-10;Norddjurs;1;707
2021-04-10;Favrskov;2;710
2021-04-10;Randers;2;730
2021-04-10;Silkeborg;6;740
2021-04-10;Skanderborg;4;746
2021-04-10;Århus;21;751
2021-04-10;Ikast-Brande;14;756
2021-04-10;Ringkøbing-Skjern;6;760
2021-04-10;Hedensted;58;766
2021-04-10;Morsø;150;773
2021-04-10;Thisted;454;787
2021-04-10;Viborg;1;791
2021-04-10;Brønderslev;32;810
2021-04-10;Frederikshavn;4;813
2021-04-10;Vesthimmerland;5;820
2021-04-10;Rebild;38;840
2021-04-10;Mariagerfjord;8;846
2021-04-10;Jammerbugt;134;849
2021-04-10;Aalborg;730;851
2021-04-10;Hjørring;3;860
2021-04-11;København;1733;101
2021-04-11;Frederiksberg;574;147
2021-04-11;Ballerup;282;151
2021-04-11;Brøndby;216;153
2021-04-11;Dragør;98;155
2021-04-11;Gentofte;492;157
2021-04-11;Gladsaxe;289;159
2021-04-11;Glostrup;145;161
2021-04-11;Herlev;123;163
2021-04-11;Albertslund;185;165
2021-04-11;Hvidovre;277;167
2021-04-11;Høje Tåstrup;251;169
2021-04-11;Lyngby-Taarbæk;309;173
2021-04-11;Rødovre;217;175
2021-04-11;Ishøj;170;183
2021-04-11;Tårnby;251;185
2021-04-11;Vallensbæk;143;187
2021-04-11;Furesø;296;190
2021-04-11;Allerød;146;201
2021-04-11;Fredensborg;195;210
2021-04-11;Helsingør;217;217
2021-04-11;Hillerød;231;219
2021-04-11;Hørsholm;182;223
2021-04-11;Rudersdal;342;230
2021-04-11;Egedal;214;240
2021-04-11;Frederikssund;289;250
2021-04-11;Greve;129;253
2021-04-11;Køge;233;259
2021-04-11;Halsnæs;234;260
2021-04-11;Roskilde;288;265
2021-04-11;Solrød;37;269
2021-04-11;Gribskov;293;270
2021-04-11;Odsherred;112;306
2021-04-11;Holbæk;250;316
2021-04-11;Faxe;101;320
2021-04-11;Kalundborg;90;326
2021-04-11;Ringsted;75;329
2021-04-11;Slagelse;271;330
2021-04-11;Stevns;44;336
2021-04-11;Sorø;101;340
2021-04-11;Lejre;71;350
2021-04-11;Lolland;30;360
2021-04-11;Næstved;304;370
2021-04-11;Guldborgsund;235;376
2021-04-11;Vordingborg;191;390
2021-04-11;Bornholm;472;400
2021-04-11;Middelfart;75;410
2021-04-11;Assens;73;420
2021-04-11;Faaborg-Midtfyn;78;430
2021-04-11;Kerteminde;49;440
2021-04-11;Nyborg;38;450
2021-04-11;Odense;508;461
2021-04-11;Svendborg;18;479
2021-04-11;Nordfyn;59;480
2021-04-11;Langeland;3;482
2021-04-11;Ærø;1;492
2021-04-11;Haderslev;42;510
2021-04-11;Billund;77;530
2021-04-11;Sønderborg;106;540
2021-04-11;Tønder;17;550
2021-04-11;Esbjerg;441;561
2021-04-11;Fanø;2;563
2021-04-11;Varde;221;573
2021-04-11;Vejen;117;575
2021-04-11;Aabenraa;28;580
2021-04-11;Fredericia;84;607
2021-04-11;Horsens;19;615
2021-04-11;Kolding;209;621
2021-04-11;Vejle;286;630
2021-04-11;Herning;3;657
2021-04-11;Lemvig;1;665
2021-04-11;Struer;1;671
2021-04-11;Norddjurs;29;707
2021-04-11;Favrskov;1;710
2021-04-11;Odder;1;727
2021-04-11;Randers;4;730
2021-04-11;Silkeborg;3;740
2021-04-11;Skanderborg;5;746
2021-04-11;Århus;63;751
2021-04-11;Ikast-Brande;8;756
2021-04-11;Ringkøbing-Skjern;5;760
2021-04-11;Hedensted;36;766
2021-04-11;Skive;1;779
2021-04-11;Thisted;4;787
2021-04-11;Viborg;2;791
2021-04-11;Brønderslev;29;810
2021-04-11;Frederikshavn;1;813
2021-04-11;Vesthimmerland;4;820
2021-04-11;Rebild;28;840
2021-04-11;Mariagerfjord;4;846
2021-04-11;Jammerbugt;81;849
2021-04-11;Aalborg;560;851
2021-04-12;København;5361;101
2021-04-12;Frederiksberg;1407;147
2021-04-12;Ballerup;706;151
2021-04-12;Brøndby;532;153
2021-04-12;Dragør;301;155
2021-04-12;Gentofte;1190;157
2021-04-12;Gladsaxe;985;159
2021-04-12;Glostrup;291;161
2021-04-12;Herlev;413;163
2021-04-12;Albertslund;443;165
2021-04-12;Hvidovre;693;167
2021-04-12;Høje Tåstrup;761;169
2021-04-12;Lyngby-Taarbæk;776;173
2021-04-12;Rødovre;528;175
2021-04-12;Ishøj;293;183
2021-04-12;Tårnby;630;185
2021-04-12;Vallensbæk;250;187
2021-04-12;Furesø;790;190
2021-04-12;Allerød;429;201
2021-04-12;Fredensborg;1103;210
2021-04-12;Helsingør;1991;217
2021-04-12;Hillerød;636;219
2021-04-12;Hørsholm;744;223
2021-04-12;Rudersdal;1062;230
2021-04-12;Egedal;786;240
2021-04-12;Frederikssund;1067;250
2021-04-12;Greve;667;253
2021-04-12;Køge;1092;259
2021-04-12;Halsnæs;532;260
2021-04-12;Roskilde;1556;265
2021-04-12;Solrød;415;269
2021-04-12;Gribskov;715;270
2021-04-12;Odsherred;973;306
2021-04-12;Holbæk;1370;316
2021-04-12;Faxe;888;320
2021-04-12;Kalundborg;1069;326
2021-04-12;Ringsted;653;329
2021-04-12;Slagelse;1132;330
2021-04-12;Stevns;478;336
2021-04-12;Sorø;636;340
2021-04-12;Lejre;685;350
2021-04-12;Lolland;934;360
2021-04-12;Næstved;1702;370
2021-04-12;Guldborgsund;1275;376
2021-04-12;Vordingborg;1365;390
2021-04-12;Bornholm;831;400
2021-04-12;Middelfart;644;410
2021-04-12;Assens;922;420
2021-04-12;Faaborg-Midtfyn;1406;430
2021-04-12;Kerteminde;611;440
2021-04-12;Nyborg;776;450
2021-04-12;Odense;1960;461
2021-04-12;Svendborg;1119;479
2021-04-12;Nordfyn;454;480
2021-04-12;Langeland;253;482
2021-04-12;Ærø;15;492
2021-04-12;Haderslev;1138;510
2021-04-12;Billund;423;530
2021-04-12;Sønderborg;899;540
2021-04-12;Tønder;661;550
2021-04-12;Esbjerg;1565;561
2021-04-12;Fanø;275;563
2021-04-12;Varde;1033;573
2021-04-12;Vejen;700;575
2021-04-12;Aabenraa;1236;580
2021-04-12;Fredericia;799;607
2021-04-12;Horsens;1310;615
2021-04-12;Kolding;1553;621
2021-04-12;Vejle;1495;630
2021-04-12;Herning;1305;657
2021-04-12;Holstebro;895;661
2021-04-12;Lemvig;420;665
2021-04-12;Struer;366;671
2021-04-12;Syddjurs;784;706
2021-04-12;Norddjurs;755;707
2021-04-12;Favrskov;763;710
2021-04-12;Odder;376;727
2021-04-12;Randers;1372;730
2021-04-12;Silkeborg;1463;740
2021-04-12;Samsø;19;741
2021-04-12;Skanderborg;933;746
2021-04-12;Århus;5472;751
2021-04-12;Ikast-Brande;664;756
2021-04-12;Ringkøbing-Skjern;926;760
2021-04-12;Hedensted;664;766
2021-04-12;Morsø;339;773
2021-04-12;Skive;752;779
2021-04-12;Thisted;1066;787
2021-04-12;Viborg;1570;791
2021-04-12;Brønderslev;521;810
2021-04-12;Frederikshavn;1310;813
2021-04-12;Vesthimmerland;1143;820
2021-04-12;Læsø;1;825
2021-04-12;Rebild;529;840
2021-04-12;Mariagerfjord;953;846
2021-04-12;Jammerbugt;545;849
2021-04-12;Aalborg;2179;851
2021-04-12;Hjørring;1165;860
2021-04-13;København;1450;101
2021-04-13;Frederiksberg;368;147
2021-04-13;Ballerup;188;151
2021-04-13;Brøndby;148;153
2021-04-13;Dragør;83;155
2021-04-13;Gentofte;359;157
2021-04-13;Gladsaxe;210;159
2021-04-13;Glostrup;101;161
2021-04-13;Herlev;89;163
2021-04-13;Albertslund;100;165
2021-04-13;Hvidovre;185;167
2021-04-13;Høje Tåstrup;176;169
2021-04-13;Lyngby-Taarbæk;197;173
2021-04-13;Rødovre;153;175
2021-04-13;Ishøj;77;183
2021-04-13;Tårnby;193;185
2021-04-13;Vallensbæk;71;187
2021-04-13;Furesø;151;190
2021-04-13;Allerød;129;201
2021-04-13;Fredensborg;216;210
2021-04-13;Helsingør;293;217
2021-04-13;Hillerød;175;219
2021-04-13;Hørsholm;176;223
2021-04-13;Rudersdal;275;230
2021-04-13;Egedal;162;240
2021-04-13;Frederikssund;193;250
2021-04-13;Greve;315;253
2021-04-13;Køge;84;259
2021-04-13;Halsnæs;152;260
2021-04-13;Roskilde;254;265
2021-04-13;Solrød;83;269
2021-04-13;Gribskov;255;270
2021-04-13;Odsherred;252;306
2021-04-13;Holbæk;139;316
2021-04-13;Faxe;34;320
2021-04-13;Kalundborg;267;326
2021-04-13;Ringsted;32;329
2021-04-13;Slagelse;125;330
2021-04-13;Stevns;16;336
2021-04-13;Sorø;57;340
2021-04-13;Lejre;88;350
2021-04-13;Lolland;73;360
2021-04-13;Næstved;147;370
2021-04-13;Guldborgsund;81;376
2021-04-13;Vordingborg;274;390
2021-04-13;Bornholm;354;400
2021-04-13;Middelfart;97;410
2021-04-13;Assens;95;420
2021-04-13;Faaborg-Midtfyn;109;430
2021-04-13;Kerteminde;77;440
2021-04-13;Nyborg;112;450
2021-04-13;Odense;665;461
2021-04-13;Svendborg;84;479
2021-04-13;Nordfyn;74;480
2021-04-13;Langeland;13;482
2021-04-13;Ærø;3;492
2021-04-13;Haderslev;141;510
2021-04-13;Billund;40;530
2021-04-13;Sønderborg;184;540
2021-04-13;Tønder;48;550
2021-04-13;Esbjerg;47;561
2021-04-13;Varde;4;573
2021-04-13;Vejen;72;575
2021-04-13;Aabenraa;209;580
2021-04-13;Fredericia;136;607
2021-04-13;Horsens;311;615
2021-04-13;Kolding;200;621
2021-04-13;Vejle;395;630
2021-04-13;Herning;313;657
2021-04-13;Holstebro;453;661
2021-04-13;Lemvig;11;665
2021-04-13;Struer;45;671
2021-04-13;Syddjurs;446;706
2021-04-13;Norddjurs;453;707
2021-04-13;Favrskov;357;710
2021-04-13;Odder;133;727
2021-04-13;Randers;703;730
2021-04-13;Silkeborg;518;740
2021-04-13;Samsø;3;741
2021-04-13;Skanderborg;400;746
2021-04-13;Århus;542;751
2021-04-13;Ikast-Brande;38;756
2021-04-13;Ringkøbing-Skjern;43;760
2021-04-13;Hedensted;141;766
2021-04-13;Morsø;1;773
2021-04-13;Skive;203;779
2021-04-13;Thisted;3;787
2021-04-13;Viborg;613;791
2021-04-13;Brønderslev;3;810
2021-04-13;Frederikshavn;5;813
2021-04-13;Vesthimmerland;376;820
2021-04-13;Rebild;115;840
2021-04-13;Mariagerfjord;280;846
2021-04-13;Jammerbugt;29;849
2021-04-13;Aalborg;129;851
2021-04-13;Hjørring;12;860
2021-04-14;København;408;101
2021-04-14;Frederiksberg;143;147
2021-04-14;Ballerup;15;151
2021-04-14;Brøndby;13;153
2021-04-14;Dragør;4;155
2021-04-14;Gentofte;90;157
2021-04-14;Gladsaxe;30;159
2021-04-14;Glostrup;5;161
2021-04-14;Herlev;36;163
2021-04-14;Albertslund;21;165
2021-04-14;Hvidovre;43;167
2021-04-14;Høje Tåstrup;72;169
2021-04-14;Lyngby-Taarbæk;32;173
2021-04-14;Rødovre;40;175
2021-04-14;Ishøj;3;183
2021-04-14;Tårnby;26;185
2021-04-14;Vallensbæk;5;187
2021-04-14;Furesø;15;190
2021-04-14;Allerød;25;201
2021-04-14;Fredensborg;18;210
2021-04-14;Helsingør;24;217
2021-04-14;Hillerød;70;219
2021-04-14;Hørsholm;20;223
2021-04-14;Rudersdal;38;230
2021-04-14;Egedal;77;240
2021-04-14;Frederikssund;196;250
2021-04-14;Greve;72;253
2021-04-14;Køge;270;259
2021-04-14;Halsnæs;85;260
2021-04-14;Roskilde;194;265
2021-04-14;Solrød;90;269
2021-04-14;Gribskov;31;270
2021-04-14;Odsherred;84;306
2021-04-14;Holbæk;121;316
2021-04-14;Faxe;222;320
2021-04-14;Kalundborg;114;326
2021-04-14;Ringsted;87;329
2021-04-14;Slagelse;194;330
2021-04-14;Stevns;200;336
2021-04-14;Sorø;77;340
2021-04-14;Lejre;142;350
2021-04-14;Lolland;44;360
2021-04-14;Næstved;100;370
2021-04-14;Guldborgsund;70;376
2021-04-14;Vordingborg;72;390
2021-04-14;Bornholm;13;400
2021-04-14;Middelfart;73;410
2021-04-14;Assens;110;420
2021-04-14;Faaborg-Midtfyn;146;430
2021-04-14;Kerteminde;84;440
2021-04-14;Nyborg;73;450
2021-04-14;Odense;476;461
2021-04-14;Svendborg;218;479
2021-04-14;Nordfyn;113;480
2021-04-14;Langeland;35;482
2021-04-14;Ærø;4;492
2021-04-14;Haderslev;35;510
2021-04-14;Billund;5;530
2021-04-14;Sønderborg;185;540
2021-04-14;Tønder;29;550
2021-04-14;Esbjerg;159;561
2021-04-14;Fanø;1;563
2021-04-14;Varde;10;573
2021-04-14;Vejen;19;575
2021-04-14;Aabenraa;106;580
2021-04-14;Fredericia;58;607
2021-04-14;Horsens;282;615
2021-04-14;Kolding;106;621
2021-04-14;Vejle;150;630
2021-04-14;Herning;56;657
2021-04-14;Holstebro;91;661
2021-04-14;Lemvig;187;665
2021-04-14;Struer;146;671
2021-04-14;Syddjurs;317;706
2021-04-14;Norddjurs;41;707
2021-04-14;Favrskov;262;710
2021-04-14;Odder;66;727
2021-04-14;Randers;355;730
2021-04-14;Silkeborg;343;740
2021-04-14;Samsø;13;741
2021-04-14;Skanderborg;281;746
2021-04-14;Århus;472;751
2021-04-14;Ikast-Brande;219;756
2021-04-14;Ringkøbing-Skjern;21;760
2021-04-14;Hedensted;153;766
2021-04-14;Morsø;6;773
2021-04-14;Skive;358;779
2021-04-14;Thisted;6;787
2021-04-14;Viborg;417;791
2021-04-14;Brønderslev;163;810
2021-04-14;Frederikshavn;475;813
2021-04-14;Vesthimmerland;5;820
2021-04-14;Læsø;1;825
2021-04-14;Rebild;4;840
2021-04-14;Mariagerfjord;39;846
2021-04-14;Jammerbugt;45;849
2021-04-14;Aalborg;26;851
2021-04-14;Hjørring;635;860
2021-04-15;København;1081;101
2021-04-15;Frederiksberg;234;147
2021-04-15;Ballerup;144;151
2021-04-15;Brøndby;73;153
2021-04-15;Dragør;48;155
2021-04-15;Gentofte;248;157
2021-04-15;Gladsaxe;156;159
2021-04-15;Glostrup;65;161
2021-04-15;Herlev;71;163
2021-04-15;Albertslund;70;165
2021-04-15;Hvidovre;128;167
2021-04-15;Høje Tåstrup;122;169
2021-04-15;Lyngby-Taarbæk;165;173
2021-04-15;Rødovre;80;175
2021-04-15;Ishøj;30;183
2021-04-15;Tårnby;137;185
2021-04-15;Vallensbæk;37;187
2021-04-15;Furesø;112;190
2021-04-15;Allerød;90;201
2021-04-15;Fredensborg;354;210
2021-04-15;Helsingør;655;217
2021-04-15;Hillerød;204;219
2021-04-15;Hørsholm;194;223
2021-04-15;Rudersdal;230;230
2021-04-15;Egedal;106;240
2021-04-15;Frederikssund;222;250
2021-04-15;Greve;117;253
2021-04-15;Køge;130;259
2021-04-15;Halsnæs;136;260
2021-04-15;Roskilde;206;265
2021-04-15;Solrød;61;269
2021-04-15;Gribskov;271;270
2021-04-15;Odsherred;178;306
2021-04-15;Holbæk;110;316
2021-04-15;Faxe;37;320
2021-04-15;Kalundborg;206;326
2021-04-15;Ringsted;124;329
2021-04-15;Slagelse;48;330
2021-04-15;Stevns;40;336
2021-04-15;Sorø;103;340
2021-04-15;Lejre;36;350
2021-04-15;Lolland;235;360
2021-04-15;Næstved;34;370
2021-04-15;Guldborgsund;135;376
2021-04-15;Vordingborg;66;390
2021-04-15;Bornholm;96;400
2021-04-15;Middelfart;23;410
2021-04-15;Assens;104;420
2021-04-15;Faaborg-Midtfyn;153;430
2021-04-15;Kerteminde;59;440
2021-04-15;Nyborg;59;450
2021-04-15;Odense;479;461
2021-04-15;Svendborg;188;479
2021-04-15;Nordfyn;81;480
2021-04-15;Langeland;13;482
2021-04-15;Ærø;5;492
2021-04-15;Haderslev;39;510
2021-04-15;Billund;47;530
2021-04-15;Sønderborg;187;540
2021-04-15;Tønder;30;550
2021-04-15;Esbjerg;405;561
2021-04-15;Fanø;9;563
2021-04-15;Varde;222;573
2021-04-15;Vejen;50;575
2021-04-15;Aabenraa;115;580
2021-04-15;Fredericia;31;607
2021-04-15;Horsens;282;615
2021-04-15;Kolding;13;621
2021-04-15;Vejle;153;630
2021-04-15;Herning;655;657
2021-04-15;Holstebro;66;661
2021-04-15;Lemvig;36;665
2021-04-15;Struer;185;671
2021-04-15;Syddjurs;94;706
2021-04-15;Norddjurs;229;707
2021-04-15;Favrskov;48;710
2021-04-15;Odder;117;727
2021-04-15;Randers;198;730
2021-04-15;Silkeborg;366;740
2021-04-15;Samsø;4;741
2021-04-15;Skanderborg;214;746
2021-04-15;Århus;705;751
2021-04-15;Ikast-Brande;364;756
2021-04-15;Ringkøbing-Skjern;434;760
2021-04-15;Hedensted;142;766
2021-04-15;Morsø;14;773
2021-04-15;Skive;346;779
2021-04-15;Thisted;9;787
2021-04-15;Viborg;328;791
2021-04-15;Brønderslev;17;810
2021-04-15;Vesthimmerland;3;820
2021-04-15;Læsø;141;825
2021-04-15;Rebild;17;840
2021-04-15;Mariagerfjord;5;846
2021-04-15;Jammerbugt;40;849
2021-04-15;Aalborg;305;851
2021-04-15;Hjørring;10;860
2021-04-16;København;912;101
2021-04-16;Frederiksberg;215;147
2021-04-16;Ballerup;119;151
2021-04-16;Brøndby;93;153
2021-04-16;Dragør;74;155
2021-04-16;Gentofte;179;157
2021-04-16;Gladsaxe;124;159
2021-04-16;Glostrup;43;161
2021-04-16;Herlev;66;163
2021-04-16;Albertslund;58;165
2021-04-16;Hvidovre;98;167
2021-04-16;Høje Tåstrup;91;169
2021-04-16;Lyngby-Taarbæk;124;173
2021-04-16;Rødovre;111;175
2021-04-16;Ishøj;35;183
2021-04-16;Tårnby;109;185
2021-04-16;Vallensbæk;33;187
2021-04-16;Furesø;125;190
2021-04-16;Allerød;66;201
2021-04-16;Fredensborg;117;210
2021-04-16;Helsingør;152;217
2021-04-16;Hillerød;182;219
2021-04-16;Hørsholm;68;223
2021-04-16;Rudersdal;135;230
2021-04-16;Egedal;109;240
2021-04-16;Frederikssund;209;250
2021-04-16;Greve;80;253
2021-04-16;Køge;129;259
2021-04-16;Halsnæs;110;260
2021-04-16;Roskilde;115;265
2021-04-16;Solrød;41;269
2021-04-16;Gribskov;186;270
2021-04-16;Odsherred;120;306
2021-04-16;Holbæk;155;316
2021-04-16;Faxe;55;320
2021-04-16;Kalundborg;84;326
2021-04-16;Ringsted;45;329
2021-04-16;Slagelse;123;330
2021-04-16;Stevns;59;336
2021-04-16;Sorø;33;340
2021-04-16;Lejre;59;350
2021-04-16;Lolland;289;360
2021-04-16;Næstved;101;370
2021-04-16;Guldborgsund;79;376
2021-04-16;Vordingborg;65;390
2021-04-16;Bornholm;223;400
2021-04-16;Middelfart;271;410
2021-04-16;Assens;148;420
2021-04-16;Faaborg-Midtfyn;236;430
2021-04-16;Kerteminde;105;440
2021-04-16;Nyborg;125;450
2021-04-16;Odense;499;461
2021-04-16;Svendborg;374;479
2021-04-16;Nordfyn;119;480
2021-04-16;Langeland;209;482
2021-04-16;Ærø;263;492
2021-04-16;Haderslev;197;510
2021-04-16;Billund;110;530
2021-04-16;Sønderborg;362;540
2021-04-16;Tønder;65;550
2021-04-16;Esbjerg;484;561
2021-04-16;Fanø;24;563
2021-04-16;Varde;240;573
2021-04-16;Vejen;126;575
2021-04-16;Aabenraa;442;580
2021-04-16;Fredericia;167;607
2021-04-16;Horsens;186;615
2021-04-16;Kolding;326;621
2021-04-16;Vejle;500;630
2021-04-16;Herning;40;657
2021-04-16;Holstebro;227;661
2021-04-16;Lemvig;9;665
2021-04-16;Struer;18;671
2021-04-16;Syddjurs;46;706
2021-04-16;Norddjurs;16;707
2021-04-16;Favrskov;63;710
2021-04-16;Odder;101;727
2021-04-16;Randers;191;730
2021-04-16;Silkeborg;269;740
2021-04-16;Samsø;2;741
2021-04-16;Skanderborg;190;746
2021-04-16;Århus;846;751
2021-04-16;Ikast-Brande;16;756
2021-04-16;Ringkøbing-Skjern;16;760
2021-04-16;Hedensted;100;766
2021-04-16;Morsø;5;773
2021-04-16;Skive;118;779
2021-04-16;Thisted;6;787
2021-04-16;Viborg;288;791
2021-04-16;Brønderslev;192;810
2021-04-16;Frederikshavn;1028;813
2021-04-16;Vesthimmerland;12;820
2021-04-16;Rebild;53;840
2021-04-16;Mariagerfjord;16;846
2021-04-16;Jammerbugt;197;849
2021-04-16;Aalborg;1579;851
2021-04-16;Hjørring;339;860
2021-04-17;København;1710;101
2021-04-17;Frederiksberg;468;147
2021-04-17;Ballerup;324;151
2021-04-17;Brøndby;127;153
2021-04-17;Dragør;88;155
2021-04-17;Gentofte;402;157
2021-04-17;Gladsaxe;350;159
2021-04-17;Glostrup;110;161
2021-04-17;Herlev;146;163
2021-04-17;Albertslund;127;165
2021-04-17;Hvidovre;201;167
2021-04-17;Høje Tåstrup;170;169
2021-04-17;Lyngby-Taarbæk;315;173
2021-04-17;Rødovre;195;175
2021-04-17;Ishøj;82;183
2021-04-17;Tårnby;166;185
2021-04-17;Vallensbæk;48;187
2021-04-17;Furesø;229;190
2021-04-17;Allerød;120;201
2021-04-17;Fredensborg;181;210
2021-04-17;Helsingør;245;217
2021-04-17;Hillerød;233;219
2021-04-17;Hørsholm;145;223
2021-04-17;Rudersdal;270;230
2021-04-17;Egedal;217;240
2021-04-17;Frederikssund;210;250
2021-04-17;Greve;412;253
2021-04-17;Køge;172;259
2021-04-17;Halsnæs;214;260
2021-04-17;Roskilde;231;265
2021-04-17;Solrød;122;269
2021-04-17;Gribskov;339;270
2021-04-17;Odsherred;61;306
2021-04-17;Holbæk;45;316
2021-04-17;Faxe;78;320
2021-04-17;Kalundborg;124;326
2021-04-17;Ringsted;69;329
2021-04-17;Slagelse;219;330
2021-04-17;Stevns;52;336
2021-04-17;Sorø;66;340
2021-04-17;Lejre;79;350
2021-04-17;Lolland;127;360
2021-04-17;Næstved;200;370
2021-04-17;Guldborgsund;172;376
2021-04-17;Vordingborg;109;390
2021-04-17;Bornholm;311;400
2021-04-17;Middelfart;117;410
2021-04-17;Assens;154;420
2021-04-17;Faaborg-Midtfyn;224;430
2021-04-17;Kerteminde;60;440
2021-04-17;Nyborg;91;450
2021-04-17;Odense;516;461
2021-04-17;Svendborg;251;479
2021-04-17;Nordfyn;97;480
2021-04-17;Langeland;72;482
2021-04-17;Ærø;8;492
2021-04-17;Haderslev;157;510
2021-04-17;Billund;119;530
2021-04-17;Sønderborg;362;540
2021-04-17;Tønder;102;550
2021-04-17;Esbjerg;690;561
2021-04-17;Fanø;36;563
2021-04-17;Varde;212;573
2021-04-17;Vejen;152;575
2021-04-17;Aabenraa;345;580
2021-04-17;Fredericia;158;607
2021-04-17;Horsens;23;615
2021-04-17;Kolding;258;621
2021-04-17;Vejle;455;630
2021-04-17;Herning;21;657
2021-04-17;Holstebro;4;661
2021-04-17;Lemvig;1;665
2021-04-17;Struer;1;671
2021-04-17;Syddjurs;31;706
2021-04-17;Norddjurs;16;707
2021-04-17;Favrskov;60;710
2021-04-17;Odder;6;727
2021-04-17;Randers;439;730
2021-04-17;Silkeborg;54;740
2021-04-17;Samsø;1;741
2021-04-17;Skanderborg;25;746
2021-04-17;Århus;161;751
2021-04-17;Ikast-Brande;23;756
2021-04-17;Ringkøbing-Skjern;46;760
2021-04-17;Hedensted;27;766
2021-04-17;Morsø;3;773
2021-04-17;Skive;30;779
2021-04-17;Thisted;3;787
2021-04-17;Viborg;235;791
2021-04-17;Brønderslev;33;810
2021-04-17;Frederikshavn;4;813
2021-04-17;Vesthimmerland;405;820
2021-04-17;Rebild;143;840
2021-04-17;Mariagerfjord;564;846
2021-04-17;Jammerbugt;95;849
2021-04-17;Aalborg;1577;851
2021-04-17;Hjørring;2;860
2021-04-18;København;1629;101
2021-04-18;Frederiksberg;420;147
2021-04-18;Ballerup;256;151
2021-04-18;Brøndby;123;153
2021-04-18;Dragør;56;155
2021-04-18;Gentofte;367;157
2021-04-18;Gladsaxe;345;159
2021-04-18;Glostrup;107;161
2021-04-18;Herlev;149;163
2021-04-18;Albertslund;122;165
2021-04-18;Hvidovre;180;167
2021-04-18;Høje Tåstrup;165;169
2021-04-18;Lyngby-Taarbæk;350;173
2021-04-18;Rødovre;186;175
2021-04-18;Ishøj;81;183
2021-04-18;Tårnby;116;185
2021-04-18;Vallensbæk;27;187
2021-04-18;Furesø;263;190
2021-04-18;Allerød;160;201
2021-04-18;Fredensborg;203;210
2021-04-18;Helsingør;138;217
2021-04-18;Hillerød;282;219
2021-04-18;Hørsholm;169;223
2021-04-18;Rudersdal;309;230
2021-04-18;Egedal;179;240
2021-04-18;Frederikssund;183;250
2021-04-18;Greve;278;253
2021-04-18;Køge;75;259
2021-04-18;Halsnæs;220;260
2021-04-18;Roskilde;146;265
2021-04-18;Solrød;87;269
2021-04-18;Gribskov;272;270
2021-04-18;Odsherred;3;306
2021-04-18;Holbæk;10;316
2021-04-18;Faxe;10;320
2021-04-18;Kalundborg;84;326
2021-04-18;Ringsted;30;329
2021-04-18;Slagelse;155;330
2021-04-18;Stevns;27;336
2021-04-18;Sorø;50;340
2021-04-18;Lejre;33;350
2021-04-18;Lolland;7;360
2021-04-18;Næstved;58;370
2021-04-18;Guldborgsund;6;376
2021-04-18;Vordingborg;7;390
2021-04-18;Bornholm;309;400
2021-04-18;Middelfart;80;410
2021-04-18;Assens;117;420
2021-04-18;Faaborg-Midtfyn;244;430
2021-04-18;Kerteminde;72;440
2021-04-18;Nyborg;103;450
2021-04-18;Odense;478;461
2021-04-18;Svendborg;295;479
2021-04-18;Nordfyn;127;480
2021-04-18;Langeland;75;482
2021-04-18;Ærø;10;492
2021-04-18;Haderslev;101;510
2021-04-18;Billund;95;530
2021-04-18;Sønderborg;351;540
2021-04-18;Tønder;98;550
2021-04-18;Esbjerg;561;561
2021-04-18;Fanø;15;563
2021-04-18;Varde;240;573
2021-04-18;Vejen;90;575
2021-04-18;Aabenraa;272;580
2021-04-18;Fredericia;109;607
2021-04-18;Horsens;18;615
2021-04-18;Kolding;151;621
2021-04-18;Vejle;393;630
2021-04-18;Herning;16;657
2021-04-18;Holstebro;12;661
2021-04-18;Lemvig;14;665
2021-04-18;Struer;11;671
2021-04-18;Syddjurs;7;706
2021-04-18;Norddjurs;30;707
2021-04-18;Favrskov;28;710
2021-04-18;Odder;2;727
2021-04-18;Randers;225;730
2021-04-18;Silkeborg;19;740
2021-04-18;Skanderborg;7;746
2021-04-18;Århus;32;751
2021-04-18;Ikast-Brande;5;756
2021-04-18;Ringkøbing-Skjern;42;760
2021-04-18;Hedensted;29;766
2021-04-18;Morsø;64;773
2021-04-18;Skive;26;779
2021-04-18;Thisted;625;787
2021-04-18;Viborg;110;791
2021-04-18;Brønderslev;9;810
2021-04-18;Frederikshavn;2;813
2021-04-18;Vesthimmerland;9;820
2021-04-18;Rebild;41;840
2021-04-18;Mariagerfjord;395;846
2021-04-18;Jammerbugt;38;849
2021-04-18;Aalborg;143;851
2021-04-19;København;1757;101
2021-04-19;Frederiksberg;407;147
2021-04-19;Ballerup;283;151
2021-04-19;Brøndby;84;153
2021-04-19;Dragør;79;155
2021-04-19;Gentofte;424;157
2021-04-19;Gladsaxe;375;159
2021-04-19;Glostrup;72;161
2021-04-19;Herlev;192;163
2021-04-19;Albertslund;73;165
2021-04-19;Hvidovre;139;167
2021-04-19;Høje Tåstrup;126;169
2021-04-19;Lyngby-Taarbæk;302;173
2021-04-19;Rødovre;170;175
2021-04-19;Ishøj;33;183
2021-04-19;Tårnby;150;185
2021-04-19;Vallensbæk;28;187
2021-04-19;Furesø;247;190
2021-04-19;Allerød;211;201
2021-04-19;Fredensborg;299;210
2021-04-19;Helsingør;707;217
2021-04-19;Hillerød;410;219
2021-04-19;Hørsholm;173;223
2021-04-19;Rudersdal;395;230
2021-04-19;Egedal;227;240
2021-04-19;Frederikssund;252;250
2021-04-19;Greve;166;253
2021-04-19;Køge;235;259
2021-04-19;Halsnæs;284;260
2021-04-19;Roskilde;303;265
2021-04-19;Solrød;73;269
2021-04-19;Gribskov;504;270
2021-04-19;Odsherred;151;306
2021-04-19;Holbæk;376;316
2021-04-19;Faxe;172;320
2021-04-19;Kalundborg;169;326
2021-04-19;Ringsted;119;329
2021-04-19;Slagelse;338;330
2021-04-19;Stevns;87;336
2021-04-19;Sorø;63;340
2021-04-19;Lejre;126;350
2021-04-19;Lolland;139;360
2021-04-19;Næstved;241;370
2021-04-19;Guldborgsund;161;376
2021-04-19;Vordingborg;148;390
2021-04-19;Bornholm;289;400
2021-04-19;Middelfart;259;410
2021-04-19;Assens;167;420
2021-04-19;Faaborg-Midtfyn;319;430
2021-04-19;Kerteminde;74;440
2021-04-19;Nyborg;130;450
2021-04-19;Odense;633;461
2021-04-19;Svendborg;315;479
2021-04-19;Nordfyn;95;480
2021-04-19;Langeland;69;482
2021-04-19;Ærø;2;492
2021-04-19;Haderslev;115;510
2021-04-19;Billund;101;530
2021-04-19;Sønderborg;464;540
2021-04-19;Tønder;595;550
2021-04-19;Esbjerg;303;561
2021-04-19;Fanø;16;563
2021-04-19;Varde;109;573
2021-04-19;Vejen;167;575
2021-04-19;Aabenraa;494;580
2021-04-19;Fredericia;553;607
2021-04-19;Horsens;723;615
2021-04-19;Kolding;526;621
2021-04-19;Vejle;353;630
2021-04-19;Herning;302;657
2021-04-19;Holstebro;33;661
2021-04-19;Lemvig;330;665
2021-04-19;Struer;17;671
2021-04-19;Syddjurs;313;706
2021-04-19;Norddjurs;53;707
2021-04-19;Favrskov;199;710
2021-04-19;Odder;70;727
2021-04-19;Randers;515;730
2021-04-19;Silkeborg;520;740
2021-04-19;Samsø;1;741
2021-04-19;Skanderborg;164;746
2021-04-19;Århus;390;751
2021-04-19;Ikast-Brande;305;756
2021-04-19;Ringkøbing-Skjern;82;760
2021-04-19;Hedensted;224;766
2021-04-19;Morsø;74;773
2021-04-19;Skive;177;779
2021-04-19;Thisted;35;787
2021-04-19;Viborg;453;791
2021-04-19;Brønderslev;19;810
2021-04-19;Frederikshavn;12;813
2021-04-19;Vesthimmerland;42;820
2021-04-19;Rebild;526;840
2021-04-19;Mariagerfjord;180;846
2021-04-19;Jammerbugt;1048;849
2021-04-19;Aalborg;314;851
2021-04-19;Hjørring;33;860
2021-04-20;København;975;101
2021-04-20;Frederiksberg;200;147
2021-04-20;Ballerup;163;151
2021-04-20;Brøndby;29;153
2021-04-20;Dragør;28;155
2021-04-20;Gentofte;190;157
2021-04-20;Gladsaxe;194;159
2021-04-20;Glostrup;49;161
2021-04-20;Herlev;94;163
2021-04-20;Albertslund;48;165
2021-04-20;Hvidovre;93;167
2021-04-20;Høje Tåstrup;64;169
2021-04-20;Lyngby-Taarbæk;198;173
2021-04-20;Rødovre;100;175
2021-04-20;Ishøj;16;183
2021-04-20;Tårnby;77;185
2021-04-20;Vallensbæk;15;187
2021-04-20;Furesø;146;190
2021-04-20;Allerød;115;201
2021-04-20;Fredensborg;151;210
2021-04-20;Helsingør;230;217
2021-04-20;Hillerød;247;219
2021-04-20;Hørsholm;88;223
2021-04-20;Rudersdal;181;230
2021-04-20;Egedal;136;240
2021-04-20;Frederikssund;124;250
2021-04-20;Greve;90;253
2021-04-20;Køge;24;259
2021-04-20;Halsnæs;152;260
2021-04-20;Roskilde;280;265
2021-04-20;Solrød;29;269
2021-04-20;Gribskov;217;270
2021-04-20;Odsherred;211;306
2021-04-20;Holbæk;296;316
2021-04-20;Faxe;62;320
2021-04-20;Kalundborg;173;326
2021-04-20;Ringsted;49;329
2021-04-20;Slagelse;286;330
2021-04-20;Stevns;7;336
2021-04-20;Sorø;59;340
2021-04-20;Lejre;106;350
2021-04-20;Lolland;49;360
2021-04-20;Næstved;257;370
2021-04-20;Guldborgsund;125;376
2021-04-20;Vordingborg;133;390
2021-04-20;Bornholm;278;400
2021-04-20;Middelfart;182;410
2021-04-20;Assens;109;420
2021-04-20;Faaborg-Midtfyn;180;430
2021-04-20;Kerteminde;236;440
2021-04-20;Nyborg;160;450
2021-04-20;Odense;499;461
2021-04-20;Svendborg;263;479
2021-04-20;Nordfyn;88;480
2021-04-20;Langeland;46;482
2021-04-20;Ærø;7;492
2021-04-20;Haderslev;802;510
2021-04-20;Billund;92;530
2021-04-20;Sønderborg;405;540
2021-04-20;Tønder;159;550
2021-04-20;Esbjerg;602;561
2021-04-20;Fanø;23;563
2021-04-20;Varde;203;573
2021-04-20;Vejen;229;575
2021-04-20;Aabenraa;380;580
2021-04-20;Fredericia;238;607
2021-04-20;Horsens;353;615
2021-04-20;Kolding;583;621
2021-04-20;Vejle;532;630
2021-04-20;Herning;219;657
2021-04-20;Holstebro;369;661
2021-04-20;Lemvig;211;665
2021-04-20;Struer;306;671
2021-04-20;Syddjurs;493;706
2021-04-20;Norddjurs;435;707
2021-04-20;Favrskov;265;710
2021-04-20;Odder;146;727
2021-04-20;Randers;591;730
2021-04-20;Silkeborg;489;740
2021-04-20;Samsø;2;741
2021-04-20;Skanderborg;315;746
2021-04-20;Århus;1439;751
2021-04-20;Ikast-Brande;36;756
2021-04-20;Ringkøbing-Skjern;632;760
2021-04-20;Hedensted;281;766
2021-04-20;Morsø;601;773
2021-04-20;Skive;615;779
2021-04-20;Thisted;48;787
2021-04-20;Viborg;682;791
2021-04-20;Brønderslev;3;810
2021-04-20;Frederikshavn;3;813
2021-04-20;Vesthimmerland;244;820
2021-04-20;Rebild;76;840
2021-04-20;Mariagerfjord;106;846
2021-04-20;Jammerbugt;53;849
2021-04-20;Aalborg;108;851
2021-04-20;Hjørring;1;860
2021-04-21;København;1307;101
2021-04-21;Frederiksberg;334;147
2021-04-21;Ballerup;199;151
2021-04-21;Brøndby;41;153
2021-04-21;Dragør;50;155
2021-04-21;Gentofte;236;157
2021-04-21;Gladsaxe;250;159
2021-04-21;Glostrup;74;161
2021-04-21;Herlev;120;163
2021-04-21;Albertslund;62;165
2021-04-21;Hvidovre;115;167
2021-04-21;Høje Tåstrup;77;169
2021-04-21;Lyngby-Taarbæk;234;173
2021-04-21;Rødovre;118;175
2021-04-21;Ishøj;16;183
2021-04-21;Tårnby;133;185
2021-04-21;Vallensbæk;18;187
2021-04-21;Furesø;170;190
2021-04-21;Allerød;101;201
2021-04-21;Fredensborg;169;210
2021-04-21;Helsingør;131;217
2021-04-21;Hillerød;229;219
2021-04-21;Hørsholm;82;223
2021-04-21;Rudersdal;201;230
2021-04-21;Egedal;198;240
2021-04-21;Frederikssund;218;250
2021-04-21;Greve;119;253
2021-04-21;Køge;269;259
2021-04-21;Halsnæs;211;260
2021-04-21;Roskilde;268;265
2021-04-21;Solrød;73;269
2021-04-21;Gribskov;265;270
2021-04-21;Odsherred;204;306
2021-04-21;Holbæk;273;316
2021-04-21;Faxe;130;320
2021-04-21;Kalundborg;163;326
2021-04-21;Ringsted;77;329
2021-04-21;Slagelse;182;330
2021-04-21;Stevns;107;336
2021-04-21;Sorø;123;340
2021-04-21;Lejre;127;350
2021-04-21;Lolland;234;360
2021-04-21;Næstved;255;370
2021-04-21;Guldborgsund;335;376
2021-04-21;Vordingborg;220;390
2021-04-21;Bornholm;214;400
2021-04-21;Middelfart;165;410
2021-04-21;Assens;280;420
2021-04-21;Faaborg-Midtfyn;95;430
2021-04-21;Kerteminde;93;440
2021-04-21;Nyborg;63;450
2021-04-21;Odense;595;461
2021-04-21;Svendborg;28;479
2021-04-21;Nordfyn;302;480
2021-04-21;Langeland;9;482
2021-04-21;Ærø;3;492
2021-04-21;Haderslev;211;510
2021-04-21;Billund;221;530
2021-04-21;Sønderborg;324;540
2021-04-21;Tønder;329;550
2021-04-21;Esbjerg;629;561
2021-04-21;Fanø;32;563
2021-04-21;Varde;402;573
2021-04-21;Vejen;174;575
2021-04-21;Aabenraa;304;580
2021-04-21;Fredericia;160;607
2021-04-21;Horsens;230;615
2021-04-21;Kolding;421;621
2021-04-21;Vejle;464;630
2021-04-21;Herning;646;657
2021-04-21;Holstebro;103;661
2021-04-21;Lemvig;35;665
2021-04-21;Struer;58;671
2021-04-21;Syddjurs;319;706
2021-04-21;Norddjurs;319;707
2021-04-21;Favrskov;178;710
2021-04-21;Odder;97;727
2021-04-21;Randers;405;730
2021-04-21;Silkeborg;428;740
2021-04-21;Samsø;191;741
2021-04-21;Skanderborg;109;746
2021-04-21;Århus;646;751
2021-04-21;Ikast-Brande;261;756
2021-04-21;Ringkøbing-Skjern;447;760
2021-04-21;Hedensted;232;766
2021-04-21;Morsø;164;773
2021-04-21;Skive;326;779
2021-04-21;Thisted;594;787
2021-04-21;Viborg;461;791
2021-04-21;Brønderslev;824;810
2021-04-21;Frederikshavn;75;813
2021-04-21;Vesthimmerland;2;820
2021-04-21;Rebild;3;840
2021-04-21;Mariagerfjord;8;846
2021-04-21;Jammerbugt;159;849
2021-04-21;Aalborg;192;851
2021-04-21;Hjørring;934;860
2021-04-22;København;2040;101
2021-04-22;Frederiksberg;423;147
2021-04-22;Ballerup;356;151
2021-04-22;Brøndby;202;153
2021-04-22;Dragør;87;155
2021-04-22;Gentofte;440;157
2021-04-22;Gladsaxe;444;159
2021-04-22;Glostrup;125;161
2021-04-22;Herlev;186;163
2021-04-22;Albertslund;157;165
2021-04-22;Hvidovre;262;167
2021-04-22;Høje Tåstrup;275;169
2021-04-22;Lyngby-Taarbæk;387;173
2021-04-22;Rødovre;207;175
2021-04-22;Ishøj;159;183
2021-04-22;Tårnby;173;185
2021-04-22;Vallensbæk;88;187
2021-04-22;Furesø;316;190
2021-04-22;Allerød;231;201
2021-04-22;Fredensborg;576;210
2021-04-22;Helsingør;916;217
2021-04-22;Hillerød;440;219
2021-04-22;Hørsholm;324;223
2021-04-22;Rudersdal;529;230
2021-04-22;Egedal;320;240
2021-04-22;Frederikssund;332;250
2021-04-22;Greve;98;253
2021-04-22;Køge;135;259
2021-04-22;Halsnæs;361;260
2021-04-22;Roskilde;212;265
2021-04-22;Solrød;29;269
2021-04-22;Gribskov;599;270
2021-04-22;Odsherred;242;306
2021-04-22;Holbæk;495;316
2021-04-22;Faxe;7;320
2021-04-22;Kalundborg;113;326
2021-04-22;Ringsted;31;329
2021-04-22;Slagelse;302;330
2021-04-22;Stevns;31;336
2021-04-22;Sorø;42;340
2021-04-22;Lejre;106;350
2021-04-22;Lolland;128;360
2021-04-22;Næstved;219;370
2021-04-22;Guldborgsund;301;376
2021-04-22;Vordingborg;72;390
2021-04-22;Bornholm;282;400
2021-04-22;Middelfart;323;410
2021-04-22;Assens;183;420
2021-04-22;Faaborg-Midtfyn;262;430
2021-04-22;Kerteminde;119;440
2021-04-22;Nyborg;245;450
2021-04-22;Odense;661;461
2021-04-22;Svendborg;300;479
2021-04-22;Nordfyn;123;480
2021-04-22;Langeland;82;482
2021-04-22;Ærø;9;492
2021-04-22;Haderslev;636;510
2021-04-22;Billund;140;530
2021-04-22;Sønderborg;305;540
2021-04-22;Tønder;73;550
2021-04-22;Esbjerg;385;561
2021-04-22;Fanø;7;563
2021-04-22;Varde;81;573
2021-04-22;Vejen;83;575
2021-04-22;Aabenraa;172;580
2021-04-22;Fredericia;219;607
2021-04-22;Horsens;423;615
2021-04-22;Kolding;90;621
2021-04-22;Vejle;302;630
2021-04-22;Herning;498;657
2021-04-22;Holstebro;632;661
2021-04-22;Lemvig;62;665
2021-04-22;Struer;298;671
2021-04-22;Syddjurs;179;706
2021-04-22;Norddjurs;71;707
2021-04-22;Favrskov;414;710
2021-04-22;Odder;192;727
2021-04-22;Randers;411;730
2021-04-22;Silkeborg;362;740
2021-04-22;Samsø;2;741
2021-04-22;Skanderborg;431;746
2021-04-22;Århus;1774;751
2021-04-22;Ikast-Brande;104;756
2021-04-22;Ringkøbing-Skjern;180;760
2021-04-22;Hedensted;252;766
2021-04-22;Morsø;4;773
2021-04-22;Skive;257;779
2021-04-22;Thisted;8;787
2021-04-22;Viborg;433;791
2021-04-22;Brønderslev;192;810
2021-04-22;Frederikshavn;1139;813
2021-04-22;Vesthimmerland;1;820
2021-04-22;Læsø;138;825
2021-04-22;Rebild;5;840
2021-04-22;Mariagerfjord;11;846
2021-04-22;Jammerbugt;39;849
2021-04-22;Aalborg;56;851
2021-04-22;Hjørring;1025;860
2021-04-23;København;607;101
2021-04-23;Frederiksberg;120;147
2021-04-23;Ballerup;180;151
2021-04-23;Brøndby;60;153
2021-04-23;Dragør;15;155
2021-04-23;Gentofte;123;157
2021-04-23;Gladsaxe;199;159
2021-04-23;Glostrup;54;161
2021-04-23;Herlev;108;163
2021-04-23;Albertslund;51;165
2021-04-23;Hvidovre;77;167
2021-04-23;Høje Tåstrup;104;169
2021-04-23;Lyngby-Taarbæk;202;173
2021-04-23;Rødovre;88;175
2021-04-23;Ishøj;37;183
2021-04-23;Tårnby;57;185
2021-04-23;Vallensbæk;13;187
2021-04-23;Furesø;152;190
2021-04-23;Allerød;51;201
2021-04-23;Fredensborg;91;210
2021-04-23;Helsingør;113;217
2021-04-23;Hillerød;164;219
2021-04-23;Hørsholm;59;223
2021-04-23;Rudersdal;124;230
2021-04-23;Egedal;222;240
2021-04-23;Frederikssund;209;250
2021-04-23;Greve;90;253
2021-04-23;Køge;223;259
2021-04-23;Halsnæs;149;260
2021-04-23;Roskilde;264;265
2021-04-23;Solrød;108;269
2021-04-23;Gribskov;199;270
2021-04-23;Odsherred;242;306
2021-04-23;Holbæk;538;316
2021-04-23;Faxe;165;320
2021-04-23;Kalundborg;178;326
2021-04-23;Ringsted;100;329
2021-04-23;Slagelse;465;330
2021-04-23;Stevns;160;336
2021-04-23;Sorø;89;340
2021-04-23;Lejre;128;350
2021-04-23;Lolland;199;360
2021-04-23;Næstved;512;370
2021-04-23;Guldborgsund;336;376
2021-04-23;Vordingborg;210;390
2021-04-23;Bornholm;100;400
2021-04-23;Middelfart;241;410
2021-04-23;Assens;424;420
2021-04-23;Faaborg-Midtfyn;430;430
2021-04-23;Kerteminde;194;440
2021-04-23;Nyborg;212;450
2021-04-23;Odense;810;461
2021-04-23;Svendborg;331;479
2021-04-23;Nordfyn;190;480
2021-04-23;Langeland;226;482
2021-04-23;Ærø;209;492
2021-04-23;Haderslev;152;510
2021-04-23;Billund;60;530
2021-04-23;Sønderborg;342;540
2021-04-23;Tønder;69;550
2021-04-23;Esbjerg;167;561
2021-04-23;Fanø;8;563
2021-04-23;Varde;70;573
2021-04-23;Vejen;155;575
2021-04-23;Aabenraa;225;580
2021-04-23;Fredericia;227;607
2021-04-23;Horsens;263;615
2021-04-23;Kolding;465;621
2021-04-23;Vejle;439;630
2021-04-23;Herning;158;657
2021-04-23;Holstebro;123;661
2021-04-23;Lemvig;37;665
2021-04-23;Struer;66;671
2021-04-23;Syddjurs;143;706
2021-04-23;Norddjurs;100;707
2021-04-23;Favrskov;136;710
2021-04-23;Odder;140;727
2021-04-23;Randers;316;730
2021-04-23;Silkeborg;353;740
2021-04-23;Samsø;2;741
2021-04-23;Skanderborg;339;746
2021-04-23;Århus;1386;751
2021-04-23;Ikast-Brande;61;756
2021-04-23;Ringkøbing-Skjern;145;760
2021-04-23;Hedensted;316;766
2021-04-23;Morsø;186;773
2021-04-23;Skive;252;779
2021-04-23;Thisted;513;787
2021-04-23;Viborg;257;791
2021-04-23;Brønderslev;56;810
2021-04-23;Frederikshavn;8;813
2021-04-23;Vesthimmerland;610;820
2021-04-23;Rebild;248;840
2021-04-23;Mariagerfjord;66;846
2021-04-23;Jammerbugt;291;849
2021-04-23;Aalborg;2155;851
2021-04-23;Hjørring;26;860
2021-04-24;København;2022;101
2021-04-24;Frederiksberg;391;147
2021-04-24;Ballerup;197;151
2021-04-24;Brøndby;80;153
2021-04-24;Dragør;118;155
2021-04-24;Gentofte;318;157
2021-04-24;Gladsaxe;276;159
2021-04-24;Glostrup;63;161
2021-04-24;Herlev;120;163
2021-04-24;Albertslund;52;165
2021-04-24;Hvidovre;177;167
2021-04-24;Høje Tåstrup;102;169
2021-04-24;Lyngby-Taarbæk;241;173
2021-04-24;Rødovre;135;175
2021-04-24;Ishøj;21;183
2021-04-24;Tårnby;268;185
2021-04-24;Vallensbæk;26;187
2021-04-24;Furesø;205;190
2021-04-24;Allerød;97;201
2021-04-24;Fredensborg;150;210
2021-04-24;Helsingør;180;217
2021-04-24;Hillerød;213;219
2021-04-24;Hørsholm;68;223
2021-04-24;Rudersdal;236;230
2021-04-24;Egedal;185;240
2021-04-24;Frederikssund;229;250
2021-04-24;Greve;108;253
2021-04-24;Køge;196;259
2021-04-24;Halsnæs;230;260
2021-04-24;Roskilde;113;265
2021-04-24;Solrød;82;269
2021-04-24;Gribskov;273;270
2021-04-24;Odsherred;17;306
2021-04-24;Holbæk;22;316
2021-04-24;Faxe;73;320
2021-04-24;Kalundborg;15;326
2021-04-24;Ringsted;35;329
2021-04-24;Slagelse;38;330
2021-04-24;Stevns;101;336
2021-04-24;Sorø;3;340
2021-04-24;Lejre;35;350
2021-04-24;Lolland;17;360
2021-04-24;Næstved;23;370
2021-04-24;Guldborgsund;25;376
2021-04-24;Vordingborg;6;390
2021-04-24;Bornholm;3;400
2021-04-24;Middelfart;144;410
2021-04-24;Assens;155;420
2021-04-24;Faaborg-Midtfyn;255;430
2021-04-24;Kerteminde;60;440
2021-04-24;Nyborg;73;450
2021-04-24;Odense;719;461
2021-04-24;Svendborg;347;479
2021-04-24;Nordfyn;103;480
2021-04-24;Langeland;79;482
2021-04-24;Ærø;21;492
2021-04-24;Haderslev;109;510
2021-04-24;Billund;36;530
2021-04-24;Sønderborg;331;540
2021-04-24;Tønder;70;550
2021-04-24;Esbjerg;219;561
2021-04-24;Fanø;25;563
2021-04-24;Varde;152;573
2021-04-24;Vejen;80;575
2021-04-24;Aabenraa;157;580
2021-04-24;Fredericia;131;607
2021-04-24;Horsens;45;615
2021-04-24;Kolding;302;621
2021-04-24;Vejle;321;630
2021-04-24;Herning;1;657
2021-04-24;Holstebro;3;661
2021-04-24;Syddjurs;3;706
2021-04-24;Norddjurs;7;707
2021-04-24;Favrskov;8;710
2021-04-24;Odder;1;727
2021-04-24;Randers;17;730
2021-04-24;Silkeborg;4;740
2021-04-24;Samsø;1;741
2021-04-24;Skanderborg;4;746
2021-04-24;Århus;33;751
2021-04-24;Ikast-Brande;1;756
2021-04-24;Ringkøbing-Skjern;62;760
2021-04-24;Hedensted;70;766
2021-04-24;Morsø;1;773
2021-04-24;Skive;3;779
2021-04-24;Viborg;4;791
2021-04-24;Brønderslev;289;810
2021-04-24;Frederikshavn;708;813
2021-04-24;Vesthimmerland;3;820
2021-04-24;Læsø;1;825
2021-04-24;Rebild;77;840
2021-04-24;Mariagerfjord;37;846
2021-04-24;Jammerbugt;196;849
2021-04-24;Aalborg;1196;851
2021-04-24;Hjørring;619;860
2021-04-25;København;2324;101
2021-04-25;Frederiksberg;545;147
2021-04-25;Ballerup;37;151
2021-04-25;Brøndby;356;153
2021-04-25;Dragør;118;155
2021-04-25;Gentofte;391;157
2021-04-25;Gladsaxe;136;159
2021-04-25;Glostrup;112;161
2021-04-25;Herlev;29;163
2021-04-25;Albertslund;106;165
2021-04-25;Hvidovre;379;167
2021-04-25;Høje Tåstrup;319;169
2021-04-25;Lyngby-Taarbæk;200;173
2021-04-25;Rødovre;149;175
2021-04-25;Ishøj;183;183
2021-04-25;Tårnby;340;185
2021-04-25;Vallensbæk;169;187
2021-04-25;Furesø;95;190
2021-04-25;Allerød;142;201
2021-04-25;Fredensborg;167;210
2021-04-25;Helsingør;80;217
2021-04-25;Hillerød;313;219
2021-04-25;Hørsholm;110;223
2021-04-25;Rudersdal;219;230
2021-04-25;Egedal;42;240
2021-04-25;Frederikssund;206;250
2021-04-25;Greve;251;253
2021-04-25;Køge;200;259
2021-04-25;Halsnæs;257;260
2021-04-25;Roskilde;383;265
2021-04-25;Solrød;104;269
2021-04-25;Gribskov;369;270
2021-04-25;Odsherred;8;306
2021-04-25;Holbæk;27;316
2021-04-25;Faxe;71;320
2021-04-25;Kalundborg;10;326
2021-04-25;Ringsted;44;329
2021-04-25;Slagelse;13;330
2021-04-25;Stevns;108;336
2021-04-25;Sorø;8;340
2021-04-25;Lejre;75;350
2021-04-25;Lolland;4;360
2021-04-25;Næstved;16;370
2021-04-25;Guldborgsund;8;376
2021-04-25;Vordingborg;13;390
2021-04-25;Bornholm;292;400
2021-04-25;Middelfart;132;410
2021-04-25;Assens;218;420
2021-04-25;Faaborg-Midtfyn;279;430
2021-04-25;Kerteminde;43;440
2021-04-25;Nyborg;99;450
2021-04-25;Odense;887;461
2021-04-25;Svendborg;348;479
2021-04-25;Nordfyn;98;480
2021-04-25;Langeland;84;482
2021-04-25;Ærø;15;492
2021-04-25;Haderslev;95;510
2021-04-25;Billund;46;530
2021-04-25;Sønderborg;358;540
2021-04-25;Tønder;53;550
2021-04-25;Esbjerg;412;561
2021-04-25;Fanø;19;563
2021-04-25;Varde;179;573
2021-04-25;Vejen;50;575
2021-04-25;Aabenraa;132;580
2021-04-25;Fredericia;150;607
2021-04-25;Horsens;84;615
2021-04-25;Kolding;257;621
2021-04-25;Vejle;288;630
2021-04-25;Herning;4;657
2021-04-25;Struer;1;671
2021-04-25;Norddjurs;2;707
2021-04-25;Odder;2;727
2021-04-25;Randers;1;730
2021-04-25;Silkeborg;12;740
2021-04-25;Skanderborg;10;746
2021-04-25;Århus;30;751
2021-04-25;Ikast-Brande;14;756
2021-04-25;Ringkøbing-Skjern;33;760
2021-04-25;Hedensted;76;766
2021-04-25;Skive;1;779
2021-04-25;Thisted;3;787
2021-04-25;Viborg;1;791
2021-04-25;Brønderslev;167;810
2021-04-25;Frederikshavn;545;813
2021-04-25;Vesthimmerland;2;820
2021-04-25;Rebild;1;840
2021-04-25;Jammerbugt;33;849
2021-04-25;Aalborg;101;851
2021-04-25;Hjørring;285;860
2021-04-26;København;2361;101
2021-04-26;Frederiksberg;488;147
2021-04-26;Ballerup;331;151
2021-04-26;Brøndby;230;153
2021-04-26;Dragør;137;155
2021-04-26;Gentofte;444;157
2021-04-26;Gladsaxe;461;159
2021-04-26;Glostrup;130;161
2021-04-26;Herlev;211;163
2021-04-26;Albertslund;115;165
2021-04-26;Hvidovre;272;167
2021-04-26;Høje Tåstrup;285;169
2021-04-26;Lyngby-Taarbæk;344;173
2021-04-26;Rødovre;217;175
2021-04-26;Ishøj;102;183
2021-04-26;Tårnby;323;185
2021-04-26;Vallensbæk;71;187
2021-04-26;Furesø;283;190
2021-04-26;Allerød;167;201
2021-04-26;Fredensborg;376;210
2021-04-26;Helsingør;714;217
2021-04-26;Hillerød;324;219
2021-04-26;Hørsholm;196;223
2021-04-26;Rudersdal;344;230
2021-04-26;Egedal;287;240
2021-04-26;Frederikssund;242;250
2021-04-26;Greve;273;253
2021-04-26;Køge;310;259
2021-04-26;Halsnæs;247;260
2021-04-26;Roskilde;416;265
2021-04-26;Solrød;87;269
2021-04-26;Gribskov;373;270
2021-04-26;Odsherred;202;306
2021-04-26;Holbæk;241;316
2021-04-26;Faxe;207;320
2021-04-26;Kalundborg;156;326
2021-04-26;Ringsted;60;329
2021-04-26;Slagelse;69;330
2021-04-26;Stevns;220;336
2021-04-26;Sorø;20;340
2021-04-26;Lejre;124;350
2021-04-26;Lolland;71;360
2021-04-26;Næstved;349;370
2021-04-26;Guldborgsund;134;376
2021-04-26;Vordingborg;257;390
2021-04-26;Bornholm;301;400
2021-04-26;Middelfart;174;410
2021-04-26;Assens;279;420
2021-04-26;Faaborg-Midtfyn;473;430
2021-04-26;Kerteminde;155;440
2021-04-26;Nyborg;128;450
2021-04-26;Odense;1160;461
2021-04-26;Svendborg;598;479
2021-04-26;Nordfyn;129;480
2021-04-26;Langeland;84;482
2021-04-26;Ærø;17;492
2021-04-26;Haderslev;186;510
2021-04-26;Billund;51;530
2021-04-26;Sønderborg;416;540
2021-04-26;Tønder;522;550
2021-04-26;Esbjerg;347;561
2021-04-26;Fanø;94;563
2021-04-26;Varde;141;573
2021-04-26;Vejen;117;575
2021-04-26;Aabenraa;330;580
2021-04-26;Fredericia;211;607
2021-04-26;Horsens;575;615
2021-04-26;Kolding;349;621
2021-04-26;Vejle;322;630
2021-04-26;Herning;1272;657
2021-04-26;Holstebro;759;661
2021-04-26;Lemvig;31;665
2021-04-26;Struer;78;671
2021-04-26;Syddjurs;476;706
2021-04-26;Norddjurs;495;707
2021-04-26;Favrskov;441;710
2021-04-26;Odder;256;727
2021-04-26;Randers;732;730
2021-04-26;Silkeborg;640;740
2021-04-26;Samsø;5;741
2021-04-26;Skanderborg;487;746
2021-04-26;Århus;1928;751
2021-04-26;Ikast-Brande;448;756
2021-04-26;Ringkøbing-Skjern;233;760
2021-04-26;Hedensted;442;766
2021-04-26;Morsø;128;773
2021-04-26;Skive;243;779
2021-04-26;Thisted;282;787
2021-04-26;Viborg;595;791
2021-04-26;Brønderslev;10;810
2021-04-26;Frederikshavn;34;813
2021-04-26;Vesthimmerland;201;820
2021-04-26;Rebild;113;840
2021-04-26;Mariagerfjord;190;846
2021-04-26;Jammerbugt;110;849
2021-04-26;Aalborg;353;851
2021-04-26;Hjørring;13;860
2021-04-27;København;680;101
2021-04-27;Frederiksberg;156;147
2021-04-27;Ballerup;142;151
2021-04-27;Brøndby;79;153
2021-04-27;Dragør;17;155
2021-04-27;Gentofte;98;157
2021-04-27;Gladsaxe;170;159
2021-04-27;Glostrup;66;161
2021-04-27;Herlev;97;163
2021-04-27;Albertslund;87;165
2021-04-27;Hvidovre;141;167
2021-04-27;Høje Tåstrup;193;169
2021-04-27;Lyngby-Taarbæk;124;173
2021-04-27;Rødovre;134;175
2021-04-27;Ishøj;116;183
2021-04-27;Tårnby;68;185
2021-04-27;Vallensbæk;31;187
2021-04-27;Furesø;116;190
2021-04-27;Allerød;38;201
2021-04-27;Fredensborg;220;210
2021-04-27;Helsingør;556;217
2021-04-27;Hillerød;76;219
2021-04-27;Hørsholm;126;223
2021-04-27;Rudersdal;122;230
2021-04-27;Egedal;114;240
2021-04-27;Frederikssund;136;250
2021-04-27;Greve;199;253
2021-04-27;Køge;66;259
2021-04-27;Halsnæs;209;260
2021-04-27;Roskilde;252;265
2021-04-27;Solrød;31;269
2021-04-27;Gribskov;133;270
2021-04-27;Odsherred;234;306
2021-04-27;Holbæk;202;316
2021-04-27;Faxe;51;320
2021-04-27;Kalundborg;191;326
2021-04-27;Ringsted;141;329
2021-04-27;Slagelse;20;330
2021-04-27;Stevns;14;336
2021-04-27;Sorø;22;340
2021-04-27;Lejre;84;350
2021-04-27;Lolland;105;360
2021-04-27;Næstved;227;370
2021-04-27;Guldborgsund;178;376
2021-04-27;Vordingborg;237;390
2021-04-27;Bornholm;91;400
2021-04-27;Middelfart;230;410
2021-04-27;Assens;249;420
2021-04-27;Faaborg-Midtfyn;265;430
2021-04-27;Kerteminde;248;440
2021-04-27;Nyborg;220;450
2021-04-27;Odense;1003;461
2021-04-27;Svendborg;339;479
2021-04-27;Nordfyn;115;480
2021-04-27;Langeland;56;482
2021-04-27;Ærø;6;492
2021-04-27;Haderslev;470;510
2021-04-27;Billund;44;530
2021-04-27;Sønderborg;423;540
2021-04-27;Tønder;52;550
2021-04-27;Esbjerg;692;561
2021-04-27;Fanø;1;563
2021-04-27;Varde;50;573
2021-04-27;Vejen;159;575
2021-04-27;Aabenraa;405;580
2021-04-27;Fredericia;249;607
2021-04-27;Horsens;425;615
2021-04-27;Kolding;939;621
2021-04-27;Vejle;835;630
2021-04-27;Herning;660;657
2021-04-27;Holstebro;762;661
2021-04-27;Lemvig;420;665
2021-04-27;Struer;177;671
2021-04-27;Syddjurs;515;706
2021-04-27;Norddjurs;361;707
2021-04-27;Favrskov;381;710
2021-04-27;Odder;157;727
2021-04-27;Randers;623;730
2021-04-27;Silkeborg;585;740
2021-04-27;Samsø;3;741
2021-04-27;Skanderborg;344;746
2021-04-27;Århus;1637;751
2021-04-27;Ikast-Brande;177;756
2021-04-27;Ringkøbing-Skjern;899;760
2021-04-27;Hedensted;390;766
2021-04-27;Morsø;26;773
2021-04-27;Skive;157;779
2021-04-27;Thisted;58;787
2021-04-27;Viborg;499;791
2021-04-27;Brønderslev;172;810
2021-04-27;Frederikshavn;36;813
2021-04-27;Vesthimmerland;353;820
2021-04-27;Rebild;238;840
2021-04-27;Mariagerfjord;421;846
2021-04-27;Jammerbugt;254;849
2021-04-27;Aalborg;1647;851
2021-04-27;Hjørring;472;860
2021-04-28;København;1193;101
2021-04-28;Frederiksberg;229;147
2021-04-28;Ballerup;167;151
2021-04-28;Brøndby;72;153
2021-04-28;Dragør;58;155
2021-04-28;Gentofte;206;157
2021-04-28;Gladsaxe;224;159
2021-04-28;Glostrup;60;161
2021-04-28;Herlev;98;163
2021-04-28;Albertslund;132;165
2021-04-28;Hvidovre;183;167
2021-04-28;Høje Tåstrup;163;169
2021-04-28;Lyngby-Taarbæk;171;173
2021-04-28;Rødovre;152;175
2021-04-28;Ishøj;21;183
2021-04-28;Tårnby;141;185
2021-04-28;Vallensbæk;23;187
2021-04-28;Furesø;133;190
2021-04-28;Allerød;66;201
2021-04-28;Fredensborg;34;210
2021-04-28;Helsingør;18;217
2021-04-28;Hillerød;129;219
2021-04-28;Hørsholm;40;223
2021-04-28;Rudersdal;131;230
2021-04-28;Egedal;128;240
2021-04-28;Frederikssund;187;250
2021-04-28;Greve;255;253
2021-04-28;Køge;384;259
2021-04-28;Halsnæs;81;260
2021-04-28;Roskilde;386;265
2021-04-28;Solrød;146;269
2021-04-28;Gribskov;136;270
2021-04-28;Odsherred;212;306
2021-04-28;Holbæk;417;316
2021-04-28;Faxe;317;320
2021-04-28;Kalundborg;198;326
2021-04-28;Ringsted;96;329
2021-04-28;Slagelse;262;330
2021-04-28;Stevns;253;336
2021-04-28;Sorø;161;340
2021-04-28;Lejre;187;350
2021-04-28;Lolland;287;360
2021-04-28;Næstved;351;370
2021-04-28;Guldborgsund;414;376
2021-04-28;Vordingborg;188;390
2021-04-28;Bornholm;353;400
2021-04-28;Middelfart;146;410
2021-04-28;Assens;342;420
2021-04-28;Faaborg-Midtfyn;166;430
2021-04-28;Kerteminde;89;440
2021-04-28;Nyborg;79;450
2021-04-28;Odense;820;461
2021-04-28;Svendborg;150;479
2021-04-28;Nordfyn;307;480
2021-04-28;Langeland;58;482
2021-04-28;Ærø;4;492
2021-04-28;Haderslev;155;510
2021-04-28;Billund;61;530
2021-04-28;Sønderborg;441;540
2021-04-28;Tønder;284;550
2021-04-28;Esbjerg;236;561
2021-04-28;Fanø;26;563
2021-04-28;Varde;155;573
2021-04-28;Vejen;160;575
2021-04-28;Aabenraa;422;580
2021-04-28;Fredericia;138;607
2021-04-28;Horsens;1084;615
2021-04-28;Kolding;541;621
2021-04-28;Vejle;472;630
2021-04-28;Herning;420;657
2021-04-28;Holstebro;166;661
2021-04-28;Lemvig;163;665
2021-04-28;Struer;33;671
2021-04-28;Syddjurs;480;706
2021-04-28;Norddjurs;437;707
2021-04-28;Favrskov;296;710
2021-04-28;Odder;134;727
2021-04-28;Randers;443;730
2021-04-28;Silkeborg;471;740
2021-04-28;Samsø;192;741
2021-04-28;Skanderborg;262;746
2021-04-28;Århus;1763;751
2021-04-28;Ikast-Brande;413;756
2021-04-28;Ringkøbing-Skjern;291;760
2021-04-28;Hedensted;448;766
2021-04-28;Morsø;12;773
2021-04-28;Skive;150;779
2021-04-28;Thisted;20;787
2021-04-28;Viborg;529;791
2021-04-28;Brønderslev;14;810
2021-04-28;Frederikshavn;122;813
2021-04-28;Vesthimmerland;53;820
2021-04-28;Rebild;41;840
2021-04-28;Mariagerfjord;56;846
2021-04-28;Jammerbugt;20;849
2021-04-28;Aalborg;1024;851
2021-04-28;Hjørring;29;860
2021-04-29;København;2908;101
2021-04-29;Frederiksberg;665;147
2021-04-29;Ballerup;267;151
2021-04-29;Brøndby;109;153
2021-04-29;Dragør;66;155
2021-04-29;Gentofte;523;157
2021-04-29;Gladsaxe;365;159
2021-04-29;Glostrup;80;161
2021-04-29;Herlev;164;163
2021-04-29;Albertslund;106;165
2021-04-29;Hvidovre;223;167
2021-04-29;Høje Tåstrup;164;169
2021-04-29;Lyngby-Taarbæk;356;173
2021-04-29;Rødovre;281;175
2021-04-29;Ishøj;74;183
2021-04-29;Tårnby;222;185
2021-04-29;Vallensbæk;38;187
2021-04-29;Furesø;249;190
2021-04-29;Allerød;194;201
2021-04-29;Fredensborg;335;210
2021-04-29;Helsingør;675;217
2021-04-29;Hillerød;381;219
2021-04-29;Hørsholm;200;223
2021-04-29;Rudersdal;376;230
2021-04-29;Egedal;258;240
2021-04-29;Frederikssund;345;250
2021-04-29;Greve;269;253
2021-04-29;Køge;174;259
2021-04-29;Halsnæs;323;260
2021-04-29;Roskilde;239;265
2021-04-29;Solrød;144;269
2021-04-29;Gribskov;430;270
2021-04-29;Odsherred;56;306
2021-04-29;Holbæk;219;316
2021-04-29;Faxe;27;320
2021-04-29;Kalundborg;36;326
2021-04-29;Ringsted;150;329
2021-04-29;Slagelse;156;330
2021-04-29;Stevns;34;336
2021-04-29;Sorø;119;340
2021-04-29;Lejre;104;350
2021-04-29;Lolland;194;360
2021-04-29;Næstved;169;370
2021-04-29;Guldborgsund;312;376
2021-04-29;Vordingborg;82;390
2021-04-29;Bornholm;138;400
2021-04-29;Middelfart;115;410
2021-04-29;Assens;75;420
2021-04-29;Faaborg-Midtfyn;209;430
2021-04-29;Kerteminde;129;440
2021-04-29;Nyborg;193;450
2021-04-29;Odense;689;461
2021-04-29;Svendborg;160;479
2021-04-29;Nordfyn;107;480
2021-04-29;Langeland;34;482
2021-04-29;Ærø;4;492
2021-04-29;Haderslev;435;510
2021-04-29;Billund;287;530
2021-04-29;Sønderborg;464;540
2021-04-29;Tønder;22;550
2021-04-29;Esbjerg;102;561
2021-04-29;Fanø;16;563
2021-04-29;Varde;193;573
2021-04-29;Vejen;55;575
2021-04-29;Aabenraa;416;580
2021-04-29;Fredericia;366;607
2021-04-29;Horsens;545;615
2021-04-29;Kolding;18;621
2021-04-29;Vejle;451;630
2021-04-29;Herning;718;657
2021-04-29;Holstebro;238;661
2021-04-29;Lemvig;52;665
2021-04-29;Struer;486;671
2021-04-29;Syddjurs;317;706
2021-04-29;Norddjurs;265;707
2021-04-29;Favrskov;267;710
2021-04-29;Odder;144;727
2021-04-29;Randers;502;730
2021-04-29;Silkeborg;556;740
2021-04-29;Samsø;2;741
2021-04-29;Skanderborg;300;746
2021-04-29;Århus;1558;751
2021-04-29;Ikast-Brande;355;756
2021-04-29;Ringkøbing-Skjern;670;760
2021-04-29;Hedensted;259;766
2021-04-29;Morsø;36;773
2021-04-29;Skive;241;779
2021-04-29;Thisted;44;787
2021-04-29;Viborg;451;791
2021-04-29;Brønderslev;19;810
2021-04-29;Frederikshavn;8;813
2021-04-29;Vesthimmerland;16;820
2021-04-29;Rebild;8;840
2021-04-29;Mariagerfjord;36;846
2021-04-29;Jammerbugt;8;849
2021-04-29;Aalborg;17;851
2021-04-29;Hjørring;211;860
2021-04-30;København;54;101
2021-04-30;Frederiksberg;7;147
2021-04-30;Ballerup;1;151
2021-04-30;Brøndby;4;153
2021-04-30;Gentofte;9;157
2021-04-30;Gladsaxe;2;159
2021-04-30;Glostrup;2;161
2021-04-30;Herlev;5;163
2021-04-30;Albertslund;3;165
2021-04-30;Hvidovre;5;167
2021-04-30;Høje Tåstrup;34;169
2021-04-30;Lyngby-Taarbæk;5;173
2021-04-30;Rødovre;2;175
2021-04-30;Ishøj;3;183
2021-04-30;Tårnby;2;185
2021-04-30;Vallensbæk;1;187
2021-04-30;Furesø;2;190
2021-04-30;Fredensborg;4;210
2021-04-30;Helsingør;3;217
2021-04-30;Hillerød;1;219
2021-04-30;Hørsholm;1;223
2021-04-30;Rudersdal;2;230
2021-04-30;Egedal;11;240
2021-04-30;Frederikssund;90;250
2021-04-30;Greve;28;253
2021-04-30;Køge;315;259
2021-04-30;Halsnæs;9;260
2021-04-30;Roskilde;334;265
2021-04-30;Solrød;49;269
2021-04-30;Gribskov;1;270
2021-04-30;Odsherred;149;306
2021-04-30;Holbæk;408;316
2021-04-30;Faxe;267;320
2021-04-30;Kalundborg;267;326
2021-04-30;Ringsted;77;329
2021-04-30;Slagelse;882;330
2021-04-30;Stevns;114;336
2021-04-30;Sorø;153;340
2021-04-30;Lejre;109;350
2021-04-30;Lolland;142;360
2021-04-30;Næstved;636;370
2021-04-30;Guldborgsund;417;376
2021-04-30;Vordingborg;202;390
2021-04-30;Bornholm;187;400
2021-04-30;Middelfart;81;410
2021-04-30;Assens;106;420
2021-04-30;Faaborg-Midtfyn;75;430
2021-04-30;Kerteminde;45;440
2021-04-30;Nyborg;63;450
2021-04-30;Odense;850;461
2021-04-30;Svendborg;77;479
2021-04-30;Nordfyn;35;480
2021-04-30;Langeland;123;482
2021-04-30;Ærø;236;492
2021-04-30;Haderslev;41;510
2021-04-30;Billund;47;530
2021-04-30;Sønderborg;251;540
2021-04-30;Tønder;35;550
2021-04-30;Esbjerg;199;561
2021-04-30;Fanø;7;563
2021-04-30;Varde;114;573
2021-04-30;Vejen;376;575
2021-04-30;Aabenraa;217;580
2021-04-30;Fredericia;110;607
2021-04-30;Horsens;197;615
2021-04-30;Kolding;278;621
2021-04-30;Vejle;172;630
2021-04-30;Herning;57;657
2021-04-30;Holstebro;70;661
2021-04-30;Lemvig;35;665
2021-04-30;Struer;59;671
2021-04-30;Syddjurs;17;706
2021-04-30;Norddjurs;23;707
2021-04-30;Favrskov;91;710
2021-04-30;Odder;8;727
2021-04-30;Randers;253;730
2021-04-30;Silkeborg;410;740
2021-04-30;Skanderborg;86;746
2021-04-30;Århus;191;751
2021-04-30;Ikast-Brande;59;756
2021-04-30;Ringkøbing-Skjern;27;760
2021-04-30;Hedensted;109;766
2021-04-30;Morsø;116;773
2021-04-30;Skive;471;779
2021-04-30;Thisted;280;787
2021-04-30;Viborg;513;791
2021-04-30;Brønderslev;87;810
2021-04-30;Frederikshavn;12;813
2021-04-30;Vesthimmerland;21;820
2021-04-30;Rebild;197;840
2021-04-30;Mariagerfjord;425;846
2021-04-30;Jammerbugt;162;849
2021-04-30;Aalborg;877;851
2021-04-30;Hjørring;36;860
2021-05-01;København;41;101
2021-05-01;Frederiksberg;10;147
2021-05-01;Brøndby;2;153
2021-05-01;Dragør;1;155
2021-05-01;Gentofte;9;157
2021-05-01;Gladsaxe;3;159
2021-05-01;Glostrup;2;161
2021-05-01;Høje Tåstrup;27;169
2021-05-01;Lyngby-Taarbæk;1;173
2021-05-01;Ishøj;3;183
2021-05-01;Furesø;2;190
2021-05-01;Fredensborg;1;210
2021-05-01;Egedal;4;240
2021-05-01;Frederikssund;23;250
2021-05-01;Greve;74;253
2021-05-01;Køge;119;259
2021-05-01;Halsnæs;3;260
2021-05-01;Roskilde;203;265
2021-05-01;Solrød;41;269
2021-05-01;Gribskov;1;270
2021-05-01;Odsherred;197;306
2021-05-01;Holbæk;148;316
2021-05-01;Faxe;88;320
2021-05-01;Kalundborg;84;326
2021-05-01;Ringsted;72;329
2021-05-01;Slagelse;14;330
2021-05-01;Stevns;59;336
2021-05-01;Sorø;32;340
2021-05-01;Lejre;148;350
2021-05-01;Lolland;194;360
2021-05-01;Næstved;17;370
2021-05-01;Guldborgsund;181;376
2021-05-01;Vordingborg;151;390
2021-05-01;Middelfart;108;410
2021-05-01;Assens;117;420
2021-05-01;Faaborg-Midtfyn;100;430
2021-05-01;Kerteminde;55;440
2021-05-01;Nyborg;45;450
2021-05-01;Odense;638;461
2021-05-01;Svendborg;6;479
2021-05-01;Nordfyn;110;480
2021-05-01;Langeland;3;482
2021-05-01;Ærø;1;492
2021-05-01;Haderslev;86;510
2021-05-01;Billund;62;530
2021-05-01;Sønderborg;239;540
2021-05-01;Tønder;43;550
2021-05-01;Esbjerg;176;561
2021-05-01;Fanø;7;563
2021-05-01;Varde;102;573
2021-05-01;Vejen;125;575
2021-05-01;Aabenraa;200;580
2021-05-01;Fredericia;129;607
2021-05-01;Horsens;101;615
2021-05-01;Kolding;289;621
2021-05-01;Vejle;370;630
2021-05-01;Herning;7;657
2021-05-01;Holstebro;3;661
2021-05-01;Lemvig;1;665
2021-05-01;Struer;2;671
2021-05-01;Syddjurs;1;706
2021-05-01;Odder;3;727
2021-05-01;Randers;2;730
2021-05-01;Silkeborg;10;740
2021-05-01;Skanderborg;15;746
2021-05-01;Århus;10;751
2021-05-01;Ikast-Brande;27;756
2021-05-01;Ringkøbing-Skjern;20;760
2021-05-01;Hedensted;72;766
2021-05-01;Morsø;118;773
2021-05-01;Skive;12;779
2021-05-01;Thisted;799;787
2021-05-01;Brønderslev;181;810
2021-05-01;Frederikshavn;53;813
2021-05-01;Vesthimmerland;9;820
2021-05-01;Rebild;30;840
2021-05-01;Mariagerfjord;17;846
2021-05-01;Jammerbugt;139;849
2021-05-01;Aalborg;10;851
2021-05-01;Hjørring;708;860
2021-05-02;København;2416;101
2021-05-02;Frederiksberg;436;147
2021-05-02;Ballerup;183;151
2021-05-02;Brøndby;338;153
2021-05-02;Dragør;152;155
2021-05-02;Gentofte;438;157
2021-05-02;Gladsaxe;281;159
2021-05-02;Glostrup;138;161
2021-05-02;Herlev;124;163
2021-05-02;Albertslund;132;165
2021-05-02;Hvidovre;369;167
2021-05-02;Høje Tåstrup;304;169
2021-05-02;Lyngby-Taarbæk;287;173
2021-05-02;Rødovre;197;175
2021-05-02;Ishøj;132;183
2021-05-02;Tårnby;452;185
2021-05-02;Vallensbæk;123;187
2021-05-02;Furesø;159;190
2021-05-02;Allerød;106;201
2021-05-02;Fredensborg;113;210
2021-05-02;Helsingør;35;217
2021-05-02;Hillerød;205;219
2021-05-02;Hørsholm;86;223
2021-05-02;Rudersdal;227;230
2021-05-02;Egedal;130;240
2021-05-02;Frederikssund;174;250
2021-05-02;Greve;283;253
2021-05-02;Køge;53;259
2021-05-02;Halsnæs;162;260
2021-05-02;Roskilde;362;265
2021-05-02;Solrød;118;269
2021-05-02;Gribskov;224;270
2021-05-02;Odsherred;50;306
2021-05-02;Holbæk;35;316
2021-05-02;Faxe;96;320
2021-05-02;Kalundborg;153;326
2021-05-02;Ringsted;77;329
2021-05-02;Slagelse;266;330
2021-05-02;Stevns;27;336
2021-05-02;Sorø;98;340
2021-05-02;Lejre;143;350
2021-05-02;Lolland;57;360
2021-05-02;Næstved;139;370
2021-05-02;Guldborgsund;116;376
2021-05-02;Vordingborg;122;390
2021-05-02;Bornholm;197;400
2021-05-02;Middelfart;121;410
2021-05-02;Assens;191;420
2021-05-02;Faaborg-Midtfyn;114;430
2021-05-02;Kerteminde;65;440
2021-05-02;Nyborg;67;450
2021-05-02;Odense;821;461
2021-05-02;Svendborg;5;479
2021-05-02;Nordfyn;144;480
2021-05-02;Langeland;2;482
2021-05-02;Haderslev;91;510
2021-05-02;Billund;93;530
2021-05-02;Sønderborg;235;540
2021-05-02;Tønder;52;550
2021-05-02;Esbjerg;305;561
2021-05-02;Fanø;18;563
2021-05-02;Varde;136;573
2021-05-02;Vejen;107;575
2021-05-02;Aabenraa;216;580
2021-05-02;Fredericia;145;607
2021-05-02;Horsens;18;615
2021-05-02;Kolding;208;621
2021-05-02;Vejle;499;630
2021-05-02;Herning;7;657
2021-05-02;Holstebro;1;661
2021-05-02;Lemvig;5;665
2021-05-02;Struer;6;671
2021-05-02;Syddjurs;3;706
2021-05-02;Favrskov;3;710
2021-05-02;Odder;2;727
2021-05-02;Randers;47;730
2021-05-02;Silkeborg;4;740
2021-05-02;Skanderborg;4;746
2021-05-02;Århus;11;751
2021-05-02;Ikast-Brande;3;756
2021-05-02;Ringkøbing-Skjern;18;760
2021-05-02;Hedensted;15;766
2021-05-02;Morsø;77;773
2021-05-02;Skive;10;779
2021-05-02;Thisted;282;787
2021-05-02;Viborg;25;791
2021-05-02;Brønderslev;25;810
2021-05-02;Frederikshavn;5;813
2021-05-02;Vesthimmerland;34;820
2021-05-02;Rebild;187;840
2021-05-02;Mariagerfjord;723;846
2021-05-02;Jammerbugt;132;849
2021-05-02;Aalborg;828;851
2021-05-02;Hjørring;9;860
2021-05-03;København;2367;101
2021-05-03;Frederiksberg;575;147
2021-05-03;Ballerup;322;151
2021-05-03;Brøndby;132;153
2021-05-03;Dragør;75;155
2021-05-03;Gentofte;483;157
2021-05-03;Gladsaxe;378;159
2021-05-03;Glostrup;120;161
2021-05-03;Herlev;190;163
2021-05-03;Albertslund;101;165
2021-05-03;Hvidovre;195;167
2021-05-03;Høje Tåstrup;137;169
2021-05-03;Lyngby-Taarbæk;319;173
2021-05-03;Rødovre;236;175
2021-05-03;Ishøj;118;183
2021-05-03;Tårnby;182;185
2021-05-03;Vallensbæk;52;187
2021-05-03;Furesø;256;190
2021-05-03;Allerød;195;201
2021-05-03;Fredensborg;391;210
2021-05-03;Helsingør;757;217
2021-05-03;Hillerød;373;219
2021-05-03;Hørsholm;193;223
2021-05-03;Rudersdal;340;230
2021-05-03;Egedal;278;240
2021-05-03;Frederikssund;324;250
2021-05-03;Greve;56;253
2021-05-03;Køge;13;259
2021-05-03;Halsnæs;304;260
2021-05-03;Roskilde;27;265
2021-05-03;Solrød;12;269
2021-05-03;Gribskov;449;270
2021-05-03;Odsherred;14;306
2021-05-03;Holbæk;29;316
2021-05-03;Faxe;8;320
2021-05-03;Kalundborg;83;326
2021-05-03;Ringsted;13;329
2021-05-03;Slagelse;110;330
2021-05-03;Stevns;9;336
2021-05-03;Sorø;35;340
2021-05-03;Lejre;6;350
2021-05-03;Lolland;17;360
2021-05-03;Næstved;32;370
2021-05-03;Guldborgsund;21;376
2021-05-03;Vordingborg;14;390
2021-05-03;Bornholm;194;400
2021-05-03;Middelfart;104;410
2021-05-03;Assens;167;420
2021-05-03;Faaborg-Midtfyn;352;430
2021-05-03;Kerteminde;70;440
2021-05-03;Nyborg;84;450
2021-05-03;Odense;749;461
2021-05-03;Svendborg;269;479
2021-05-03;Nordfyn;98;480
2021-05-03;Langeland;72;482
2021-05-03;Ærø;17;492
2021-05-03;Haderslev;98;510
2021-05-03;Billund;134;530
2021-05-03;Sønderborg;440;540
2021-05-03;Tønder;535;550
2021-05-03;Esbjerg;341;561
2021-05-03;Fanø;29;563
2021-05-03;Varde;166;573
2021-05-03;Vejen;103;575
2021-05-03;Aabenraa;367;580
2021-05-03;Fredericia;126;607
2021-05-03;Horsens;432;615
2021-05-03;Kolding;248;621
2021-05-03;Vejle;334;630
2021-05-03;Herning;172;657
2021-05-03;Holstebro;371;661
2021-05-03;Lemvig;188;665
2021-05-03;Struer;151;671
2021-05-03;Syddjurs;362;706
2021-05-03;Norddjurs;322;707
2021-05-03;Favrskov;163;710
2021-05-03;Odder;18;727
2021-05-03;Randers;364;730
2021-05-03;Silkeborg;262;740
2021-05-03;Samsø;1;741
2021-05-03;Skanderborg;199;746
2021-05-03;Århus;658;751
2021-05-03;Ikast-Brande;104;756
2021-05-03;Ringkøbing-Skjern;64;760
2021-05-03;Hedensted;170;766
2021-05-03;Morsø;86;773
2021-05-03;Skive;211;779
2021-05-03;Thisted;126;787
2021-05-03;Viborg;453;791
2021-05-03;Brønderslev;1;810
2021-05-03;Frederikshavn;2;813
2021-05-03;Vesthimmerland;25;820
2021-05-03;Læsø;1;825
2021-05-03;Rebild;4;840
2021-05-03;Mariagerfjord;38;846
2021-05-03;Jammerbugt;22;849
2021-05-03;Aalborg;13;851
2021-05-03;Hjørring;4;860
2021-05-04;København;1916;101
2021-05-04;Frederiksberg;366;147
2021-05-04;Ballerup;232;151
2021-05-04;Brøndby;98;153
2021-05-04;Dragør;41;155
2021-05-04;Gentofte;306;157
2021-05-04;Gladsaxe;282;159
2021-05-04;Glostrup;71;161
2021-05-04;Herlev;156;163
2021-05-04;Albertslund;55;165
2021-05-04;Hvidovre;147;167
2021-05-04;Høje Tåstrup;140;169
2021-05-04;Lyngby-Taarbæk;276;173
2021-05-04;Rødovre;256;175
2021-05-04;Ishøj;131;183
2021-05-04;Tårnby;118;185
2021-05-04;Vallensbæk;22;187
2021-05-04;Furesø;198;190
2021-05-04;Allerød;119;201
2021-05-04;Fredensborg;233;210
2021-05-04;Helsingør;465;217
2021-05-04;Hillerød;238;219
2021-05-04;Hørsholm;119;223
2021-05-04;Rudersdal;209;230
2021-05-04;Egedal;240;240
2021-05-04;Frederikssund;285;250
2021-05-04;Greve;151;253
2021-05-04;Køge;281;259
2021-05-04;Halsnæs;285;260
2021-05-04;Roskilde;76;265
2021-05-04;Solrød;42;269
2021-05-04;Gribskov;307;270
2021-05-04;Odsherred;290;306
2021-05-04;Holbæk;320;316
2021-05-04;Faxe;257;320
2021-05-04;Kalundborg;264;326
2021-05-04;Ringsted;137;329
2021-05-04;Slagelse;303;330
2021-05-04;Stevns;128;336
2021-05-04;Sorø;112;340
2021-05-04;Lejre;111;350
2021-05-04;Lolland;192;360
2021-05-04;Næstved;313;370
2021-05-04;Guldborgsund;229;376
2021-05-04;Vordingborg;257;390
2021-05-04;Bornholm;192;400
2021-05-04;Middelfart;421;410
2021-05-04;Assens;255;420
2021-05-04;Faaborg-Midtfyn;178;430
2021-05-04;Kerteminde;255;440
2021-05-04;Nyborg;248;450
2021-05-04;Odense;978;461
2021-05-04;Svendborg;277;479
2021-05-04;Nordfyn;171;480
2021-05-04;Langeland;83;482
2021-05-04;Ærø;6;492
2021-05-04;Haderslev;513;510
2021-05-04;Billund;184;530
2021-05-04;Sønderborg;275;540
2021-05-04;Tønder;105;550
2021-05-04;Esbjerg;596;561
2021-05-04;Fanø;6;563
2021-05-04;Varde;249;573
2021-05-04;Vejen;76;575
2021-05-04;Aabenraa;299;580
2021-05-04;Fredericia;302;607
2021-05-04;Horsens;263;615
2021-05-04;Kolding;326;621
2021-05-04;Vejle;484;630
2021-05-04;Herning;416;657
2021-05-04;Holstebro;68;661
2021-05-04;Lemvig;9;665
2021-05-04;Struer;20;671
2021-05-04;Syddjurs;237;706
2021-05-04;Norddjurs;400;707
2021-05-04;Favrskov;101;710
2021-05-04;Odder;223;727
2021-05-04;Randers;569;730
2021-05-04;Silkeborg;419;740
2021-05-04;Samsø;2;741
2021-05-04;Skanderborg;257;746
2021-05-04;Århus;711;751
2021-05-04;Ikast-Brande;462;756
2021-05-04;Ringkøbing-Skjern;400;760
2021-05-04;Hedensted;175;766
2021-05-04;Morsø;7;773
2021-05-04;Skive;208;779
2021-05-04;Thisted;7;787
2021-05-04;Viborg;639;791
2021-05-04;Brønderslev;142;810
2021-05-04;Frederikshavn;1498;813
2021-05-04;Vesthimmerland;672;820
2021-05-04;Rebild;187;840
2021-05-04;Mariagerfjord;271;846
2021-05-04;Jammerbugt;36;849
2021-05-04;Aalborg;1830;851
2021-05-04;Hjørring;133;860
2021-05-05;København;2654;101
2021-05-05;Frederiksberg;516;147
2021-05-05;Ballerup;199;151
2021-05-05;Brøndby;176;153
2021-05-05;Dragør;110;155
2021-05-05;Gentofte;561;157
2021-05-05;Gladsaxe;329;159
2021-05-05;Glostrup;107;161
2021-05-05;Herlev;124;163
2021-05-05;Albertslund;131;165
2021-05-05;Hvidovre;340;167
2021-05-05;Høje Tåstrup;228;169
2021-05-05;Lyngby-Taarbæk;323;173
2021-05-05;Rødovre;291;175
2021-05-05;Ishøj;94;183
2021-05-05;Tårnby;314;185
2021-05-05;Vallensbæk;74;187
2021-05-05;Furesø;201;190
2021-05-05;Allerød;121;201
2021-05-05;Fredensborg;93;210
2021-05-05;Helsingør;76;217
2021-05-05;Hillerød;172;219
2021-05-05;Hørsholm;136;223
2021-05-05;Rudersdal;427;230
2021-05-05;Egedal;163;240
2021-05-05;Frederikssund;230;250
2021-05-05;Greve;189;253
2021-05-05;Køge;314;259
2021-05-05;Halsnæs;196;260
2021-05-05;Roskilde;387;265
2021-05-05;Solrød;92;269
2021-05-05;Gribskov;145;270
2021-05-05;Odsherred;61;306
2021-05-05;Holbæk;317;316
2021-05-05;Faxe;49;320
2021-05-05;Kalundborg;134;326
2021-05-05;Ringsted;69;329
2021-05-05;Slagelse;515;330
2021-05-05;Stevns;30;336
2021-05-05;Sorø;122;340
2021-05-05;Lejre;125;350
2021-05-05;Lolland;262;360
2021-05-05;Næstved;426;370
2021-05-05;Guldborgsund;507;376
2021-05-05;Vordingborg;147;390
2021-05-05;Bornholm;11;400
2021-05-05;Middelfart;213;410
2021-05-05;Assens;378;420
2021-05-05;Faaborg-Midtfyn;304;430
2021-05-05;Kerteminde;107;440
2021-05-05;Nyborg;71;450
2021-05-05;Odense;715;461
2021-05-05;Svendborg;683;479
2021-05-05;Nordfyn;346;480
2021-05-05;Langeland;113;482
2021-05-05;Ærø;11;492
2021-05-05;Haderslev;186;510
2021-05-05;Billund;118;530
2021-05-05;Sønderborg;314;540
2021-05-05;Tønder;359;550
2021-05-05;Esbjerg;508;561
2021-05-05;Fanø;22;563
2021-05-05;Varde;496;573
2021-05-05;Vejen;154;575
2021-05-05;Aabenraa;340;580
2021-05-05;Fredericia;204;607
2021-05-05;Horsens;359;615
2021-05-05;Kolding;278;621
2021-05-05;Vejle;537;630
2021-05-05;Herning;434;657
2021-05-05;Holstebro;186;661
2021-05-05;Lemvig;310;665
2021-05-05;Struer;70;671
2021-05-05;Syddjurs;134;706
2021-05-05;Norddjurs;170;707
2021-05-05;Favrskov;79;710
2021-05-05;Odder;56;727
2021-05-05;Randers;475;730
2021-05-05;Silkeborg;416;740
2021-05-05;Samsø;282;741
2021-05-05;Skanderborg;239;746
2021-05-05;Århus;575;751
2021-05-05;Ikast-Brande;78;756
2021-05-05;Ringkøbing-Skjern;162;760
2021-05-05;Hedensted;308;766
2021-05-05;Morsø;43;773
2021-05-05;Skive;233;779
2021-05-05;Thisted;22;787
2021-05-05;Viborg;538;791
2021-05-05;Brønderslev;309;810
2021-05-05;Frederikshavn;720;813
2021-05-05;Vesthimmerland;64;820
2021-05-05;Rebild;263;840
2021-05-05;Mariagerfjord;118;846
2021-05-05;Jammerbugt;312;849
2021-05-05;Aalborg;686;851
2021-05-05;Hjørring;400;860
2021-05-06;København;459;101
2021-05-06;Frederiksberg;35;147
2021-05-06;Ballerup;4;151
2021-05-06;Brøndby;3;153
2021-05-06;Dragør;2;155
2021-05-06;Gentofte;20;157
2021-05-06;Gladsaxe;18;159
2021-05-06;Glostrup;4;161
2021-05-06;Herlev;2;163
2021-05-06;Albertslund;18;165
2021-05-06;Hvidovre;40;167
2021-05-06;Høje Tåstrup;72;169
2021-05-06;Lyngby-Taarbæk;17;173
2021-05-06;Rødovre;45;175
2021-05-06;Ishøj;1;183
2021-05-06;Tårnby;4;185
2021-05-06;Vallensbæk;2;187
2021-05-06;Furesø;2;190
2021-05-06;Allerød;7;201
2021-05-06;Fredensborg;17;210
2021-05-06;Helsingør;10;217
2021-05-06;Hillerød;25;219
2021-05-06;Hørsholm;23;223
2021-05-06;Rudersdal;21;230
2021-05-06;Egedal;23;240
2021-05-06;Frederikssund;90;250
2021-05-06;Greve;39;253
2021-05-06;Køge;67;259
2021-05-06;Halsnæs;83;260
2021-05-06;Roskilde;275;265
2021-05-06;Solrød;28;269
2021-05-06;Gribskov;26;270
2021-05-06;Odsherred;92;306
2021-05-06;Holbæk;171;316
2021-05-06;Faxe;126;320
2021-05-06;Kalundborg;161;326
2021-05-06;Ringsted;159;329
2021-05-06;Slagelse;321;330
2021-05-06;Stevns;19;336
2021-05-06;Sorø;146;340
2021-05-06;Lejre;84;350
2021-05-06;Lolland;174;360
2021-05-06;Næstved;409;370
2021-05-06;Guldborgsund;181;376
2021-05-06;Vordingborg;243;390
2021-05-06;Bornholm;4;400
2021-05-06;Middelfart;190;410
2021-05-06;Assens;276;420
2021-05-06;Faaborg-Midtfyn;404;430
2021-05-06;Kerteminde;110;440
2021-05-06;Nyborg;290;450
2021-05-06;Odense;619;461
2021-05-06;Svendborg;483;479
2021-05-06;Nordfyn;160;480
2021-05-06;Langeland;83;482
2021-05-06;Ærø;3;492
2021-05-06;Haderslev;449;510
2021-05-06;Billund;97;530
2021-05-06;Sønderborg;325;540
2021-05-06;Tønder;73;550
2021-05-06;Esbjerg;135;561
2021-05-06;Fanø;31;563
2021-05-06;Varde;258;573
2021-05-06;Vejen;177;575
2021-05-06;Aabenraa;346;580
2021-05-06;Fredericia;220;607
2021-05-06;Horsens;452;615
2021-05-06;Kolding;312;621
2021-05-06;Vejle;417;630
2021-05-06;Herning;686;657
2021-05-06;Holstebro;518;661
2021-05-06;Lemvig;41;665
2021-05-06;Struer;109;671
2021-05-06;Syddjurs;76;706
2021-05-06;Norddjurs;86;707
2021-05-06;Favrskov;400;710
2021-05-06;Odder;136;727
2021-05-06;Randers;686;730
2021-05-06;Silkeborg;460;740
2021-05-06;Samsø;3;741
2021-05-06;Skanderborg;237;746
2021-05-06;Århus;1835;751
2021-05-06;Ikast-Brande;163;756
2021-05-06;Ringkøbing-Skjern;703;760
2021-05-06;Hedensted;188;766
2021-05-06;Morsø;70;773
2021-05-06;Skive;188;779
2021-05-06;Thisted;73;787
2021-05-06;Viborg;459;791
2021-05-06;Brønderslev;180;810
2021-05-06;Frederikshavn;739;813
2021-05-06;Vesthimmerland;544;820
2021-05-06;Læsø;249;825
2021-05-06;Rebild;209;840
2021-05-06;Mariagerfjord;338;846
2021-05-06;Jammerbugt;198;849
2021-05-06;Aalborg;1824;851
2021-05-06;Hjørring;438;860
2021-05-07;København;406;101
2021-05-07;Frederiksberg;63;147
2021-05-07;Ballerup;15;151
2021-05-07;Brøndby;12;153
2021-05-07;Dragør;3;155
2021-05-07;Gentofte;21;157
2021-05-07;Gladsaxe;15;159
2021-05-07;Glostrup;4;161
2021-05-07;Herlev;5;163
2021-05-07;Albertslund;11;165
2021-05-07;Hvidovre;13;167
2021-05-07;Høje Tåstrup;110;169
2021-05-07;Lyngby-Taarbæk;19;173
2021-05-07;Rødovre;14;175
2021-05-07;Ishøj;2;183
2021-05-07;Tårnby;7;185
2021-05-07;Vallensbæk;6;187
2021-05-07;Furesø;14;190
2021-05-07;Allerød;19;201
2021-05-07;Fredensborg;20;210
2021-05-07;Helsingør;45;217
2021-05-07;Hillerød;29;219
2021-05-07;Hørsholm;14;223
2021-05-07;Rudersdal;43;230
2021-05-07;Egedal;78;240
2021-05-07;Frederikssund;146;250
2021-05-07;Greve;69;253
2021-05-07;Køge;127;259
2021-05-07;Halsnæs;30;260
2021-05-07;Roskilde;285;265
2021-05-07;Solrød;52;269
2021-05-07;Gribskov;36;270
2021-05-07;Odsherred;82;306
2021-05-07;Holbæk;136;316
2021-05-07;Faxe;150;320
2021-05-07;Kalundborg;189;326
2021-05-07;Ringsted;118;329
2021-05-07;Slagelse;287;330
2021-05-07;Stevns;57;336
2021-05-07;Sorø;125;340
2021-05-07;Lejre;101;350
2021-05-07;Lolland;170;360
2021-05-07;Næstved;402;370
2021-05-07;Guldborgsund;255;376
2021-05-07;Vordingborg;172;390
2021-05-07;Bornholm;5;400
2021-05-07;Middelfart;69;410
2021-05-07;Assens;172;420
2021-05-07;Faaborg-Midtfyn;248;430
2021-05-07;Kerteminde;94;440
2021-05-07;Nyborg;100;450
2021-05-07;Odense;873;461
2021-05-07;Svendborg;323;479
2021-05-07;Nordfyn;115;480
2021-05-07;Langeland;237;482
2021-05-07;Ærø;235;492
2021-05-07;Haderslev;103;510
2021-05-07;Billund;64;530
2021-05-07;Sønderborg;732;540
2021-05-07;Tønder;99;550
2021-05-07;Esbjerg;469;561
2021-05-07;Fanø;23;563
2021-05-07;Varde;207;573
2021-05-07;Vejen;295;575
2021-05-07;Aabenraa;375;580
2021-05-07;Fredericia;52;607
2021-05-07;Horsens;348;615
2021-05-07;Kolding;163;621
2021-05-07;Vejle;464;630
2021-05-07;Herning;373;657
2021-05-07;Holstebro;276;661
2021-05-07;Lemvig;53;665
2021-05-07;Struer;68;671
2021-05-07;Syddjurs;270;706
2021-05-07;Norddjurs;74;707
2021-05-07;Favrskov;255;710
2021-05-07;Odder;138;727
2021-05-07;Randers;210;730
2021-05-07;Silkeborg;451;740
2021-05-07;Samsø;8;741
2021-05-07;Skanderborg;233;746
2021-05-07;Århus;1226;751
2021-05-07;Ikast-Brande;74;756
2021-05-07;Ringkøbing-Skjern;69;760
2021-05-07;Hedensted;128;766
2021-05-07;Morsø;181;773
2021-05-07;Skive;372;779
2021-05-07;Thisted;93;787
2021-05-07;Viborg;437;791
2021-05-07;Brønderslev;5;810
2021-05-07;Frederikshavn;6;813
2021-05-07;Vesthimmerland;49;820
2021-05-07;Læsø;2;825
2021-05-07;Rebild;8;840
2021-05-07;Mariagerfjord;40;846
2021-05-07;Jammerbugt;9;849
2021-05-07;Aalborg;1499;851
2021-05-07;Hjørring;26;860
2021-05-08;København;79;101
2021-05-08;Frederiksberg;26;147
2021-05-08;Ballerup;12;151
2021-05-08;Brøndby;5;153
2021-05-08;Dragør;4;155
2021-05-08;Gentofte;7;157
2021-05-08;Gladsaxe;10;159
2021-05-08;Glostrup;2;161
2021-05-08;Herlev;7;163
2021-05-08;Albertslund;5;165
2021-05-08;Hvidovre;3;167
2021-05-08;Høje Tåstrup;35;169
2021-05-08;Lyngby-Taarbæk;3;173
2021-05-08;Rødovre;6;175
2021-05-08;Ishøj;4;183
2021-05-08;Tårnby;2;185
2021-05-08;Vallensbæk;2;187
2021-05-08;Furesø;4;190
2021-05-08;Fredensborg;3;210
2021-05-08;Helsingør;2;217
2021-05-08;Hillerød;8;219
2021-05-08;Hørsholm;2;223
2021-05-08;Rudersdal;4;230
2021-05-08;Egedal;21;240
2021-05-08;Frederikssund;86;250
2021-05-08;Greve;34;253
2021-05-08;Køge;25;259
2021-05-08;Halsnæs;8;260
2021-05-08;Roskilde;175;265
2021-05-08;Solrød;19;269
2021-05-08;Gribskov;1;270
2021-05-08;Odsherred;146;306
2021-05-08;Holbæk;349;316
2021-05-08;Faxe;3;320
2021-05-08;Kalundborg;295;326
2021-05-08;Ringsted;53;329
2021-05-08;Slagelse;210;330
2021-05-08;Stevns;9;336
2021-05-08;Sorø;216;340
2021-05-08;Lejre;70;350
2021-05-08;Lolland;119;360
2021-05-08;Næstved;13;370
2021-05-08;Guldborgsund;110;376
2021-05-08;Vordingborg;39;390
2021-05-08;Bornholm;5;400
2021-05-08;Middelfart;11;410
2021-05-08;Assens;50;420
2021-05-08;Faaborg-Midtfyn;169;430
2021-05-08;Kerteminde;29;440
2021-05-08;Nyborg;54;450
2021-05-08;Odense;691;461
2021-05-08;Svendborg;393;479
2021-05-08;Nordfyn;37;480
2021-05-08;Langeland;64;482
2021-05-08;Ærø;2;492
2021-05-08;Haderslev;165;510
2021-05-08;Billund;42;530
2021-05-08;Sønderborg;824;540
2021-05-08;Tønder;199;550
2021-05-08;Esbjerg;227;561
2021-05-08;Fanø;13;563
2021-05-08;Varde;95;573
2021-05-08;Vejen;24;575
2021-05-08;Aabenraa;544;580
2021-05-08;Fredericia;38;607
2021-05-08;Horsens;118;615
2021-05-08;Kolding;37;621
2021-05-08;Vejle;61;630
2021-05-08;Herning;3;657
2021-05-08;Holstebro;1;661
2021-05-08;Lemvig;13;665
2021-05-08;Struer;14;671
2021-05-08;Syddjurs;2;706
2021-05-08;Norddjurs;1;707
2021-05-08;Favrskov;3;710
2021-05-08;Odder;4;727
2021-05-08;Randers;3;730
2021-05-08;Silkeborg;7;740
2021-05-08;Skanderborg;10;746
2021-05-08;Århus;679;751
2021-05-08;Ikast-Brande;29;756
2021-05-08;Ringkøbing-Skjern;6;760
2021-05-08;Hedensted;159;766
2021-05-08;Morsø;103;773
2021-05-08;Skive;74;779
2021-05-08;Thisted;741;787
2021-05-08;Viborg;3;791
2021-05-08;Brønderslev;237;810
2021-05-08;Frederikshavn;238;813
2021-05-08;Vesthimmerland;18;820
2021-05-08;Rebild;128;840
2021-05-08;Mariagerfjord;44;846
2021-05-08;Jammerbugt;249;849
2021-05-08;Aalborg;268;851
2021-05-08;Hjørring;314;860
2021-05-09;København;1439;101
2021-05-09;Frederiksberg;291;147
2021-05-09;Ballerup;228;151
2021-05-09;Brøndby;124;153
2021-05-09;Dragør;87;155
2021-05-09;Gentofte;269;157
2021-05-09;Gladsaxe;286;159
2021-05-09;Glostrup;76;161
2021-05-09;Herlev;132;163
2021-05-09;Albertslund;92;165
2021-05-09;Hvidovre;155;167
2021-05-09;Høje Tåstrup;123;169
2021-05-09;Lyngby-Taarbæk;232;173
2021-05-09;Rødovre;176;175
2021-05-09;Ishøj;46;183
2021-05-09;Tårnby;202;185
2021-05-09;Vallensbæk;39;187
2021-05-09;Furesø;170;190
2021-05-09;Allerød;103;201
2021-05-09;Fredensborg;110;210
2021-05-09;Helsingør;50;217
2021-05-09;Hillerød;176;219
2021-05-09;Hørsholm;79;223
2021-05-09;Rudersdal;219;230
2021-05-09;Egedal;190;240
2021-05-09;Frederikssund;207;250
2021-05-09;Greve;70;253
2021-05-09;Køge;193;259
2021-05-09;Halsnæs;94;260
2021-05-09;Roskilde;319;265
2021-05-09;Solrød;38;269
2021-05-09;Gribskov;165;270
2021-05-09;Odsherred;257;306
2021-05-09;Holbæk;533;316
2021-05-09;Faxe;169;320
2021-05-09;Kalundborg;421;326
2021-05-09;Ringsted;98;329
2021-05-09;Slagelse;576;330
2021-05-09;Stevns;64;336
2021-05-09;Sorø;180;340
2021-05-09;Lejre;135;350
2021-05-09;Lolland;301;360
2021-05-09;Næstved;546;370
2021-05-09;Guldborgsund;386;376
2021-05-09;Vordingborg;281;390
2021-05-09;Bornholm;65;400
2021-05-09;Middelfart;90;410
2021-05-09;Assens;33;420
2021-05-09;Faaborg-Midtfyn;141;430
2021-05-09;Kerteminde;20;440
2021-05-09;Nyborg;53;450
2021-05-09;Odense;453;461
2021-05-09;Svendborg;344;479
2021-05-09;Nordfyn;10;480
2021-05-09;Langeland;74;482
2021-05-09;Ærø;1;492
2021-05-09;Haderslev;201;510
2021-05-09;Billund;68;530
2021-05-09;Sønderborg;633;540
2021-05-09;Tønder;184;550
2021-05-09;Esbjerg;492;561
2021-05-09;Fanø;24;563
2021-05-09;Varde;207;573
2021-05-09;Vejen;132;575
2021-05-09;Aabenraa;597;580
2021-05-09;Fredericia;123;607
2021-05-09;Horsens;31;615
2021-05-09;Kolding;305;621
2021-05-09;Vejle;415;630
2021-05-09;Holstebro;2;661
2021-05-09;Syddjurs;2;706
2021-05-09;Odder;1;727
2021-05-09;Randers;4;730
2021-05-09;Silkeborg;3;740
2021-05-09;Skanderborg;9;746
2021-05-09;Århus;18;751
2021-05-09;Ikast-Brande;7;756
2021-05-09;Ringkøbing-Skjern;15;760
2021-05-09;Hedensted;32;766
2021-05-09;Morsø;1;773
2021-05-09;Viborg;1;791
2021-05-09;Brønderslev;57;810
2021-05-09;Frederikshavn;35;813
2021-05-09;Vesthimmerland;2;820
2021-05-09;Læsø;1;825
2021-05-09;Mariagerfjord;1;846
2021-05-09;Jammerbugt;24;849
2021-05-09;Aalborg;5;851
2021-05-09;Hjørring;864;860
2021-05-10;København;1746;101
2021-05-10;Frederiksberg;400;147
2021-05-10;Ballerup;54;151
2021-05-10;Brøndby;346;153
2021-05-10;Dragør;7;155
2021-05-10;Gentofte;335;157
2021-05-10;Gladsaxe;155;159
2021-05-10;Glostrup;137;161
2021-05-10;Herlev;33;163
2021-05-10;Albertslund;175;165
2021-05-10;Hvidovre;320;167
2021-05-10;Høje Tåstrup;349;169
2021-05-10;Lyngby-Taarbæk;86;173
2021-05-10;Rødovre;146;175
2021-05-10;Ishøj;188;183
2021-05-10;Tårnby;26;185
2021-05-10;Vallensbæk;146;187
2021-05-10;Furesø;44;190
2021-05-10;Allerød;13;201
2021-05-10;Fredensborg;89;210
2021-05-10;Helsingør;312;217
2021-05-10;Hillerød;14;219
2021-05-10;Hørsholm;60;223
2021-05-10;Rudersdal;99;230
2021-05-10;Egedal;58;240
2021-05-10;Frederikssund;92;250
2021-05-10;Greve;376;253
2021-05-10;Køge;444;259
2021-05-10;Halsnæs;31;260
2021-05-10;Roskilde;735;265
2021-05-10;Solrød;114;269
2021-05-10;Gribskov;40;270
2021-05-10;Odsherred;267;306
2021-05-10;Holbæk;409;316
2021-05-10;Faxe;254;320
2021-05-10;Kalundborg;387;326
2021-05-10;Ringsted;117;329
2021-05-10;Slagelse;591;330
2021-05-10;Stevns;197;336
2021-05-10;Sorø;129;340
2021-05-10;Lejre;147;350
2021-05-10;Lolland;312;360
2021-05-10;Næstved;638;370
2021-05-10;Guldborgsund;586;376
2021-05-10;Vordingborg;483;390
2021-05-10;Bornholm;455;400
2021-05-10;Middelfart;37;410
2021-05-10;Assens;199;420
2021-05-10;Faaborg-Midtfyn;234;430
2021-05-10;Kerteminde;104;440
2021-05-10;Nyborg;92;450
2021-05-10;Odense;685;461
2021-05-10;Svendborg;197;479
2021-05-10;Nordfyn;138;480
2021-05-10;Langeland;47;482
2021-05-10;Ærø;2;492
2021-05-10;Haderslev;19;510
2021-05-10;Billund;53;530
2021-05-10;Sønderborg;7;540
2021-05-10;Tønder;313;550
2021-05-10;Esbjerg;199;561
2021-05-10;Fanø;17;563
2021-05-10;Varde;105;573
2021-05-10;Vejen;21;575
2021-05-10;Aabenraa;115;580
2021-05-10;Fredericia;60;607
2021-05-10;Horsens;410;615
2021-05-10;Kolding;61;621
2021-05-10;Vejle;89;630
2021-05-10;Herning;969;657
2021-05-10;Holstebro;858;661
2021-05-10;Lemvig;398;665
2021-05-10;Struer;60;671
2021-05-10;Syddjurs;266;706
2021-05-10;Norddjurs;336;707
2021-05-10;Favrskov;269;710
2021-05-10;Odder;143;727
2021-05-10;Randers;581;730
2021-05-10;Silkeborg;410;740
2021-05-10;Samsø;2;741
2021-05-10;Skanderborg;589;746
2021-05-10;Århus;2838;751
2021-05-10;Ikast-Brande;417;756
2021-05-10;Ringkøbing-Skjern;898;760
2021-05-10;Hedensted;279;766
2021-05-10;Morsø;55;773
2021-05-10;Skive;175;779
2021-05-10;Thisted;32;787
2021-05-10;Viborg;370;791
2021-05-10;Brønderslev;6;810
2021-05-10;Frederikshavn;4;813
2021-05-10;Vesthimmerland;82;820
2021-05-10;Læsø;1;825
2021-05-10;Rebild;6;840
2021-05-10;Mariagerfjord;13;846
2021-05-10;Jammerbugt;1100;849
2021-05-10;Aalborg;25;851
2021-05-10;Hjørring;21;860
2021-05-11;København;2399;101
2021-05-11;Frederiksberg;465;147
2021-05-11;Ballerup;239;151
2021-05-11;Brøndby;179;153
2021-05-11;Dragør;131;155
2021-05-11;Gentofte;453;157
2021-05-11;Gladsaxe;361;159
2021-05-11;Glostrup;119;161
2021-05-11;Herlev;156;163
2021-05-11;Albertslund;120;165
2021-05-11;Hvidovre;273;167
2021-05-11;Høje Tåstrup;219;169
2021-05-11;Lyngby-Taarbæk;363;173
2021-05-11;Rødovre;215;175
2021-05-11;Ishøj;127;183
2021-05-11;Tårnby;298;185
2021-05-11;Vallensbæk;63;187
2021-05-11;Furesø;282;190
2021-05-11;Allerød;168;201
2021-05-11;Fredensborg;351;210
2021-05-11;Helsingør;545;217
2021-05-11;Hillerød;310;219
2021-05-11;Hørsholm;248;223
2021-05-11;Rudersdal;491;230
2021-05-11;Egedal;264;240
2021-05-11;Frederikssund;273;250
2021-05-11;Greve;404;253
2021-05-11;Køge;275;259
2021-05-11;Halsnæs;192;260
2021-05-11;Roskilde;543;265
2021-05-11;Solrød;129;269
2021-05-11;Gribskov;313;270
2021-05-11;Odsherred;266;306
2021-05-11;Holbæk;334;316
2021-05-11;Faxe;159;320
2021-05-11;Kalundborg;268;326
2021-05-11;Ringsted;203;329
2021-05-11;Slagelse;346;330
2021-05-11;Stevns;115;336
2021-05-11;Sorø;82;340
2021-05-11;Lejre;179;350
2021-05-11;Lolland;227;360
2021-05-11;Næstved;364;370
2021-05-11;Guldborgsund;422;376
2021-05-11;Vordingborg;490;390
2021-05-11;Bornholm;483;400
2021-05-11;Middelfart;188;410
2021-05-11;Assens;124;420
2021-05-11;Faaborg-Midtfyn;96;430
2021-05-11;Kerteminde;178;440
2021-05-11;Nyborg;114;450
2021-05-11;Odense;606;461
2021-05-11;Svendborg;77;479
2021-05-11;Nordfyn;105;480
2021-05-11;Langeland;12;482
2021-05-11;Ærø;2;492
2021-05-11;Haderslev;437;510
2021-05-11;Billund;96;530
2021-05-11;Sønderborg;687;540
2021-05-11;Tønder;124;550
2021-05-11;Esbjerg;285;561
2021-05-11;Fanø;15;563
2021-05-11;Varde;157;573
2021-05-11;Vejen;168;575
2021-05-11;Aabenraa;401;580
2021-05-11;Fredericia;261;607
2021-05-11;Horsens;617;615
2021-05-11;Kolding;519;621
2021-05-11;Vejle;431;630
2021-05-11;Herning;291;657
2021-05-11;Holstebro;602;661
2021-05-11;Lemvig;133;665
2021-05-11;Struer;510;671
2021-05-11;Syddjurs;214;706
2021-05-11;Norddjurs;246;707
2021-05-11;Favrskov;230;710
2021-05-11;Odder;204;727
2021-05-11;Randers;529;730
2021-05-11;Silkeborg;369;740
2021-05-11;Samsø;3;741
2021-05-11;Skanderborg;335;746
2021-05-11;Århus;2343;751
2021-05-11;Ikast-Brande;51;756
2021-05-11;Ringkøbing-Skjern;661;760
2021-05-11;Hedensted;258;766
2021-05-11;Morsø;456;773
2021-05-11;Skive;736;779
2021-05-11;Thisted;91;787
2021-05-11;Viborg;406;791
2021-05-11;Brønderslev;2;810
2021-05-11;Frederikshavn;8;813
2021-05-11;Vesthimmerland;24;820
2021-05-11;Læsø;235;825
2021-05-11;Rebild;2;840
2021-05-11;Mariagerfjord;23;846
2021-05-11;Jammerbugt;17;849
2021-05-11;Aalborg;67;851
2021-05-11;Hjørring;16;860
2021-05-12;København;1764;101
2021-05-12;Frederiksberg;286;147
2021-05-12;Ballerup;180;151
2021-05-12;Brøndby;140;153
2021-05-12;Dragør;73;155
2021-05-12;Gentofte;337;157
2021-05-12;Gladsaxe;274;159
2021-05-12;Glostrup;97;161
2021-05-12;Herlev;116;163
2021-05-12;Albertslund;104;165
2021-05-12;Hvidovre;218;167
2021-05-12;Høje Tåstrup;220;169
2021-05-12;Lyngby-Taarbæk;289;173
2021-05-12;Rødovre;157;175
2021-05-12;Ishøj;59;183
2021-05-12;Tårnby;244;185
2021-05-12;Vallensbæk;55;187
2021-05-12;Furesø;194;190
2021-05-12;Allerød;106;201
2021-05-12;Fredensborg;111;210
2021-05-12;Helsingør;81;217
2021-05-12;Hillerød;173;219
2021-05-12;Hørsholm;122;223
2021-05-12;Rudersdal;365;230
2021-05-12;Egedal;182;240
2021-05-12;Frederikssund;207;250
2021-05-12;Greve;120;253
2021-05-12;Køge;350;259
2021-05-12;Halsnæs;141;260
2021-05-12;Roskilde;530;265
2021-05-12;Solrød;74;269
2021-05-12;Gribskov;194;270
2021-05-12;Odsherred;198;306
2021-05-12;Holbæk;254;316
2021-05-12;Faxe;258;320
2021-05-12;Kalundborg;183;326
2021-05-12;Ringsted;112;329
2021-05-12;Slagelse;563;330
2021-05-12;Stevns;151;336
2021-05-12;Sorø;172;340
2021-05-12;Lejre;160;350
2021-05-12;Lolland;216;360
2021-05-12;Næstved;476;370
2021-05-12;Guldborgsund;316;376
2021-05-12;Vordingborg;121;390
2021-05-12;Bornholm;241;400
2021-05-12;Middelfart;222;410
2021-05-12;Assens;155;420
2021-05-12;Faaborg-Midtfyn;157;430
2021-05-12;Kerteminde;83;440
2021-05-12;Nyborg;59;450
2021-05-12;Odense;484;461
2021-05-12;Svendborg;205;479
2021-05-12;Nordfyn;264;480
2021-05-12;Langeland;38;482
2021-05-12;Ærø;1;492
2021-05-12;Haderslev;302;510
2021-05-12;Billund;62;530
2021-05-12;Sønderborg;675;540
2021-05-12;Tønder;372;550
2021-05-12;Esbjerg;422;561
2021-05-12;Fanø;1;563
2021-05-12;Varde;22;573
2021-05-12;Vejen;323;575
2021-05-12;Aabenraa;549;580
2021-05-12;Fredericia;318;607
2021-05-12;Horsens;675;615
2021-05-12;Kolding;475;621
2021-05-12;Vejle;430;630
2021-05-12;Herning;307;657
2021-05-12;Holstebro;113;661
2021-05-12;Lemvig;135;665
2021-05-12;Struer;162;671
2021-05-12;Syddjurs;511;706
2021-05-12;Norddjurs;167;707
2021-05-12;Favrskov;217;710
2021-05-12;Odder;237;727
2021-05-12;Randers;288;730
2021-05-12;Silkeborg;752;740
2021-05-12;Samsø;137;741
2021-05-12;Skanderborg;498;746
2021-05-12;Århus;2008;751
2021-05-12;Ikast-Brande;517;756
2021-05-12;Ringkøbing-Skjern;170;760
2021-05-12;Hedensted;344;766
2021-05-12;Morsø;40;773
2021-05-12;Skive;145;779
2021-05-12;Thisted;39;787
2021-05-12;Viborg;499;791
2021-05-12;Brønderslev;298;810
2021-05-12;Frederikshavn;142;813
2021-05-12;Vesthimmerland;70;820
2021-05-12;Rebild;218;840
2021-05-12;Mariagerfjord;85;846
2021-05-12;Jammerbugt;321;849
2021-05-12;Aalborg;240;851
2021-05-12;Hjørring;233;860
2021-05-13;København;1204;101
2021-05-13;Frederiksberg;223;147
2021-05-13;Ballerup;74;151
2021-05-13;Brøndby;73;153
2021-05-13;Dragør;55;155
2021-05-13;Gentofte;247;157
2021-05-13;Gladsaxe;140;159
2021-05-13;Glostrup;47;161
2021-05-13;Herlev;45;163
2021-05-13;Albertslund;46;165
2021-05-13;Hvidovre;107;167
2021-05-13;Høje Tåstrup;159;169
2021-05-13;Lyngby-Taarbæk;150;173
2021-05-13;Rødovre;83;175
2021-05-13;Ishøj;39;183
2021-05-13;Tårnby;116;185
2021-05-13;Vallensbæk;26;187
2021-05-13;Furesø;88;190
2021-05-13;Allerød;81;201
2021-05-13;Fredensborg;137;210
2021-05-13;Helsingør;339;217
2021-05-13;Hillerød;172;219
2021-05-13;Hørsholm;107;223
2021-05-13;Rudersdal;180;230
2021-05-13;Egedal;154;240
2021-05-13;Frederikssund;235;250
2021-05-13;Greve;130;253
2021-05-13;Køge;548;259
2021-05-13;Halsnæs;83;260
2021-05-13;Roskilde;546;265
2021-05-13;Solrød;161;269
2021-05-13;Gribskov;168;270
2021-05-13;Odsherred;282;306
2021-05-13;Holbæk;463;316
2021-05-13;Faxe;303;320
2021-05-13;Kalundborg;276;326
2021-05-13;Ringsted;288;329
2021-05-13;Slagelse;472;330
2021-05-13;Stevns;155;336
2021-05-13;Sorø;213;340
2021-05-13;Lejre;248;350
2021-05-13;Lolland;368;360
2021-05-13;Næstved;744;370
2021-05-13;Guldborgsund;595;376
2021-05-13;Vordingborg;437;390
2021-05-13;Bornholm;161;400
2021-05-13;Middelfart;189;410
2021-05-13;Assens;6;420
2021-05-13;Faaborg-Midtfyn;8;430
2021-05-13;Kerteminde;6;440
2021-05-13;Nyborg;3;450
2021-05-13;Odense;413;461
2021-05-13;Nordfyn;10;480
2021-05-13;Ærø;1;492
2021-05-13;Haderslev;427;510
2021-05-13;Billund;83;530
2021-05-13;Sønderborg;349;540
2021-05-13;Tønder;76;550
2021-05-13;Esbjerg;1112;561
2021-05-13;Fanø;2;563
2021-05-13;Varde;29;573
2021-05-13;Vejen;284;575
2021-05-13;Aabenraa;250;580
2021-05-13;Fredericia;228;607
2021-05-13;Horsens;92;615
2021-05-13;Kolding;790;621
2021-05-13;Vejle;793;630
2021-05-13;Herning;10;657
2021-05-13;Holstebro;12;661
2021-05-13;Lemvig;3;665
2021-05-13;Struer;3;671
2021-05-13;Norddjurs;53;707
2021-05-13;Favrskov;15;710
2021-05-13;Randers;365;730
2021-05-13;Silkeborg;304;740
2021-05-13;Skanderborg;38;746
2021-05-13;Århus;31;751
2021-05-13;Ikast-Brande;41;756
2021-05-13;Ringkøbing-Skjern;2;760
2021-05-13;Hedensted;100;766
2021-05-13;Morsø;16;773
2021-05-13;Skive;152;779
2021-05-13;Thisted;9;787
2021-05-13;Viborg;339;791
2021-05-13;Brønderslev;4;810
2021-05-13;Frederikshavn;5;813
2021-05-13;Vesthimmerland;39;820
2021-05-13;Rebild;303;840
2021-05-13;Mariagerfjord;214;846
2021-05-13;Jammerbugt;8;849
2021-05-13;Aalborg;1509;851
2021-05-13;Hjørring;2;860
2021-05-14;København;1824;101
2021-05-14;Frederiksberg;338;147
2021-05-14;Ballerup;177;151
2021-05-14;Brøndby;200;153
2021-05-14;Dragør;72;155
2021-05-14;Gentofte;335;157
2021-05-14;Gladsaxe;214;159
2021-05-14;Glostrup;119;161
2021-05-14;Herlev;96;163
2021-05-14;Albertslund;124;165
2021-05-14;Hvidovre;267;167
2021-05-14;Høje Tåstrup;265;169
2021-05-14;Lyngby-Taarbæk;160;173
2021-05-14;Rødovre;191;175
2021-05-14;Ishøj;143;183
2021-05-14;Tårnby;181;185
2021-05-14;Vallensbæk;75;187
2021-05-14;Furesø;125;190
2021-05-14;Allerød;84;201
2021-05-14;Fredensborg;97;210
2021-05-14;Helsingør;51;217
2021-05-14;Hillerød;171;219
2021-05-14;Hørsholm;51;223
2021-05-14;Rudersdal;151;230
2021-05-14;Egedal;187;240
2021-05-14;Frederikssund;177;250
2021-05-14;Greve;197;253
2021-05-14;Køge;387;259
2021-05-14;Halsnæs;87;260
2021-05-14;Roskilde;335;265
2021-05-14;Solrød;90;269
2021-05-14;Gribskov;142;270
2021-05-14;Odsherred;268;306
2021-05-14;Holbæk;495;316
2021-05-14;Faxe;326;320
2021-05-14;Kalundborg;318;326
2021-05-14;Ringsted;164;329
2021-05-14;Slagelse;485;330
2021-05-14;Stevns;170;336
2021-05-14;Sorø;172;340
2021-05-14;Lejre;118;350
2021-05-14;Lolland;286;360
2021-05-14;Næstved;434;370
2021-05-14;Guldborgsund;366;376
2021-05-14;Vordingborg;218;390
2021-05-14;Bornholm;185;400
2021-05-14;Middelfart;171;410
2021-05-14;Assens;148;420
2021-05-14;Faaborg-Midtfyn;101;430
2021-05-14;Kerteminde;77;440
2021-05-14;Nyborg;61;450
2021-05-14;Odense;727;461
2021-05-14;Svendborg;32;479
2021-05-14;Nordfyn;109;480
2021-05-14;Langeland;4;482
2021-05-14;Ærø;209;492
2021-05-14;Haderslev;53;510
2021-05-14;Billund;46;530
2021-05-14;Sønderborg;160;540
2021-05-14;Tønder;61;550
2021-05-14;Esbjerg;492;561
2021-05-14;Fanø;22;563
2021-05-14;Varde;190;573
2021-05-14;Vejen;53;575
2021-05-14;Aabenraa;147;580
2021-05-14;Fredericia;294;607
2021-05-14;Horsens;379;615
2021-05-14;Kolding;156;621
2021-05-14;Vejle;385;630
2021-05-14;Herning;469;657
2021-05-14;Holstebro;76;661
2021-05-14;Lemvig;29;665
2021-05-14;Struer;23;671
2021-05-14;Syddjurs;182;706
2021-05-14;Norddjurs;111;707
2021-05-14;Favrskov;234;710
2021-05-14;Odder;145;727
2021-05-14;Randers;211;730
2021-05-14;Silkeborg;418;740
2021-05-14;Samsø;1;741
2021-05-14;Skanderborg;230;746
2021-05-14;Århus;947;751
2021-05-14;Ikast-Brande;157;756
2021-05-14;Ringkøbing-Skjern;79;760
2021-05-14;Hedensted;185;766
2021-05-14;Morsø;7;773
2021-05-14;Skive;278;779
2021-05-14;Thisted;8;787
2021-05-14;Viborg;369;791
2021-05-14;Brønderslev;751;810
2021-05-14;Frederikshavn;27;813
2021-05-14;Vesthimmerland;6;820
2021-05-14;Læsø;1;825
2021-05-14;Rebild;3;840
2021-05-14;Mariagerfjord;7;846
2021-05-14;Jammerbugt;110;849
2021-05-14;Aalborg;37;851
2021-05-14;Hjørring;299;860
2021-05-15;København;1846;101
2021-05-15;Frederiksberg;333;147
2021-05-15;Ballerup;173;151
2021-05-15;Brøndby;190;153
2021-05-15;Dragør;96;155
2021-05-15;Gentofte;342;157
2021-05-15;Gladsaxe;284;159
2021-05-15;Glostrup;120;161
2021-05-15;Herlev;127;163
2021-05-15;Albertslund;114;165
2021-05-15;Hvidovre;265;167
2021-05-15;Høje Tåstrup;223;169
2021-05-15;Lyngby-Taarbæk;185;173
2021-05-15;Rødovre;197;175
2021-05-15;Ishøj;122;183
2021-05-15;Tårnby;269;185
2021-05-15;Vallensbæk;57;187
2021-05-15;Furesø;116;190
2021-05-15;Allerød;76;201
2021-05-15;Fredensborg;81;210
2021-05-15;Helsingør;51;217
2021-05-15;Hillerød;208;219
2021-05-15;Hørsholm;62;223
2021-05-15;Rudersdal;110;230
2021-05-15;Egedal;178;240
2021-05-15;Frederikssund;164;250
2021-05-15;Greve;265;253
2021-05-15;Køge;303;259
2021-05-15;Halsnæs;132;260
2021-05-15;Roskilde;470;265
2021-05-15;Solrød;84;269
2021-05-15;Gribskov;183;270
2021-05-15;Odsherred;189;306
2021-05-15;Holbæk;530;316
2021-05-15;Faxe;105;320
2021-05-15;Kalundborg;343;326
2021-05-15;Ringsted;127;329
2021-05-15;Slagelse;744;330
2021-05-15;Stevns;79;336
2021-05-15;Sorø;206;340
2021-05-15;Lejre;91;350
2021-05-15;Lolland;280;360
2021-05-15;Næstved;806;370
2021-05-15;Guldborgsund;568;376
2021-05-15;Vordingborg;309;390
2021-05-15;Bornholm;179;400
2021-05-15;Middelfart;43;410
2021-05-15;Assens;127;420
2021-05-15;Faaborg-Midtfyn;122;430
2021-05-15;Kerteminde;73;440
2021-05-15;Nyborg;92;450
2021-05-15;Odense;396;461
2021-05-15;Svendborg;102;479
2021-05-15;Nordfyn;115;480
2021-05-15;Langeland;33;482
2021-05-15;Ærø;4;492
2021-05-15;Haderslev;153;510
2021-05-15;Billund;46;530
2021-05-15;Sønderborg;463;540
2021-05-15;Tønder;132;550
2021-05-15;Esbjerg;510;561
2021-05-15;Fanø;20;563
2021-05-15;Varde;299;573
2021-05-15;Vejen;63;575
2021-05-15;Aabenraa;363;580
2021-05-15;Fredericia;10;607
2021-05-15;Horsens;9;615
2021-05-15;Kolding;65;621
2021-05-15;Vejle;109;630
2021-05-15;Herning;4;657
2021-05-15;Holstebro;2;661
2021-05-15;Syddjurs;1;706
2021-05-15;Odder;2;727
2021-05-15;Randers;1;730
2021-05-15;Silkeborg;1;740
2021-05-15;Samsø;1;741
2021-05-15;Skanderborg;2;746
2021-05-15;Århus;37;751
2021-05-15;Ikast-Brande;1;756
2021-05-15;Ringkøbing-Skjern;15;760
2021-05-15;Hedensted;2;766
2021-05-15;Skive;2;779
2021-05-15;Thisted;3;787
2021-05-15;Viborg;3;791
2021-05-15;Brønderslev;1;810
2021-05-15;Frederikshavn;1;813
2021-05-15;Aalborg;6;851
2021-05-15;Hjørring;3;860
2021-05-16;København;2706;101
2021-05-16;Frederiksberg;566;147
2021-05-16;Ballerup;294;151
2021-05-16;Brøndby;204;153
2021-05-16;Dragør;159;155
2021-05-16;Gentofte;494;157
2021-05-16;Gladsaxe;386;159
2021-05-16;Glostrup;119;161
2021-05-16;Herlev;177;163
2021-05-16;Albertslund;148;165
2021-05-16;Hvidovre;340;167
2021-05-16;Høje Tåstrup;283;169
2021-05-16;Lyngby-Taarbæk;313;173
2021-05-16;Rødovre;261;175
2021-05-16;Ishøj;134;183
2021-05-16;Tårnby;391;185
2021-05-16;Vallensbæk;95;187
2021-05-16;Furesø;243;190
2021-05-16;Allerød;229;201
2021-05-16;Fredensborg;179;210
2021-05-16;Helsingør;87;217
2021-05-16;Hillerød;471;219
2021-05-16;Hørsholm;116;223
2021-05-16;Rudersdal;302;230
2021-05-16;Egedal;263;240
2021-05-16;Frederikssund;315;250
2021-05-16;Greve;268;253
2021-05-16;Køge;154;259
2021-05-16;Halsnæs;187;260
2021-05-16;Roskilde;330;265
2021-05-16;Solrød;98;269
2021-05-16;Gribskov;328;270
2021-05-16;Odsherred;257;306
2021-05-16;Holbæk;374;316
2021-05-16;Faxe;227;320
2021-05-16;Kalundborg;569;326
2021-05-16;Ringsted;203;329
2021-05-16;Slagelse;633;330
2021-05-16;Stevns;122;336
2021-05-16;Sorø;328;340
2021-05-16;Lejre;170;350
2021-05-16;Lolland;321;360
2021-05-16;Næstved;564;370
2021-05-16;Guldborgsund;300;376
2021-05-16;Vordingborg;434;390
2021-05-16;Bornholm;260;400
2021-05-16;Middelfart;104;410
2021-05-16;Assens;175;420
2021-05-16;Faaborg-Midtfyn;141;430
2021-05-16;Kerteminde;122;440
2021-05-16;Nyborg;86;450
2021-05-16;Odense;265;461
2021-05-16;Svendborg;69;479
2021-05-16;Nordfyn;149;480
2021-05-16;Langeland;21;482
2021-05-16;Ærø;1;492
2021-05-16;Haderslev;175;510
2021-05-16;Billund;97;530
2021-05-16;Sønderborg;603;540
2021-05-16;Tønder;124;550
2021-05-16;Esbjerg;831;561
2021-05-16;Fanø;46;563
2021-05-16;Varde;574;573
2021-05-16;Vejen;185;575
2021-05-16;Aabenraa;374;580
2021-05-16;Fredericia;65;607
2021-05-16;Horsens;1;615
2021-05-16;Kolding;191;621
2021-05-16;Vejle;49;630
2021-05-16;Herning;4;657
2021-05-16;Holstebro;2;661
2021-05-16;Syddjurs;2;706
2021-05-16;Randers;2;730
2021-05-16;Silkeborg;1;740
2021-05-16;Skanderborg;1;746
2021-05-16;Århus;3;751
2021-05-16;Ringkøbing-Skjern;64;760
2021-05-16;Hedensted;7;766
2021-05-16;Morsø;1;773
2021-05-16;Skive;1;779
2021-05-16;Viborg;1;791
2021-05-16;Frederikshavn;5;813
2021-05-16;Vesthimmerland;4;820
2021-05-16;Jammerbugt;1;849
2021-05-16;Aalborg;7;851
2021-05-16;Hjørring;3;860
2021-05-17;København;2572;101
2021-05-17;Frederiksberg;534;147
2021-05-17;Ballerup;313;151
2021-05-17;Brøndby;184;153
2021-05-17;Dragør;129;155
2021-05-17;Gentofte;519;157
2021-05-17;Gladsaxe;378;159
2021-05-17;Glostrup;123;161
2021-05-17;Herlev;166;163
2021-05-17;Albertslund;132;165
2021-05-17;Hvidovre;288;167
2021-05-17;Høje Tåstrup;242;169
2021-05-17;Lyngby-Taarbæk;306;173
2021-05-17;Rødovre;208;175
2021-05-17;Ishøj;92;183
2021-05-17;Tårnby;340;185
2021-05-17;Vallensbæk;86;187
2021-05-17;Furesø;273;190
2021-05-17;Allerød;218;201
2021-05-17;Fredensborg;492;210
2021-05-17;Helsingør;953;217
2021-05-17;Hillerød;458;219
2021-05-17;Hørsholm;197;223
2021-05-17;Rudersdal;343;230
2021-05-17;Egedal;281;240
2021-05-17;Frederikssund;234;250
2021-05-17;Greve;249;253
2021-05-17;Køge;347;259
2021-05-17;Halsnæs;193;260
2021-05-17;Roskilde;405;265
2021-05-17;Solrød;61;269
2021-05-17;Gribskov;411;270
2021-05-17;Odsherred;426;306
2021-05-17;Holbæk;671;316
2021-05-17;Faxe;204;320
2021-05-17;Kalundborg;614;326
2021-05-17;Ringsted;158;329
2021-05-17;Slagelse;773;330
2021-05-17;Stevns;146;336
2021-05-17;Sorø;279;340
2021-05-17;Lejre;161;350
2021-05-17;Lolland;260;360
2021-05-17;Næstved;505;370
2021-05-17;Guldborgsund;690;376
2021-05-17;Vordingborg;279;390
2021-05-17;Bornholm;268;400
2021-05-17;Middelfart;146;410
2021-05-17;Assens;226;420
2021-05-17;Faaborg-Midtfyn;409;430
2021-05-17;Kerteminde;119;440
2021-05-17;Nyborg;113;450
2021-05-17;Odense;857;461
2021-05-17;Svendborg;177;479
2021-05-17;Nordfyn;138;480
2021-05-17;Langeland;27;482
2021-05-17;Ærø;2;492
2021-05-17;Haderslev;69;510
2021-05-17;Billund;75;530
2021-05-17;Sønderborg;532;540
2021-05-17;Tønder;23;550
2021-05-17;Esbjerg;1007;561
2021-05-17;Fanø;39;563
2021-05-17;Varde;331;573
2021-05-17;Vejen;131;575
2021-05-17;Aabenraa;103;580
2021-05-17;Fredericia;144;607
2021-05-17;Horsens;350;615
2021-05-17;Kolding;286;621
2021-05-17;Vejle;762;630
2021-05-17;Herning;733;657
2021-05-17;Holstebro;267;661
2021-05-17;Lemvig;251;665
2021-05-17;Struer;59;671
2021-05-17;Syddjurs;384;706
2021-05-17;Norddjurs;363;707
2021-05-17;Favrskov;297;710
2021-05-17;Odder;133;727
2021-05-17;Randers;395;730
2021-05-17;Silkeborg;359;740
2021-05-17;Samsø;5;741
2021-05-17;Skanderborg;316;746
2021-05-17;Århus;1488;751
2021-05-17;Ikast-Brande;146;756
2021-05-17;Ringkøbing-Skjern;577;760
2021-05-17;Hedensted;246;766
2021-05-17;Morsø;7;773
2021-05-17;Skive;142;779
2021-05-17;Thisted;26;787
2021-05-17;Viborg;294;791
2021-05-17;Brønderslev;36;810
2021-05-17;Frederikshavn;362;813
2021-05-17;Vesthimmerland;20;820
2021-05-17;Rebild;83;840
2021-05-17;Mariagerfjord;645;846
2021-05-17;Jammerbugt;15;849
2021-05-17;Aalborg;22;851
2021-05-17;Hjørring;139;860
2021-05-18;København;1853;101
2021-05-18;Frederiksberg;383;147
2021-05-18;Ballerup;280;151
2021-05-18;Brøndby;316;153
2021-05-18;Dragør;68;155
2021-05-18;Gentofte;430;157
2021-05-18;Gladsaxe;278;159
2021-05-18;Glostrup;188;161
2021-05-18;Herlev;144;163
2021-05-18;Albertslund;215;165
2021-05-18;Hvidovre;343;167
2021-05-18;Høje Tåstrup;506;169
2021-05-18;Lyngby-Taarbæk;419;173
2021-05-18;Rødovre;193;175
2021-05-18;Ishøj;209;183
2021-05-18;Tårnby;165;185
2021-05-18;Vallensbæk;137;187
2021-05-18;Furesø;298;190
2021-05-18;Allerød;212;201
2021-05-18;Fredensborg;515;210
2021-05-18;Helsingør;1083;217
2021-05-18;Hillerød;312;219
2021-05-18;Hørsholm;284;223
2021-05-18;Rudersdal;560;230
2021-05-18;Egedal;284;240
2021-05-18;Frederikssund;334;250
2021-05-18;Greve;234;253
2021-05-18;Køge;418;259
2021-05-18;Halsnæs;179;260
2021-05-18;Roskilde;300;265
2021-05-18;Solrød;83;269
2021-05-18;Gribskov;328;270
2021-05-18;Odsherred;325;306
2021-05-18;Holbæk;511;316
2021-05-18;Faxe;217;320
2021-05-18;Kalundborg;622;326
2021-05-18;Ringsted;323;329
2021-05-18;Slagelse;507;330
2021-05-18;Stevns;260;336
2021-05-18;Sorø;321;340
2021-05-18;Lejre;175;350
2021-05-18;Lolland;335;360
2021-05-18;Næstved;530;370
2021-05-18;Guldborgsund;340;376
2021-05-18;Vordingborg;497;390
2021-05-18;Bornholm;244;400
2021-05-18;Middelfart;74;410
2021-05-18;Assens;231;420
2021-05-18;Faaborg-Midtfyn;264;430
2021-05-18;Kerteminde;261;440
2021-05-18;Nyborg;305;450
2021-05-18;Odense;777;461
2021-05-18;Svendborg;419;479
2021-05-18;Nordfyn;169;480
2021-05-18;Langeland;87;482
2021-05-18;Ærø;5;492
2021-05-18;Haderslev;61;510
2021-05-18;Billund;5;530
2021-05-18;Sønderborg;630;540
2021-05-18;Tønder;70;550
2021-05-18;Esbjerg;52;561
2021-05-18;Varde;4;573
2021-05-18;Vejen;29;575
2021-05-18;Aabenraa;155;580
2021-05-18;Fredericia;17;607
2021-05-18;Horsens;518;615
2021-05-18;Kolding;48;621
2021-05-18;Vejle;368;630
2021-05-18;Herning;376;657
2021-05-18;Holstebro;245;661
2021-05-18;Lemvig;53;665
2021-05-18;Struer;245;671
2021-05-18;Syddjurs;413;706
2021-05-18;Norddjurs;179;707
2021-05-18;Favrskov;299;710
2021-05-18;Odder;117;727
2021-05-18;Randers;660;730
2021-05-18;Silkeborg;383;740
2021-05-18;Samsø;4;741
2021-05-18;Skanderborg;437;746
2021-05-18;Århus;1598;751
2021-05-18;Ikast-Brande;55;756
2021-05-18;Ringkøbing-Skjern;553;760
2021-05-18;Hedensted;246;766
2021-05-18;Morsø;106;773
2021-05-18;Skive;140;779
2021-05-18;Thisted;443;787
2021-05-18;Viborg;352;791
2021-05-18;Brønderslev;20;810
2021-05-18;Frederikshavn;8;813
2021-05-18;Vesthimmerland;619;820
2021-05-18;Læsø;1;825
2021-05-18;Rebild;124;840
2021-05-18;Mariagerfjord;424;846
2021-05-18;Jammerbugt;79;849
2021-05-18;Aalborg;76;851
2021-05-18;Hjørring;18;860
2021-05-19;København;2138;101
2021-05-19;Frederiksberg;562;147
2021-05-19;Ballerup;473;151
2021-05-19;Brøndby;283;153
2021-05-19;Dragør;17;155
2021-05-19;Gentofte;648;157
2021-05-19;Gladsaxe;492;159
2021-05-19;Glostrup;196;161
2021-05-19;Herlev;208;163
2021-05-19;Albertslund;219;165
2021-05-19;Hvidovre;343;167
2021-05-19;Høje Tåstrup;381;169
2021-05-19;Lyngby-Taarbæk;536;173
2021-05-19;Rødovre;252;175
2021-05-19;Ishøj;158;183
2021-05-19;Tårnby;24;185
2021-05-19;Vallensbæk;137;187
2021-05-19;Furesø;506;190
2021-05-19;Allerød;286;201
2021-05-19;Fredensborg;248;210
2021-05-19;Helsingør;98;217
2021-05-19;Hillerød;469;219
2021-05-19;Hørsholm;228;223
2021-05-19;Rudersdal;678;230
2021-05-19;Egedal;338;240
2021-05-19;Frederikssund;365;250
2021-05-19;Greve;304;253
2021-05-19;Køge;347;259
2021-05-19;Halsnæs;282;260
2021-05-19;Roskilde;605;265
2021-05-19;Solrød;154;269
2021-05-19;Gribskov;408;270
2021-05-19;Odsherred;170;306
2021-05-19;Holbæk;713;316
2021-05-19;Faxe;187;320
2021-05-19;Kalundborg;358;326
2021-05-19;Ringsted;117;329
2021-05-19;Slagelse;531;330
2021-05-19;Stevns;155;336
2021-05-19;Sorø;235;340
2021-05-19;Lejre;171;350
2021-05-19;Lolland;330;360
2021-05-19;Næstved;495;370
2021-05-19;Guldborgsund;510;376
2021-05-19;Vordingborg;378;390
2021-05-19;Bornholm;320;400
2021-05-19;Middelfart;205;410
2021-05-19;Assens;350;420
2021-05-19;Faaborg-Midtfyn;126;430
2021-05-19;Kerteminde;101;440
2021-05-19;Nyborg;83;450
2021-05-19;Odense;1055;461
2021-05-19;Svendborg;18;479
2021-05-19;Nordfyn;240;480
2021-05-19;Langeland;3;482
2021-05-19;Ærø;4;492
2021-05-19;Haderslev;150;510
2021-05-19;Billund;208;530
2021-05-19;Sønderborg;190;540
2021-05-19;Tønder;345;550
2021-05-19;Esbjerg;996;561
2021-05-19;Fanø;41;563
2021-05-19;Varde;817;573
2021-05-19;Vejen;221;575
2021-05-19;Aabenraa;193;580
2021-05-19;Fredericia;233;607
2021-05-19;Horsens;475;615
2021-05-19;Kolding;333;621
2021-05-19;Vejle;934;630
2021-05-19;Herning;124;657
2021-05-19;Holstebro;64;661
2021-05-19;Lemvig;138;665
2021-05-19;Struer;37;671
2021-05-19;Syddjurs;262;706
2021-05-19;Norddjurs;206;707
2021-05-19;Favrskov;206;710
2021-05-19;Odder;154;727
2021-05-19;Randers;612;730
2021-05-19;Silkeborg;752;740
2021-05-19;Samsø;127;741
2021-05-19;Skanderborg;556;746
2021-05-19;Århus;1979;751
2021-05-19;Ikast-Brande;418;756
2021-05-19;Ringkøbing-Skjern;200;760
2021-05-19;Hedensted;288;766
2021-05-19;Morsø;4;773
2021-05-19;Skive;163;779
2021-05-19;Thisted;11;787
2021-05-19;Viborg;504;791
2021-05-19;Brønderslev;4;810
2021-05-19;Frederikshavn;23;813
2021-05-19;Vesthimmerland;17;820
2021-05-19;Læsø;1;825
2021-05-19;Rebild;61;840
2021-05-19;Mariagerfjord;378;846
2021-05-19;Jammerbugt;1;849
2021-05-19;Aalborg;63;851
2021-05-19;Hjørring;14;860
2021-05-20;København;3075;101
2021-05-20;Frederiksberg;630;147
2021-05-20;Ballerup;329;151
2021-05-20;Brøndby;250;153
2021-05-20;Dragør;140;155
2021-05-20;Gentofte;598;157
2021-05-20;Gladsaxe;419;159
2021-05-20;Glostrup;188;161
2021-05-20;Herlev;163;163
2021-05-20;Albertslund;194;165
2021-05-20;Hvidovre;388;167
2021-05-20;Høje Tåstrup;342;169
2021-05-20;Lyngby-Taarbæk;289;173
2021-05-20;Rødovre;297;175
2021-05-20;Ishøj;175;183
2021-05-20;Tårnby;403;185
2021-05-20;Vallensbæk;132;187
2021-05-20;Furesø;221;190
2021-05-20;Allerød;124;201
2021-05-20;Fredensborg;455;210
2021-05-20;Helsingør;1009;217
2021-05-20;Hillerød;221;219
2021-05-20;Hørsholm;200;223
2021-05-20;Rudersdal;242;230
2021-05-20;Egedal;344;240
2021-05-20;Frederikssund;516;250
2021-05-20;Greve;194;253
2021-05-20;Køge;340;259
2021-05-20;Halsnæs;256;260
2021-05-20;Roskilde;608;265
2021-05-20;Solrød;145;269
2021-05-20;Gribskov;267;270
2021-05-20;Odsherred;79;306
2021-05-20;Holbæk;593;316
2021-05-20;Faxe;88;320
2021-05-20;Kalundborg;104;326
2021-05-20;Ringsted;194;329
2021-05-20;Slagelse;623;330
2021-05-20;Stevns;25;336
2021-05-20;Sorø;143;340
2021-05-20;Lejre;119;350
2021-05-20;Lolland;351;360
2021-05-20;Næstved;508;370
2021-05-20;Guldborgsund;575;376
2021-05-20;Vordingborg;295;390
2021-05-20;Bornholm;307;400
2021-05-20;Middelfart;120;410
2021-05-20;Assens;151;420
2021-05-20;Faaborg-Midtfyn;301;430
2021-05-20;Kerteminde;76;440
2021-05-20;Nyborg;272;450
2021-05-20;Odense;1528;461
2021-05-20;Svendborg;157;479
2021-05-20;Nordfyn;85;480
2021-05-20;Langeland;35;482
2021-05-20;Ærø;1;492
2021-05-20;Haderslev;397;510
2021-05-20;Billund;124;530
2021-05-20;Sønderborg;415;540
2021-05-20;Tønder;67;550
2021-05-20;Esbjerg;833;561
2021-05-20;Fanø;17;563
2021-05-20;Varde;327;573
2021-05-20;Vejen;207;575
2021-05-20;Aabenraa;191;580
2021-05-20;Fredericia;121;607
2021-05-20;Horsens;482;615
2021-05-20;Kolding;324;621
2021-05-20;Vejle;997;630
2021-05-20;Herning;364;657
2021-05-20;Holstebro;737;661
2021-05-20;Lemvig;111;665
2021-05-20;Struer;274;671
2021-05-20;Syddjurs;97;706
2021-05-20;Norddjurs;70;707
2021-05-20;Favrskov;135;710
2021-05-20;Odder;151;727
2021-05-20;Randers;108;730
2021-05-20;Silkeborg;459;740
2021-05-20;Samsø;4;741
2021-05-20;Skanderborg;454;746
2021-05-20;Århus;2512;751
2021-05-20;Ikast-Brande;85;756
2021-05-20;Ringkøbing-Skjern;65;760
2021-05-20;Hedensted;189;766
2021-05-20;Morsø;10;773
2021-05-20;Skive;159;779
2021-05-20;Thisted;15;787
2021-05-20;Viborg;416;791
2021-05-20;Brønderslev;4;810
2021-05-20;Frederikshavn;13;813
2021-05-20;Vesthimmerland;11;820
2021-05-20;Læsø;51;825
2021-05-20;Rebild;7;840
2021-05-20;Mariagerfjord;17;846
2021-05-20;Jammerbugt;4;849
2021-05-20;Aalborg;1538;851
2021-05-20;Hjørring;20;860
2021-05-21;København;2375;101
2021-05-21;Frederiksberg;418;147
2021-05-21;Ballerup;338;151
2021-05-21;Brøndby;185;153
2021-05-21;Dragør;118;155
2021-05-21;Gentofte;465;157
2021-05-21;Gladsaxe;339;159
2021-05-21;Glostrup;138;161
2021-05-21;Herlev;158;163
2021-05-21;Albertslund;161;165
2021-05-21;Hvidovre;278;167
2021-05-21;Høje Tåstrup;299;169
2021-05-21;Lyngby-Taarbæk;250;173
2021-05-21;Rødovre;184;175
2021-05-21;Ishøj;109;183
2021-05-21;Tårnby;282;185
2021-05-21;Vallensbæk;83;187
2021-05-21;Furesø;216;190
2021-05-21;Allerød;148;201
2021-05-21;Fredensborg;102;210
2021-05-21;Helsingør;55;217
2021-05-21;Hillerød;245;219
2021-05-21;Hørsholm;81;223
2021-05-21;Rudersdal;231;230
2021-05-21;Egedal;348;240
2021-05-21;Frederikssund;322;250
2021-05-21;Greve;825;253
2021-05-21;Køge;430;259
2021-05-21;Halsnæs;95;260
2021-05-21;Roskilde;606;265
2021-05-21;Solrød;307;269
2021-05-21;Gribskov;198;270
2021-05-21;Odsherred;289;306
2021-05-21;Holbæk;806;316
2021-05-21;Faxe;351;320
2021-05-21;Kalundborg;354;326
2021-05-21;Ringsted;266;329
2021-05-21;Slagelse;660;330
2021-05-21;Stevns;224;336
2021-05-21;Sorø;266;340
2021-05-21;Lejre;202;350
2021-05-21;Lolland;382;360
2021-05-21;Næstved;756;370
2021-05-21;Guldborgsund;479;376
2021-05-21;Vordingborg;262;390
2021-05-21;Bornholm;341;400
2021-05-21;Middelfart;515;410
2021-05-21;Assens;158;420
2021-05-21;Faaborg-Midtfyn;131;430
2021-05-21;Kerteminde;100;440
2021-05-21;Nyborg;79;450
2021-05-21;Odense;910;461
2021-05-21;Svendborg;125;479
2021-05-21;Nordfyn;122;480
2021-05-21;Langeland;216;482
2021-05-21;Ærø;225;492
2021-05-21;Haderslev;87;510
2021-05-21;Billund;74;530
2021-05-21;Sønderborg;629;540
2021-05-21;Tønder;39;550
2021-05-21;Esbjerg;1054;561
2021-05-21;Fanø;19;563
2021-05-21;Varde;466;573
2021-05-21;Vejen;203;575
2021-05-21;Aabenraa;131;580
2021-05-21;Fredericia;206;607
2021-05-21;Horsens;568;615
2021-05-21;Kolding;276;621
2021-05-21;Vejle;241;630
2021-05-21;Herning;360;657
2021-05-21;Holstebro;144;661
2021-05-21;Lemvig;38;665
2021-05-21;Struer;49;671
2021-05-21;Syddjurs;154;706
2021-05-21;Norddjurs;89;707
2021-05-21;Favrskov;267;710
2021-05-21;Odder;254;727
2021-05-21;Randers;350;730
2021-05-21;Silkeborg;569;740
2021-05-21;Samsø;3;741
2021-05-21;Skanderborg;476;746
2021-05-21;Århus;3496;751
2021-05-21;Ikast-Brande;130;756
2021-05-21;Ringkøbing-Skjern;76;760
2021-05-21;Hedensted;351;766
2021-05-21;Morsø;12;773
2021-05-21;Skive;237;779
2021-05-21;Thisted;12;787
2021-05-21;Viborg;601;791
2021-05-21;Brønderslev;93;810
2021-05-21;Frederikshavn;1562;813
2021-05-21;Vesthimmerland;925;820
2021-05-21;Rebild;215;840
2021-05-21;Mariagerfjord;226;846
2021-05-21;Jammerbugt;70;849
2021-05-21;Aalborg;1744;851
2021-05-21;Hjørring;170;860
2021-05-22;København;4046;101
2021-05-22;Frederiksberg;778;147
2021-05-22;Ballerup;530;151
2021-05-22;Brøndby;284;153
2021-05-22;Dragør;156;155
2021-05-22;Gentofte;763;157
2021-05-22;Gladsaxe;642;159
2021-05-22;Glostrup;177;161
2021-05-22;Herlev;249;163
2021-05-22;Albertslund;219;165
2021-05-22;Hvidovre;435;167
2021-05-22;Høje Tåstrup;405;169
2021-05-22;Lyngby-Taarbæk;522;173
2021-05-22;Rødovre;374;175
2021-05-22;Ishøj;159;183
2021-05-22;Tårnby;405;185
2021-05-22;Vallensbæk;123;187
2021-05-22;Furesø;370;190
2021-05-22;Allerød;224;201
2021-05-22;Fredensborg;177;210
2021-05-22;Helsingør;108;217
2021-05-22;Hillerød;483;219
2021-05-22;Hørsholm;143;223
2021-05-22;Rudersdal;369;230
2021-05-22;Egedal;448;240
2021-05-22;Frederikssund;365;250
2021-05-22;Greve;260;253
2021-05-22;Køge;307;259
2021-05-22;Halsnæs;279;260
2021-05-22;Roskilde;634;265
2021-05-22;Solrød;111;269
2021-05-22;Gribskov;357;270
2021-05-22;Odsherred;124;306
2021-05-22;Holbæk;514;316
2021-05-22;Faxe;174;320
2021-05-22;Kalundborg;349;326
2021-05-22;Ringsted;138;329
2021-05-22;Slagelse;917;330
2021-05-22;Stevns;101;336
2021-05-22;Sorø;246;340
2021-05-22;Lejre;141;350
2021-05-22;Lolland;275;360
2021-05-22;Næstved;659;370
2021-05-22;Guldborgsund;512;376
2021-05-22;Vordingborg;263;390
2021-05-22;Bornholm;397;400
2021-05-22;Middelfart;47;410
2021-05-22;Assens;77;420
2021-05-22;Faaborg-Midtfyn;76;430
2021-05-22;Kerteminde;36;440
2021-05-22;Nyborg;40;450
2021-05-22;Odense;362;461
2021-05-22;Svendborg;80;479
2021-05-22;Nordfyn;49;480
2021-05-22;Langeland;13;482
2021-05-22;Ærø;2;492
2021-05-22;Haderslev;156;510
2021-05-22;Billund;91;530
2021-05-22;Sønderborg;118;540
2021-05-22;Tønder;97;550
2021-05-22;Esbjerg;649;561
2021-05-22;Fanø;14;563
2021-05-22;Varde;313;573
2021-05-22;Vejen;163;575
2021-05-22;Aabenraa;241;580
2021-05-22;Fredericia;86;607
2021-05-22;Horsens;25;615
2021-05-22;Kolding;336;621
2021-05-22;Vejle;322;630
2021-05-22;Herning;9;657
2021-05-22;Struer;3;671
2021-05-22;Syddjurs;1;706
2021-05-22;Norddjurs;3;707
2021-05-22;Odder;1;727
2021-05-22;Randers;6;730
2021-05-22;Silkeborg;5;740
2021-05-22;Skanderborg;4;746
2021-05-22;Århus;23;751
2021-05-22;Ikast-Brande;20;756
2021-05-22;Ringkøbing-Skjern;32;760
2021-05-22;Hedensted;59;766
2021-05-22;Morsø;37;773
2021-05-22;Skive;3;779
2021-05-22;Thisted;449;787
2021-05-22;Viborg;5;791
2021-05-22;Brønderslev;286;810
2021-05-22;Frederikshavn;421;813
2021-05-22;Vesthimmerland;3;820
2021-05-22;Rebild;41;840
2021-05-22;Mariagerfjord;15;846
2021-05-22;Jammerbugt;141;849
2021-05-22;Aalborg;211;851
2021-05-22;Hjørring;1052;860
2021-05-23;København;2169;101
2021-05-23;Frederiksberg;528;147
2021-05-23;Ballerup;72;151
2021-05-23;Brøndby;250;153
2021-05-23;Dragør;27;155
2021-05-23;Gentofte;525;157
2021-05-23;Gladsaxe;179;159
2021-05-23;Glostrup;126;161
2021-05-23;Herlev;45;163
2021-05-23;Albertslund;135;165
2021-05-23;Hvidovre;261;167
2021-05-23;Høje Tåstrup;309;169
2021-05-23;Lyngby-Taarbæk;209;173
2021-05-23;Rødovre;131;175
2021-05-23;Ishøj;175;183
2021-05-23;Tårnby;33;185
2021-05-23;Vallensbæk;108;187
2021-05-23;Furesø;174;190
2021-05-23;Allerød;295;201
2021-05-23;Fredensborg;263;210
2021-05-23;Helsingør;155;217
2021-05-23;Hillerød;515;219
2021-05-23;Hørsholm;190;223
2021-05-23;Rudersdal;387;230
2021-05-23;Egedal;112;240
2021-05-23;Frederikssund;338;250
2021-05-23;Greve;229;253
2021-05-23;Køge;378;259
2021-05-23;Halsnæs;271;260
2021-05-23;Roskilde;542;265
2021-05-23;Solrød;145;269
2021-05-23;Gribskov;307;270
2021-05-23;Odsherred;117;306
2021-05-23;Holbæk;314;316
2021-05-23;Faxe;277;320
2021-05-23;Kalundborg;362;326
2021-05-23;Ringsted;203;329
2021-05-23;Slagelse;741;330
2021-05-23;Stevns;207;336
2021-05-23;Sorø;274;340
2021-05-23;Lejre;214;350
2021-05-23;Lolland;292;360
2021-05-23;Næstved;619;370
2021-05-23;Guldborgsund;296;376
2021-05-23;Vordingborg;286;390
2021-05-23;Bornholm;509;400
2021-05-23;Middelfart;77;410
2021-05-23;Assens;84;420
2021-05-23;Faaborg-Midtfyn;223;430
2021-05-23;Kerteminde;68;440
2021-05-23;Nyborg;69;450
2021-05-23;Odense;270;461
2021-05-23;Svendborg;465;479
2021-05-23;Nordfyn;61;480
2021-05-23;Langeland;84;482
2021-05-23;Ærø;5;492
2021-05-23;Haderslev;184;510
2021-05-23;Billund;130;530
2021-05-23;Sønderborg;95;540
2021-05-23;Tønder;73;550
2021-05-23;Esbjerg;874;561
2021-05-23;Fanø;19;563
2021-05-23;Varde;379;573
2021-05-23;Vejen;167;575
2021-05-23;Aabenraa;247;580
2021-05-23;Fredericia;133;607
2021-05-23;Horsens;11;615
2021-05-23;Kolding;336;621
2021-05-23;Vejle;294;630
2021-05-23;Herning;56;657
2021-05-23;Holstebro;59;661
2021-05-23;Lemvig;18;665
2021-05-23;Struer;26;671
2021-05-23;Syddjurs;28;706
2021-05-23;Norddjurs;55;707
2021-05-23;Favrskov;66;710
2021-05-23;Randers;394;730
2021-05-23;Silkeborg;8;740
2021-05-23;Skanderborg;4;746
2021-05-23;Århus;19;751
2021-05-23;Ikast-Brande;8;756
2021-05-23;Ringkøbing-Skjern;271;760
2021-05-23;Hedensted;14;766
2021-05-23;Skive;7;779
2021-05-23;Thisted;3;787
2021-05-23;Viborg;132;791
2021-05-23;Brønderslev;39;810
2021-05-23;Frederikshavn;48;813
2021-05-23;Vesthimmerland;14;820
2021-05-23;Læsø;2;825
2021-05-23;Rebild;29;840
2021-05-23;Mariagerfjord;260;846
2021-05-23;Jammerbugt;21;849
2021-05-23;Aalborg;1444;851
2021-05-23;Hjørring;883;860
2021-05-24;København;889;101
2021-05-24;Frederiksberg;188;147
2021-05-24;Ballerup;449;151
2021-05-24;Brøndby;231;153
2021-05-24;Dragør;17;155
2021-05-24;Gentofte;332;157
2021-05-24;Gladsaxe;463;159
2021-05-24;Glostrup;193;161
2021-05-24;Herlev;246;163
2021-05-24;Albertslund;224;165
2021-05-24;Hvidovre;260;167
2021-05-24;Høje Tåstrup;368;169
2021-05-24;Lyngby-Taarbæk;278;173
2021-05-24;Rødovre;250;175
2021-05-24;Ishøj;162;183
2021-05-24;Tårnby;20;185
2021-05-24;Vallensbæk;126;187
2021-05-24;Furesø;300;190
2021-05-24;Allerød;44;201
2021-05-24;Fredensborg;308;210
2021-05-24;Helsingør;878;217
2021-05-24;Hillerød;44;219
2021-05-24;Hørsholm;116;223
2021-05-24;Rudersdal;149;230
2021-05-24;Egedal;438;240
2021-05-24;Frederikssund;174;250
2021-05-24;Greve;338;253
2021-05-24;Køge;471;259
2021-05-24;Halsnæs;17;260
2021-05-24;Roskilde;553;265
2021-05-24;Solrød;138;269
2021-05-24;Gribskov;73;270
2021-05-24;Odsherred;205;306
2021-05-24;Holbæk;476;316
2021-05-24;Faxe;390;320
2021-05-24;Kalundborg;622;326
2021-05-24;Ringsted;270;329
2021-05-24;Slagelse;569;330
2021-05-24;Stevns;274;336
2021-05-24;Sorø;307;340
2021-05-24;Lejre;298;350
2021-05-24;Lolland;301;360
2021-05-24;Næstved;494;370
2021-05-24;Guldborgsund;352;376
2021-05-24;Vordingborg;316;390
2021-05-24;Bornholm;2;400
2021-05-24;Middelfart;183;410
2021-05-24;Assens;257;420
2021-05-24;Faaborg-Midtfyn;542;430
2021-05-24;Kerteminde;139;440
2021-05-24;Nyborg;139;450
2021-05-24;Odense;661;461
2021-05-24;Svendborg;485;479
2021-05-24;Nordfyn;142;480
2021-05-24;Langeland;66;482
2021-05-24;Ærø;2;492
2021-05-24;Haderslev;72;510
2021-05-24;Billund;89;530
2021-05-24;Sønderborg;509;540
2021-05-24;Tønder;195;550
2021-05-24;Esbjerg;1064;561
2021-05-24;Fanø;16;563
2021-05-24;Varde;433;573
2021-05-24;Vejen;185;575
2021-05-24;Aabenraa;99;580
2021-05-24;Fredericia;171;607
2021-05-24;Horsens;81;615
2021-05-24;Kolding;345;621
2021-05-24;Vejle;257;630
2021-05-24;Herning;106;657
2021-05-24;Holstebro;59;661
2021-05-24;Lemvig;6;665
2021-05-24;Struer;12;671
2021-05-24;Syddjurs;2;706
2021-05-24;Norddjurs;4;707
2021-05-24;Favrskov;43;710
2021-05-24;Odder;2;727
2021-05-24;Randers;38;730
2021-05-24;Silkeborg;680;740
2021-05-24;Skanderborg;67;746
2021-05-24;Århus;52;751
2021-05-24;Ikast-Brande;68;756
2021-05-24;Ringkøbing-Skjern;94;760
2021-05-24;Hedensted;122;766
2021-05-24;Morsø;47;773
2021-05-24;Skive;440;779
2021-05-24;Thisted;466;787
2021-05-24;Viborg;375;791
2021-05-24;Brønderslev;10;810
2021-05-24;Frederikshavn;4;813
2021-05-24;Vesthimmerland;16;820
2021-05-24;Rebild;523;840
2021-05-24;Mariagerfjord;178;846
2021-05-24;Jammerbugt;25;849
2021-05-24;Aalborg;227;851
2021-05-24;Hjørring;15;860
2021-05-25;København;2607;101
2021-05-25;Frederiksberg;386;147
2021-05-25;Ballerup;570;151
2021-05-25;Brøndby;209;153
2021-05-25;Dragør;189;155
2021-05-25;Gentofte;568;157
2021-05-25;Gladsaxe;509;159
2021-05-25;Glostrup;166;161
2021-05-25;Herlev;227;163
2021-05-25;Albertslund;185;165
2021-05-25;Hvidovre;337;167
2021-05-25;Høje Tåstrup;379;169
2021-05-25;Lyngby-Taarbæk;613;173
2021-05-25;Rødovre;275;175
2021-05-25;Ishøj;156;183
2021-05-25;Tårnby;472;185
2021-05-25;Vallensbæk;104;187
2021-05-25;Furesø;463;190
2021-05-25;Allerød;299;201
2021-05-25;Fredensborg;540;210
2021-05-25;Helsingør;976;217
2021-05-25;Hillerød;519;219
2021-05-25;Hørsholm;367;223
2021-05-25;Rudersdal;891;230
2021-05-25;Egedal;526;240
2021-05-25;Frederikssund;312;250
2021-05-25;Greve;455;253
2021-05-25;Køge;454;259
2021-05-25;Halsnæs;263;260
2021-05-25;Roskilde;611;265
2021-05-25;Solrød;209;269
2021-05-25;Gribskov;403;270
2021-05-25;Odsherred;421;306
2021-05-25;Holbæk;546;316
2021-05-25;Faxe;368;320
2021-05-25;Kalundborg;580;326
2021-05-25;Ringsted;329;329
2021-05-25;Slagelse;539;330
2021-05-25;Stevns;264;336
2021-05-25;Sorø;261;340
2021-05-25;Lejre;217;350
2021-05-25;Lolland;482;360
2021-05-25;Næstved;590;370
2021-05-25;Guldborgsund;480;376
2021-05-25;Vordingborg;465;390
2021-05-25;Bornholm;390;400
2021-05-25;Middelfart;84;410
2021-05-25;Assens;304;420
2021-05-25;Faaborg-Midtfyn;325;430
2021-05-25;Kerteminde;382;440
2021-05-25;Nyborg;396;450
2021-05-25;Odense;1037;461
2021-05-25;Svendborg;534;479
2021-05-25;Nordfyn;193;480
2021-05-25;Langeland;87;482
2021-05-25;Ærø;3;492
2021-05-25;Haderslev;491;510
2021-05-25;Billund;44;530
2021-05-25;Sønderborg;165;540
2021-05-25;Tønder;134;550
2021-05-25;Esbjerg;858;561
2021-05-25;Fanø;2;563
2021-05-25;Varde;43;573
2021-05-25;Vejen;103;575
2021-05-25;Aabenraa;151;580
2021-05-25;Fredericia;44;607
2021-05-25;Horsens;937;615
2021-05-25;Kolding;81;621
2021-05-25;Vejle;505;630
2021-05-25;Herning;1069;657
2021-05-25;Holstebro;1039;661
2021-05-25;Lemvig;312;665
2021-05-25;Struer;243;671
2021-05-25;Syddjurs;388;706
2021-05-25;Norddjurs;521;707
2021-05-25;Favrskov;483;710
2021-05-25;Odder;196;727
2021-05-25;Randers;982;730
2021-05-25;Silkeborg;1078;740
2021-05-25;Samsø;2;741
2021-05-25;Skanderborg;512;746
2021-05-25;Århus;2786;751
2021-05-25;Ikast-Brande;203;756
2021-05-25;Ringkøbing-Skjern;959;760
2021-05-25;Hedensted;447;766
2021-05-25;Morsø;42;773
2021-05-25;Skive;529;779
2021-05-25;Thisted;35;787
2021-05-25;Viborg;726;791
2021-05-25;Brønderslev;693;810
2021-05-25;Frederikshavn;28;813
2021-05-25;Vesthimmerland;25;820
2021-05-25;Læsø;3;825
2021-05-25;Rebild;61;840
2021-05-25;Mariagerfjord;479;846
2021-05-25;Jammerbugt;128;849
2021-05-25;Aalborg;1281;851
2021-05-25;Hjørring;117;860
2021-05-26;København;4715;101
2021-05-26;Frederiksberg;906;147
2021-05-26;Ballerup;474;151
2021-05-26;Brøndby;230;153
2021-05-26;Dragør;199;155
2021-05-26;Gentofte;903;157
2021-05-26;Gladsaxe;663;159
2021-05-26;Glostrup;164;161
2021-05-26;Herlev;258;163
2021-05-26;Albertslund;181;165
2021-05-26;Hvidovre;446;167
2021-05-26;Høje Tåstrup;342;169
2021-05-26;Lyngby-Taarbæk;679;173
2021-05-26;Rødovre;342;175
2021-05-26;Ishøj;129;183
2021-05-26;Tårnby;495;185
2021-05-26;Vallensbæk;119;187
2021-05-26;Furesø;447;190
2021-05-26;Allerød;318;201
2021-05-26;Fredensborg;209;210
2021-05-26;Helsingør;101;217
2021-05-26;Hillerød;483;219
2021-05-26;Hørsholm;242;223
2021-05-26;Rudersdal;758;230
2021-05-26;Egedal;538;240
2021-05-26;Frederikssund;378;250
2021-05-26;Greve;438;253
2021-05-26;Køge;413;259
2021-05-26;Halsnæs;269;260
2021-05-26;Roskilde;604;265
2021-05-26;Solrød;230;269
2021-05-26;Gribskov;360;270
2021-05-26;Odsherred;191;306
2021-05-26;Holbæk;535;316
2021-05-26;Faxe;423;320
2021-05-26;Kalundborg;351;326
2021-05-26;Ringsted;237;329
2021-05-26;Slagelse;230;330
2021-05-26;Stevns;265;336
2021-05-26;Sorø;194;340
2021-05-26;Lejre;233;350
2021-05-26;Lolland;487;360
2021-05-26;Næstved;496;370
2021-05-26;Guldborgsund;526;376
2021-05-26;Vordingborg;526;390
2021-05-26;Bornholm;407;400
2021-05-26;Middelfart;440;410
2021-05-26;Assens;467;420
2021-05-26;Faaborg-Midtfyn;235;430
2021-05-26;Kerteminde;178;440
2021-05-26;Nyborg;141;450
2021-05-26;Odense;928;461
2021-05-26;Svendborg;249;479
2021-05-26;Nordfyn;338;480
2021-05-26;Langeland;36;482
2021-05-26;Ærø;2;492
2021-05-26;Haderslev;232;510
2021-05-26;Billund;82;530
2021-05-26;Sønderborg;13;540
2021-05-26;Tønder;389;550
2021-05-26;Esbjerg;892;561
2021-05-26;Fanø;32;563
2021-05-26;Varde;407;573
2021-05-26;Vejen;230;575
2021-05-26;Aabenraa;282;580
2021-05-26;Fredericia;246;607
2021-05-26;Horsens;1084;615
2021-05-26;Kolding;464;621
2021-05-26;Vejle;547;630
2021-05-26;Herning;1073;657
2021-05-26;Holstebro;719;661
2021-05-26;Lemvig;716;665
2021-05-26;Struer;149;671
2021-05-26;Syddjurs;493;706
2021-05-26;Norddjurs;456;707
2021-05-26;Favrskov;497;710
2021-05-26;Odder;242;727
2021-05-26;Randers;972;730
2021-05-26;Silkeborg;1295;740
2021-05-26;Samsø;243;741
2021-05-26;Skanderborg;574;746
2021-05-26;Århus;2671;751
2021-05-26;Ikast-Brande;724;756
2021-05-26;Ringkøbing-Skjern;1003;760
2021-05-26;Hedensted;516;766
2021-05-26;Morsø;58;773
2021-05-26;Skive;491;779
2021-05-26;Thisted;780;787
2021-05-26;Viborg;797;791
2021-05-26;Brønderslev;15;810
2021-05-26;Frederikshavn;13;813
2021-05-26;Vesthimmerland;50;820
2021-05-26;Læsø;2;825
2021-05-26;Rebild;22;840
2021-05-26;Mariagerfjord;24;846
2021-05-26;Jammerbugt;934;849
2021-05-26;Aalborg;1769;851
2021-05-26;Hjørring;36;860
2021-05-27;København;5122;101
2021-05-27;Frederiksberg;935;147
2021-05-27;Ballerup;476;151
2021-05-27;Brøndby;187;153
2021-05-27;Dragør;176;155
2021-05-27;Gentofte;888;157
2021-05-27;Gladsaxe;617;159
2021-05-27;Glostrup;161;161
2021-05-27;Herlev;238;163
2021-05-27;Albertslund;163;165
2021-05-27;Hvidovre;418;167
2021-05-27;Høje Tåstrup;261;169
2021-05-27;Lyngby-Taarbæk;527;173
2021-05-27;Rødovre;316;175
2021-05-27;Ishøj;119;183
2021-05-27;Tårnby;480;185
2021-05-27;Vallensbæk;87;187
2021-05-27;Furesø;382;190
2021-05-27;Allerød;237;201
2021-05-27;Fredensborg;558;210
2021-05-27;Helsingør;1165;217
2021-05-27;Hillerød;429;219
2021-05-27;Hørsholm;283;223
2021-05-27;Rudersdal;561;230
2021-05-27;Egedal;503;240
2021-05-27;Frederikssund;703;250
2021-05-27;Greve;373;253
2021-05-27;Køge;289;259
2021-05-27;Halsnæs;363;260
2021-05-27;Roskilde;798;265
2021-05-27;Solrød;227;269
2021-05-27;Gribskov;416;270
2021-05-27;Odsherred;179;306
2021-05-27;Holbæk;760;316
2021-05-27;Faxe;253;320
2021-05-27;Kalundborg;150;326
2021-05-27;Ringsted;300;329
2021-05-27;Slagelse;466;330
2021-05-27;Stevns;124;336
2021-05-27;Sorø;176;340
2021-05-27;Lejre;217;350
2021-05-27;Lolland;417;360
2021-05-27;Næstved;480;370
2021-05-27;Guldborgsund;670;376
2021-05-27;Vordingborg;340;390
2021-05-27;Bornholm;449;400
2021-05-27;Middelfart;287;410
2021-05-27;Assens;339;420
2021-05-27;Faaborg-Midtfyn;474;430
2021-05-27;Kerteminde;200;440
2021-05-27;Nyborg;468;450
2021-05-27;Odense;1407;461
2021-05-27;Svendborg;430;479
2021-05-27;Nordfyn;253;480
2021-05-27;Langeland;75;482
2021-05-27;Ærø;6;492
2021-05-27;Haderslev;408;510
2021-05-27;Billund;397;530
2021-05-27;Sønderborg;251;540
2021-05-27;Tønder;54;550
2021-05-27;Esbjerg;795;561
2021-05-27;Fanø;29;563
2021-05-27;Varde;411;573
2021-05-27;Vejen;289;575
2021-05-27;Aabenraa;147;580
2021-05-27;Fredericia;347;607
2021-05-27;Horsens;704;615
2021-05-27;Kolding;789;621
2021-05-27;Vejle;1202;630
2021-05-27;Herning;1038;657
2021-05-27;Holstebro;741;661
2021-05-27;Lemvig;105;665
2021-05-27;Struer;599;671
2021-05-27;Syddjurs;673;706
2021-05-27;Norddjurs;387;707
2021-05-27;Favrskov;448;710
2021-05-27;Odder;260;727
2021-05-27;Randers;985;730
2021-05-27;Silkeborg;1428;740
2021-05-27;Samsø;5;741
2021-05-27;Skanderborg;626;746
2021-05-27;Århus;2975;751
2021-05-27;Ikast-Brande;688;756
2021-05-27;Ringkøbing-Skjern;905;760
2021-05-27;Hedensted;466;766
2021-05-27;Morsø;827;773
2021-05-27;Skive;711;779
2021-05-27;Thisted;436;787
2021-05-27;Viborg;1061;791
2021-05-27;Brønderslev;104;810
2021-05-27;Frederikshavn;35;813
2021-05-27;Vesthimmerland;41;820
2021-05-27;Rebild;91;840
2021-05-27;Mariagerfjord;81;846
2021-05-27;Jammerbugt;132;849
2021-05-27;Aalborg;219;851
2021-05-27;Hjørring;40;860
2021-05-28;København;3233;101
2021-05-28;Frederiksberg;564;147
2021-05-28;Ballerup;325;151
2021-05-28;Brøndby;172;153
2021-05-28;Dragør;107;155
2021-05-28;Gentofte;524;157
2021-05-28;Gladsaxe;411;159
2021-05-28;Glostrup;131;161
2021-05-28;Herlev;169;163
2021-05-28;Albertslund;163;165
2021-05-28;Hvidovre;257;167
2021-05-28;Høje Tåstrup;269;169
2021-05-28;Lyngby-Taarbæk;315;173
2021-05-28;Rødovre;244;175
2021-05-28;Ishøj;99;183
2021-05-28;Tårnby;303;185
2021-05-28;Vallensbæk;97;187
2021-05-28;Furesø;268;190
2021-05-28;Allerød;160;201
2021-05-28;Fredensborg;189;210
2021-05-28;Helsingør;118;217
2021-05-28;Hillerød;307;219
2021-05-28;Hørsholm;142;223
2021-05-28;Rudersdal;332;230
2021-05-28;Egedal;334;240
2021-05-28;Frederikssund;302;250
2021-05-28;Greve;217;253
2021-05-28;Køge;393;259
2021-05-28;Halsnæs;188;260
2021-05-28;Roskilde;509;265
2021-05-28;Solrød;168;269
2021-05-28;Gribskov;244;270
2021-05-28;Odsherred;334;306
2021-05-28;Holbæk;667;316
2021-05-28;Faxe;323;320
2021-05-28;Kalundborg;286;326
2021-05-28;Ringsted;298;329
2021-05-28;Slagelse;472;330
2021-05-28;Stevns;131;336
2021-05-28;Sorø;259;340
2021-05-28;Lejre;188;350
2021-05-28;Lolland;456;360
2021-05-28;Næstved;578;370
2021-05-28;Guldborgsund;549;376
2021-05-28;Vordingborg;360;390
2021-05-28;Bornholm;445;400
2021-05-28;Middelfart;300;410
2021-05-28;Assens;214;420
2021-05-28;Faaborg-Midtfyn;362;430
2021-05-28;Kerteminde;136;440
2021-05-28;Nyborg;156;450
2021-05-28;Odense;1551;461
2021-05-28;Svendborg;441;479
2021-05-28;Nordfyn;167;480
2021-05-28;Langeland;285;482
2021-05-28;Ærø;414;492
2021-05-28;Haderslev;257;510
2021-05-28;Billund;183;530
2021-05-28;Sønderborg;165;540
2021-05-28;Tønder;155;550
2021-05-28;Esbjerg;1174;561
2021-05-28;Fanø;42;563
2021-05-28;Varde;493;573
2021-05-28;Vejen;306;575
2021-05-28;Aabenraa;438;580
2021-05-28;Fredericia;817;607
2021-05-28;Horsens;756;615
2021-05-28;Kolding;531;621
2021-05-28;Vejle;651;630
2021-05-28;Herning;1020;657
2021-05-28;Holstebro;234;661
2021-05-28;Lemvig;22;665
2021-05-28;Struer;42;671
2021-05-28;Syddjurs;482;706
2021-05-28;Norddjurs;505;707
2021-05-28;Favrskov;466;710
2021-05-28;Odder;326;727
2021-05-28;Randers;752;730
2021-05-28;Silkeborg;810;740
2021-05-28;Samsø;3;741
2021-05-28;Skanderborg;658;746
2021-05-28;Århus;3437;751
2021-05-28;Ikast-Brande;194;756
2021-05-28;Ringkøbing-Skjern;163;760
2021-05-28;Hedensted;476;766
2021-05-28;Morsø;17;773
2021-05-28;Skive;365;779
2021-05-28;Thisted;11;787
2021-05-28;Viborg;911;791
2021-05-28;Brønderslev;27;810
2021-05-28;Frederikshavn;585;813
2021-05-28;Vesthimmerland;570;820
2021-05-28;Rebild;195;840
2021-05-28;Mariagerfjord;113;846
2021-05-28;Jammerbugt;112;849
2021-05-28;Aalborg;1845;851
2021-05-28;Hjørring;63;860
2021-05-29;København;3232;101
2021-05-29;Frederiksberg;626;147
2021-05-29;Ballerup;304;151
2021-05-29;Brøndby;154;153
2021-05-29;Dragør;98;155
2021-05-29;Gentofte;602;157
2021-05-29;Gladsaxe;438;159
2021-05-29;Glostrup;115;161
2021-05-29;Herlev;178;163
2021-05-29;Albertslund;111;165
2021-05-29;Hvidovre;313;167
2021-05-29;Høje Tåstrup;233;169
2021-05-29;Lyngby-Taarbæk;375;173
2021-05-29;Rødovre;256;175
2021-05-29;Ishøj;81;183
2021-05-29;Tårnby;279;185
2021-05-29;Vallensbæk;64;187
2021-05-29;Furesø;280;190
2021-05-29;Allerød;200;201
2021-05-29;Fredensborg;177;210
2021-05-29;Helsingør;194;217
2021-05-29;Hillerød;463;219
2021-05-29;Hørsholm;151;223
2021-05-29;Rudersdal;322;230
2021-05-29;Egedal;322;240
2021-05-29;Frederikssund;352;250
2021-05-29;Greve;183;253
2021-05-29;Køge;366;259
2021-05-29;Halsnæs;206;260
2021-05-29;Roskilde;683;265
2021-05-29;Solrød;123;269
2021-05-29;Gribskov;301;270
2021-05-29;Odsherred;174;306
2021-05-29;Holbæk;356;316
2021-05-29;Faxe;228;320
2021-05-29;Kalundborg;293;326
2021-05-29;Ringsted;175;329
2021-05-29;Slagelse;486;330
2021-05-29;Stevns;158;336
2021-05-29;Sorø;187;340
2021-05-29;Lejre;208;350
2021-05-29;Lolland;312;360
2021-05-29;Næstved;553;370
2021-05-29;Guldborgsund;455;376
2021-05-29;Vordingborg;493;390
2021-05-29;Bornholm;453;400
2021-05-29;Middelfart;139;410
2021-05-29;Assens;259;420
2021-05-29;Faaborg-Midtfyn;339;430
2021-05-29;Kerteminde;104;440
2021-05-29;Nyborg;148;450
2021-05-29;Odense;743;461
2021-05-29;Svendborg;437;479
2021-05-29;Nordfyn;101;480
2021-05-29;Langeland;51;482
2021-05-29;Ærø;4;492
2021-05-29;Haderslev;216;510
2021-05-29;Billund;200;530
2021-05-29;Sønderborg;668;540
2021-05-29;Tønder;154;550
2021-05-29;Esbjerg;809;561
2021-05-29;Fanø;19;563
2021-05-29;Varde;423;573
2021-05-29;Vejen;200;575
2021-05-29;Aabenraa;537;580
2021-05-29;Fredericia;251;607
2021-05-29;Horsens;17;615
2021-05-29;Kolding;315;621
2021-05-29;Vejle;909;630
2021-05-29;Herning;8;657
2021-05-29;Holstebro;2;661
2021-05-29;Lemvig;1;665
2021-05-29;Struer;1;671
2021-05-29;Syddjurs;12;706
2021-05-29;Norddjurs;28;707
2021-05-29;Favrskov;82;710
2021-05-29;Odder;2;727
2021-05-29;Randers;351;730
2021-05-29;Silkeborg;11;740
2021-05-29;Samsø;2;741
2021-05-29;Skanderborg;8;746
2021-05-29;Århus;43;751
2021-05-29;Ikast-Brande;28;756
2021-05-29;Ringkøbing-Skjern;94;760
2021-05-29;Hedensted;54;766
2021-05-29;Morsø;4;773
2021-05-29;Skive;28;779
2021-05-29;Thisted;12;787
2021-05-29;Viborg;279;791
2021-05-29;Brønderslev;339;810
2021-05-29;Frederikshavn;1359;813
2021-05-29;Vesthimmerland;497;820
2021-05-29;Læsø;1;825
2021-05-29;Rebild;254;840
2021-05-29;Mariagerfjord;285;846
2021-05-29;Jammerbugt;201;849
2021-05-29;Aalborg;1649;851
2021-05-29;Hjørring;812;860
2021-05-30;København;1761;101
2021-05-30;Frederiksberg;377;147
2021-05-30;Ballerup;340;151
2021-05-30;Brøndby;84;153
2021-05-30;Dragør;11;155
2021-05-30;Gentofte;327;157
2021-05-30;Gladsaxe;420;159
2021-05-30;Glostrup;90;161
2021-05-30;Herlev;183;163
2021-05-30;Albertslund;105;165
2021-05-30;Hvidovre;118;167
2021-05-30;Høje Tåstrup;149;169
2021-05-30;Lyngby-Taarbæk;271;173
2021-05-30;Rødovre;191;175
2021-05-30;Ishøj;36;183
2021-05-30;Tårnby;17;185
2021-05-30;Vallensbæk;39;187
2021-05-30;Furesø;252;190
2021-05-30;Allerød;128;201
2021-05-30;Fredensborg;117;210
2021-05-30;Helsingør;49;217
2021-05-30;Hillerød;315;219
2021-05-30;Hørsholm;72;223
2021-05-30;Rudersdal;161;230
2021-05-30;Egedal;307;240
2021-05-30;Frederikssund;306;250
2021-05-30;Greve;194;253
2021-05-30;Køge;329;259
2021-05-30;Halsnæs;151;260
2021-05-30;Roskilde;655;265
2021-05-30;Solrød;109;269
2021-05-30;Gribskov;216;270
2021-05-30;Odsherred;186;306
2021-05-30;Holbæk;286;316
2021-05-30;Faxe;169;320
2021-05-30;Kalundborg;299;326
2021-05-30;Ringsted;164;329
2021-05-30;Slagelse;425;330
2021-05-30;Stevns;91;336
2021-05-30;Sorø;162;340
2021-05-30;Lejre;214;350
2021-05-30;Lolland;190;360
2021-05-30;Næstved;676;370
2021-05-30;Guldborgsund;280;376
2021-05-30;Vordingborg;289;390
2021-05-30;Bornholm;466;400
2021-05-30;Middelfart;502;410
2021-05-30;Assens;253;420
2021-05-30;Faaborg-Midtfyn;347;430
2021-05-30;Kerteminde;103;440
2021-05-30;Nyborg;153;450
2021-05-30;Odense;823;461
2021-05-30;Svendborg;409;479
2021-05-30;Nordfyn;149;480
2021-05-30;Langeland;53;482
2021-05-30;Ærø;2;492
2021-05-30;Haderslev;200;510
2021-05-30;Billund;148;530
2021-05-30;Sønderborg;690;540
2021-05-30;Tønder;140;550
2021-05-30;Esbjerg;590;561
2021-05-30;Fanø;21;563
2021-05-30;Varde;267;573
2021-05-30;Vejen;178;575
2021-05-30;Aabenraa;554;580
2021-05-30;Fredericia;492;607
2021-05-30;Horsens;17;615
2021-05-30;Kolding;434;621
2021-05-30;Vejle;398;630
2021-05-30;Herning;16;657
2021-05-30;Holstebro;9;661
2021-05-30;Lemvig;3;665
2021-05-30;Struer;10;671
2021-05-30;Syddjurs;3;706
2021-05-30;Favrskov;5;710
2021-05-30;Odder;1;727
2021-05-30;Randers;13;730
2021-05-30;Silkeborg;9;740
2021-05-30;Samsø;1;741
2021-05-30;Skanderborg;6;746
2021-05-30;Århus;48;751
2021-05-30;Ikast-Brande;11;756
2021-05-30;Ringkøbing-Skjern;138;760
2021-05-30;Hedensted;47;766
2021-05-30;Morsø;165;773
2021-05-30;Skive;125;779
2021-05-30;Thisted;693;787
2021-05-30;Viborg;98;791
2021-05-30;Brønderslev;439;810
2021-05-30;Frederikshavn;1286;813
2021-05-30;Vesthimmerland;586;820
2021-05-30;Rebild;332;840
2021-05-30;Mariagerfjord;91;846
2021-05-30;Jammerbugt;447;849
2021-05-30;Aalborg;1679;851
2021-05-30;Hjørring;854;860
2021-05-31;København;2722;101
2021-05-31;Frederiksberg;487;147
2021-05-31;Ballerup;176;151
2021-05-31;Brøndby;116;153
2021-05-31;Dragør;94;155
2021-05-31;Gentofte;374;157
2021-05-31;Gladsaxe;276;159
2021-05-31;Glostrup;85;161
2021-05-31;Herlev;94;163
2021-05-31;Albertslund;95;165
2021-05-31;Hvidovre;200;167
2021-05-31;Høje Tåstrup;163;169
2021-05-31;Lyngby-Taarbæk;231;173
2021-05-31;Rødovre;158;175
2021-05-31;Ishøj;70;183
2021-05-31;Tårnby;197;185
2021-05-31;Vallensbæk;66;187
2021-05-31;Furesø;129;190
2021-05-31;Allerød;108;201
2021-05-31;Fredensborg;234;210
2021-05-31;Helsingør;511;217
2021-05-31;Hillerød;245;219
2021-05-31;Hørsholm;101;223
2021-05-31;Rudersdal;165;230
2021-05-31;Egedal;175;240
2021-05-31;Frederikssund;174;250
2021-05-31;Greve;242;253
2021-05-31;Køge;391;259
2021-05-31;Halsnæs;125;260
2021-05-31;Roskilde;618;265
2021-05-31;Solrød;86;269
2021-05-31;Gribskov;210;270
2021-05-31;Odsherred;247;306
2021-05-31;Holbæk;516;316
2021-05-31;Faxe;139;320
2021-05-31;Kalundborg;355;326
2021-05-31;Ringsted;173;329
2021-05-31;Slagelse;584;330
2021-05-31;Stevns;163;336
2021-05-31;Sorø;128;340
2021-05-31;Lejre;159;350
2021-05-31;Lolland;211;360
2021-05-31;Næstved;495;370
2021-05-31;Guldborgsund;612;376
2021-05-31;Vordingborg;215;390
2021-05-31;Bornholm;446;400
2021-05-31;Middelfart;269;410
2021-05-31;Assens;411;420
2021-05-31;Faaborg-Midtfyn;670;430
2021-05-31;Kerteminde;229;440
2021-05-31;Nyborg;235;450
2021-05-31;Odense;1594;461
2021-05-31;Svendborg;412;479
2021-05-31;Nordfyn;242;480
2021-05-31;Langeland;69;482
2021-05-31;Ærø;4;492
2021-05-31;Haderslev;219;510
2021-05-31;Billund;214;530
2021-05-31;Sønderborg;385;540
2021-05-31;Tønder;555;550
2021-05-31;Esbjerg;900;561
2021-05-31;Fanø;21;563
2021-05-31;Varde;427;573
2021-05-31;Vejen;264;575
2021-05-31;Aabenraa;467;580
2021-05-31;Fredericia;423;607
2021-05-31;Horsens;796;615
2021-05-31;Kolding;890;621
2021-05-31;Vejle;641;630
2021-05-31;Herning;352;657
2021-05-31;Holstebro;46;661
2021-05-31;Lemvig;13;665
2021-05-31;Struer;18;671
2021-05-31;Syddjurs;655;706
2021-05-31;Norddjurs;430;707
2021-05-31;Favrskov;434;710
2021-05-31;Odder;153;727
2021-05-31;Randers;1079;730
2021-05-31;Silkeborg;1039;740
2021-05-31;Samsø;4;741
2021-05-31;Skanderborg;468;746
2021-05-31;Århus;1956;751
2021-05-31;Ikast-Brande;531;756
2021-05-31;Ringkøbing-Skjern;100;760
2021-05-31;Hedensted;420;766
2021-05-31;Morsø;275;773
2021-05-31;Skive;296;779
2021-05-31;Thisted;648;787
2021-05-31;Viborg;925;791
2021-05-31;Brønderslev;104;810
2021-05-31;Frederikshavn;10;813
2021-05-31;Vesthimmerland;27;820
2021-05-31;Rebild;164;840
2021-05-31;Mariagerfjord;500;846
2021-05-31;Jammerbugt;247;849
2021-05-31;Aalborg;1309;851
2021-05-31;Hjørring;24;860
2021-06-01;København;2702;101
2021-06-01;Frederiksberg;494;147
2021-06-01;Ballerup;250;151
2021-06-01;Brøndby;133;153
2021-06-01;Dragør;44;155
2021-06-01;Gentofte;515;157
2021-06-01;Gladsaxe;341;159
2021-06-01;Glostrup;113;161
2021-06-01;Herlev;138;163
2021-06-01;Albertslund;117;165
2021-06-01;Hvidovre;230;167
2021-06-01;Høje Tåstrup;250;169
2021-06-01;Lyngby-Taarbæk;482;173
2021-06-01;Rødovre;180;175
2021-06-01;Ishøj;81;183
2021-06-01;Tårnby;161;185
2021-06-01;Vallensbæk;98;187
2021-06-01;Furesø;318;190
2021-06-01;Allerød;258;201
2021-06-01;Fredensborg;324;210
2021-06-01;Helsingør;472;217
2021-06-01;Hillerød;455;219
2021-06-01;Hørsholm;242;223
2021-06-01;Rudersdal;670;230
2021-06-01;Egedal;280;240
2021-06-01;Frederikssund;305;250
2021-06-01;Greve;232;253
2021-06-01;Køge;254;259
2021-06-01;Halsnæs;239;260
2021-06-01;Roskilde;620;265
2021-06-01;Solrød;81;269
2021-06-01;Gribskov;343;270
2021-06-01;Odsherred;253;306
2021-06-01;Holbæk;601;316
2021-06-01;Faxe;135;320
2021-06-01;Kalundborg;297;326
2021-06-01;Ringsted;212;329
2021-06-01;Slagelse;457;330
2021-06-01;Stevns;164;336
2021-06-01;Sorø;81;340
2021-06-01;Lejre;149;350
2021-06-01;Lolland;171;360
2021-06-01;Næstved;428;370
2021-06-01;Guldborgsund;392;376
2021-06-01;Vordingborg;301;390
2021-06-01;Bornholm;163;400
2021-06-01;Middelfart;270;410
2021-06-01;Assens;328;420
2021-06-01;Faaborg-Midtfyn;417;430
2021-06-01;Kerteminde;357;440
2021-06-01;Nyborg;424;450
2021-06-01;Odense;1230;461
2021-06-01;Svendborg;573;479
2021-06-01;Nordfyn;193;480
2021-06-01;Langeland;97;482
2021-06-01;Ærø;6;492
2021-06-01;Haderslev;685;510
2021-06-01;Billund;95;530
2021-06-01;Sønderborg;454;540
2021-06-01;Tønder;177;550
2021-06-01;Esbjerg;1012;561
2021-06-01;Fanø;4;563
2021-06-01;Varde;41;573
2021-06-01;Vejen;226;575
2021-06-01;Aabenraa;520;580
2021-06-01;Fredericia;343;607
2021-06-01;Horsens;852;615
2021-06-01;Kolding;561;621
2021-06-01;Vejle;624;630
2021-06-01;Herning;1117;657
2021-06-01;Holstebro;822;661
2021-06-01;Lemvig;529;665
2021-06-01;Struer;110;671
2021-06-01;Syddjurs;554;706
2021-06-01;Norddjurs;593;707
2021-06-01;Favrskov;529;710
2021-06-01;Odder;157;727
2021-06-01;Randers;952;730
2021-06-01;Silkeborg;663;740
2021-06-01;Samsø;2;741
2021-06-01;Skanderborg;559;746
2021-06-01;Århus;2475;751
2021-06-01;Ikast-Brande;209;756
2021-06-01;Ringkøbing-Skjern;869;760
2021-06-01;Hedensted;447;766
2021-06-01;Morsø;47;773
2021-06-01;Skive;316;779
2021-06-01;Thisted;72;787
2021-06-01;Viborg;780;791
2021-06-01;Brønderslev;226;810
2021-06-01;Frederikshavn;36;813
2021-06-01;Vesthimmerland;57;820
2021-06-01;Rebild;186;840
2021-06-01;Mariagerfjord;712;846
2021-06-01;Jammerbugt;181;849
2021-06-01;Aalborg;1200;851
2021-06-01;Hjørring;626;860
2021-06-02;København;2502;101
2021-06-02;Frederiksberg;509;147
2021-06-02;Ballerup;215;151
2021-06-02;Brøndby;175;153
2021-06-02;Dragør;34;155
2021-06-02;Gentofte;466;157
2021-06-02;Gladsaxe;322;159
2021-06-02;Glostrup;96;161
2021-06-02;Herlev;118;163
2021-06-02;Albertslund;131;165
2021-06-02;Hvidovre;215;167
2021-06-02;Høje Tåstrup;299;169
2021-06-02;Lyngby-Taarbæk;453;173
2021-06-02;Rødovre;178;175
2021-06-02;Ishøj;98;183
2021-06-02;Tårnby;158;185
2021-06-02;Vallensbæk;91;187
2021-06-02;Furesø;303;190
2021-06-02;Allerød;269;201
2021-06-02;Fredensborg;198;210
2021-06-02;Helsingør;128;217
2021-06-02;Hillerød;351;219
2021-06-02;Hørsholm;198;223
2021-06-02;Rudersdal;684;230
2021-06-02;Egedal;378;240
2021-06-02;Frederikssund;353;250
2021-06-02;Greve;294;253
2021-06-02;Køge;258;259
2021-06-02;Halsnæs;155;260
2021-06-02;Roskilde;490;265
2021-06-02;Solrød;133;269
2021-06-02;Gribskov;261;270
2021-06-02;Odsherred;106;306
2021-06-02;Holbæk;501;316
2021-06-02;Faxe;266;320
2021-06-02;Kalundborg;435;326
2021-06-02;Ringsted;208;329
2021-06-02;Slagelse;667;330
2021-06-02;Stevns;124;336
2021-06-02;Sorø;279;340
2021-06-02;Lejre;189;350
2021-06-02;Lolland;321;360
2021-06-02;Næstved;789;370
2021-06-02;Guldborgsund;409;376
2021-06-02;Vordingborg;327;390
2021-06-02;Bornholm;202;400
2021-06-02;Middelfart;384;410
2021-06-02;Assens;628;420
2021-06-02;Faaborg-Midtfyn;505;430
2021-06-02;Kerteminde;177;440
2021-06-02;Nyborg;197;450
2021-06-02;Odense;1216;461
2021-06-02;Svendborg;762;479
2021-06-02;Nordfyn;467;480
2021-06-02;Langeland;104;482
2021-06-02;Ærø;2;492
2021-06-02;Haderslev;254;510
2021-06-02;Billund;99;530
2021-06-02;Sønderborg;303;540
2021-06-02;Tønder;452;550
2021-06-02;Esbjerg;553;561
2021-06-02;Fanø;20;563
2021-06-02;Varde;612;573
2021-06-02;Vejen;177;575
2021-06-02;Aabenraa;360;580
2021-06-02;Fredericia;477;607
2021-06-02;Horsens;838;615
2021-06-02;Kolding;490;621
2021-06-02;Vejle;486;630
2021-06-02;Herning;1264;657
2021-06-02;Holstebro;840;661
2021-06-02;Lemvig;297;665
2021-06-02;Struer;531;671
2021-06-02;Syddjurs;449;706
2021-06-02;Norddjurs;408;707
2021-06-02;Favrskov;418;710
2021-06-02;Odder;185;727
2021-06-02;Randers;980;730
2021-06-02;Silkeborg;926;740
2021-06-02;Samsø;195;741
2021-06-02;Skanderborg;570;746
2021-06-02;Århus;3024;751
2021-06-02;Ikast-Brande;621;756
2021-06-02;Ringkøbing-Skjern;508;760
2021-06-02;Hedensted;524;766
2021-06-02;Morsø;341;773
2021-06-02;Skive;519;779
2021-06-02;Thisted;709;787
2021-06-02;Viborg;1064;791
2021-06-02;Brønderslev;220;810
2021-06-02;Frederikshavn;28;813
2021-06-02;Vesthimmerland;36;820
2021-06-02;Rebild;204;840
2021-06-02;Mariagerfjord;525;846
2021-06-02;Jammerbugt;276;849
2021-06-02;Aalborg;1456;851
2021-06-02;Hjørring;620;860
2021-06-03;København;2408;101
2021-06-03;Frederiksberg;319;147
2021-06-03;Ballerup;112;151
2021-06-03;Brøndby;104;153
2021-06-03;Dragør;100;155
2021-06-03;Gentofte;306;157
2021-06-03;Gladsaxe;209;159
2021-06-03;Glostrup;63;161
2021-06-03;Herlev;58;163
2021-06-03;Albertslund;73;165
2021-06-03;Hvidovre;205;167
2021-06-03;Høje Tåstrup;211;169
2021-06-03;Lyngby-Taarbæk;185;173
2021-06-03;Rødovre;124;175
2021-06-03;Ishøj;57;183
2021-06-03;Tårnby;251;185
2021-06-03;Vallensbæk;62;187
2021-06-03;Furesø;112;190
2021-06-03;Allerød;35;201
2021-06-03;Fredensborg;108;210
2021-06-03;Helsingør;359;217
2021-06-03;Hillerød;54;219
2021-06-03;Hørsholm;70;223
2021-06-03;Rudersdal;122;230
2021-06-03;Egedal;211;240
2021-06-03;Frederikssund;419;250
2021-06-03;Greve;230;253
2021-06-03;Køge;883;259
2021-06-03;Halsnæs;124;260
2021-06-03;Roskilde;670;265
2021-06-03;Solrød;119;269
2021-06-03;Gribskov;55;270
2021-06-03;Odsherred;129;306
2021-06-03;Holbæk;484;316
2021-06-03;Faxe;357;320
2021-06-03;Kalundborg;193;326
2021-06-03;Ringsted;263;329
2021-06-03;Slagelse;426;330
2021-06-03;Stevns;99;336
2021-06-03;Sorø;231;340
2021-06-03;Lejre;229;350
2021-06-03;Lolland;454;360
2021-06-03;Næstved;586;370
2021-06-03;Guldborgsund;582;376
2021-06-03;Vordingborg;453;390
2021-06-03;Bornholm;329;400
2021-06-03;Middelfart;183;410
2021-06-03;Assens;162;420
2021-06-03;Faaborg-Midtfyn;436;430
2021-06-03;Kerteminde;171;440
2021-06-03;Nyborg;405;450
2021-06-03;Odense;1049;461
2021-06-03;Svendborg;318;479
2021-06-03;Nordfyn;149;480
2021-06-03;Langeland;36;482
2021-06-03;Ærø;2;492
2021-06-03;Haderslev;590;510
2021-06-03;Billund;510;530
2021-06-03;Sønderborg;457;540
2021-06-03;Tønder;131;550
2021-06-03;Esbjerg;1134;561
2021-06-03;Fanø;48;563
2021-06-03;Varde;645;573
2021-06-03;Vejen;263;575
2021-06-03;Aabenraa;458;580
2021-06-03;Fredericia;378;607
2021-06-03;Horsens;814;615
2021-06-03;Kolding;526;621
2021-06-03;Vejle;743;630
2021-06-03;Herning;1052;657
2021-06-03;Holstebro;226;661
2021-06-03;Lemvig;32;665
2021-06-03;Struer;222;671
2021-06-03;Syddjurs;271;706
2021-06-03;Norddjurs;167;707
2021-06-03;Favrskov;382;710
2021-06-03;Odder;230;727
2021-06-03;Randers;653;730
2021-06-03;Silkeborg;939;740
2021-06-03;Samsø;1;741
2021-06-03;Skanderborg;642;746
2021-06-03;Århus;2699;751
2021-06-03;Ikast-Brande;449;756
2021-06-03;Ringkøbing-Skjern;366;760
2021-06-03;Hedensted;445;766
2021-06-03;Morsø;49;773
2021-06-03;Skive;438;779
2021-06-03;Thisted;58;787
2021-06-03;Viborg;947;791
2021-06-03;Brønderslev;233;810
2021-06-03;Frederikshavn;1342;813
2021-06-03;Vesthimmerland;562;820
2021-06-03;Rebild;197;840
2021-06-03;Mariagerfjord;90;846
2021-06-03;Jammerbugt;140;849
2021-06-03;Aalborg;379;851
2021-06-03;Hjørring;150;860
2021-06-04;København;5637;101
2021-06-04;Frederiksberg;1018;147
2021-06-04;Ballerup;391;151
2021-06-04;Brøndby;314;153
2021-06-04;Dragør;176;155
2021-06-04;Gentofte;796;157
2021-06-04;Gladsaxe;611;159
2021-06-04;Glostrup;155;161
2021-06-04;Herlev;189;163
2021-06-04;Albertslund;174;165
2021-06-04;Hvidovre;469;167
2021-06-04;Høje Tåstrup;395;169
2021-06-04;Lyngby-Taarbæk;565;173
2021-06-04;Rødovre;323;175
2021-06-04;Ishøj;148;183
2021-06-04;Tårnby;402;185
2021-06-04;Vallensbæk;121;187
2021-06-04;Furesø;384;190
2021-06-04;Allerød;307;201
2021-06-04;Fredensborg;260;210
2021-06-04;Helsingør;200;217
2021-06-04;Hillerød;565;219
2021-06-04;Hørsholm;204;223
2021-06-04;Rudersdal;537;230
2021-06-04;Egedal;437;240
2021-06-04;Frederikssund;358;250
2021-06-04;Greve;337;253
2021-06-04;Køge;454;259
2021-06-04;Halsnæs;245;260
2021-06-04;Roskilde;752;265
2021-06-04;Solrød;285;269
2021-06-04;Gribskov;330;270
2021-06-04;Odsherred;376;306
2021-06-04;Holbæk;609;316
2021-06-04;Faxe;395;320
2021-06-04;Kalundborg;309;326
2021-06-04;Ringsted;401;329
2021-06-04;Slagelse;627;330
2021-06-04;Stevns;130;336
2021-06-04;Sorø;317;340
2021-06-04;Lejre;183;350
2021-06-04;Lolland;296;360
2021-06-04;Næstved;656;370
2021-06-04;Guldborgsund;382;376
2021-06-04;Vordingborg;234;390
2021-06-04;Bornholm;245;400
2021-06-04;Middelfart;76;410
2021-06-04;Assens;223;420
2021-06-04;Faaborg-Midtfyn;372;430
2021-06-04;Kerteminde;165;440
2021-06-04;Nyborg;210;450
2021-06-04;Odense;1253;461
2021-06-04;Svendborg;582;479
2021-06-04;Nordfyn;209;480
2021-06-04;Langeland;371;482
2021-06-04;Ærø;7;492
2021-06-04;Haderslev;187;510
2021-06-04;Billund;172;530
2021-06-04;Sønderborg;749;540
2021-06-04;Tønder;135;550
2021-06-04;Esbjerg;908;561
2021-06-04;Fanø;29;563
2021-06-04;Varde;593;573
2021-06-04;Vejen;525;575
2021-06-04;Aabenraa;370;580
2021-06-04;Fredericia;319;607
2021-06-04;Horsens;523;615
2021-06-04;Kolding;102;621
2021-06-04;Vejle;246;630
2021-06-04;Herning;75;657
2021-06-04;Holstebro;47;661
2021-06-04;Lemvig;3;665
2021-06-04;Struer;15;671
2021-06-04;Syddjurs;281;706
2021-06-04;Norddjurs;206;707
2021-06-04;Favrskov;423;710
2021-06-04;Odder;213;727
2021-06-04;Randers;640;730
2021-06-04;Silkeborg;835;740
2021-06-04;Samsø;6;741
2021-06-04;Skanderborg;581;746
2021-06-04;Århus;3209;751
2021-06-04;Ikast-Brande;76;756
2021-06-04;Ringkøbing-Skjern;116;760
2021-06-04;Hedensted;203;766
2021-06-04;Morsø;37;773
2021-06-04;Skive;379;779
2021-06-04;Thisted;9;787
2021-06-04;Viborg;967;791
2021-06-04;Brønderslev;172;810
2021-06-04;Frederikshavn;30;813
2021-06-04;Vesthimmerland;33;820
2021-06-04;Læsø;4;825
2021-06-04;Rebild;57;840
2021-06-04;Mariagerfjord;281;846
2021-06-04;Jammerbugt;92;849
2021-06-04;Aalborg;811;851
2021-06-04;Hjørring;540;860
2021-06-05;København;5648;101
2021-06-05;Frederiksberg;919;147
2021-06-05;Ballerup;405;151
2021-06-05;Brøndby;239;153
2021-06-05;Dragør;160;155
2021-06-05;Gentofte;780;157
2021-06-05;Gladsaxe;652;159
2021-06-05;Glostrup;189;161
2021-06-05;Herlev;235;163
2021-06-05;Albertslund;220;165
2021-06-05;Hvidovre;416;167
2021-06-05;Høje Tåstrup;382;169
2021-06-05;Lyngby-Taarbæk;605;173
2021-06-05;Rødovre;274;175
2021-06-05;Ishøj;135;183
2021-06-05;Tårnby;365;185
2021-06-05;Vallensbæk;111;187
2021-06-05;Furesø;467;190
2021-06-05;Allerød;227;201
2021-06-05;Fredensborg;219;210
2021-06-05;Helsingør;167;217
2021-06-05;Hillerød;417;219
2021-06-05;Hørsholm;176;223
2021-06-05;Rudersdal;416;230
2021-06-05;Egedal;439;240
2021-06-05;Frederikssund;279;250
2021-06-05;Greve;463;253
2021-06-05;Køge;391;259
2021-06-05;Halsnæs;168;260
2021-06-05;Roskilde;548;265
2021-06-05;Solrød;173;269
2021-06-05;Gribskov;242;270
2021-06-05;Odsherred;173;306
2021-06-05;Holbæk;559;316
2021-06-05;Faxe;288;320
2021-06-05;Kalundborg;316;326
2021-06-05;Ringsted;210;329
2021-06-05;Slagelse;654;330
2021-06-05;Stevns;116;336
2021-06-05;Sorø;282;340
2021-06-05;Lejre;202;350
2021-06-05;Lolland;292;360
2021-06-05;Næstved;864;370
2021-06-05;Guldborgsund;474;376
2021-06-05;Vordingborg;360;390
2021-06-05;Bornholm;459;400
2021-06-05;Middelfart;551;410
2021-06-05;Assens;216;420
2021-06-05;Faaborg-Midtfyn;282;430
2021-06-05;Kerteminde;86;440
2021-06-05;Nyborg;135;450
2021-06-05;Odense;806;461
2021-06-05;Svendborg;444;479
2021-06-05;Nordfyn;138;480
2021-06-05;Langeland;62;482
2021-06-05;Ærø;4;492
2021-06-05;Haderslev;334;510
2021-06-05;Billund;151;530
2021-06-05;Sønderborg;898;540
2021-06-05;Tønder;257;550
2021-06-05;Esbjerg;854;561
2021-06-05;Fanø;14;563
2021-06-05;Varde;502;573
2021-06-05;Vejen;218;575
2021-06-05;Aabenraa;645;580
2021-06-05;Fredericia;320;607
2021-06-05;Horsens;211;615
2021-06-05;Kolding;609;621
2021-06-05;Vejle;406;630
2021-06-05;Herning;37;657
2021-06-05;Holstebro;7;661
2021-06-05;Lemvig;3;665
2021-06-05;Struer;3;671
2021-06-05;Syddjurs;1;706
2021-06-05;Norddjurs;6;707
2021-06-05;Favrskov;10;710
2021-06-05;Odder;19;727
2021-06-05;Randers;42;730
2021-06-05;Silkeborg;40;740
2021-06-05;Skanderborg;54;746
2021-06-05;Århus;220;751
2021-06-05;Ikast-Brande;50;756
2021-06-05;Ringkøbing-Skjern;184;760
2021-06-05;Hedensted;175;766
2021-06-05;Morsø;6;773
2021-06-05;Skive;107;779
2021-06-05;Thisted;11;787
2021-06-05;Viborg;176;791
2021-06-05;Brønderslev;90;810
2021-06-05;Frederikshavn;11;813
2021-06-05;Vesthimmerland;502;820
2021-06-05;Rebild;301;840
2021-06-05;Mariagerfjord;143;846
2021-06-05;Jammerbugt;308;849
2021-06-05;Aalborg;2492;851
2021-06-05;Hjørring;24;860
2021-06-06;København;3129;101
2021-06-06;Frederiksberg;614;147
2021-06-06;Ballerup;286;151
2021-06-06;Brøndby;101;153
2021-06-06;Dragør;66;155
2021-06-06;Gentofte;535;157
2021-06-06;Gladsaxe;404;159
2021-06-06;Glostrup;81;161
2021-06-06;Herlev;161;163
2021-06-06;Albertslund;109;165
2021-06-06;Hvidovre;233;167
2021-06-06;Høje Tåstrup;212;169
2021-06-06;Lyngby-Taarbæk;339;173
2021-06-06;Rødovre;200;175
2021-06-06;Ishøj;79;183
2021-06-06;Tårnby;182;185
2021-06-06;Vallensbæk;73;187
2021-06-06;Furesø;230;190
2021-06-06;Allerød;194;201
2021-06-06;Fredensborg;169;210
2021-06-06;Helsingør;114;217
2021-06-06;Hillerød;332;219
2021-06-06;Hørsholm;134;223
2021-06-06;Rudersdal;284;230
2021-06-06;Egedal;334;240
2021-06-06;Frederikssund;320;250
2021-06-06;Greve;251;253
2021-06-06;Køge;742;259
2021-06-06;Halsnæs;144;260
2021-06-06;Roskilde;967;265
2021-06-06;Solrød;183;269
2021-06-06;Gribskov;195;270
2021-06-06;Odsherred;171;306
2021-06-06;Holbæk;687;316
2021-06-06;Faxe;189;320
2021-06-06;Kalundborg;274;326
2021-06-06;Ringsted;171;329
2021-06-06;Slagelse;435;330
2021-06-06;Stevns;168;336
2021-06-06;Sorø;184;340
2021-06-06;Lejre;214;350
2021-06-06;Lolland;204;360
2021-06-06;Næstved;603;370
2021-06-06;Guldborgsund;451;376
2021-06-06;Vordingborg;157;390
2021-06-06;Bornholm;233;400
2021-06-06;Middelfart;229;410
2021-06-06;Assens;124;420
2021-06-06;Faaborg-Midtfyn;256;430
2021-06-06;Kerteminde;84;440
2021-06-06;Nyborg;158;450
2021-06-06;Odense;637;461
2021-06-06;Svendborg;405;479
2021-06-06;Nordfyn;100;480
2021-06-06;Langeland;73;482
2021-06-06;Ærø;5;492
2021-06-06;Haderslev;355;510
2021-06-06;Billund;147;530
2021-06-06;Sønderborg;914;540
2021-06-06;Tønder;214;550
2021-06-06;Esbjerg;757;561
2021-06-06;Fanø;12;563
2021-06-06;Varde;344;573
2021-06-06;Vejen;272;575
2021-06-06;Aabenraa;672;580
2021-06-06;Fredericia;770;607
2021-06-06;Horsens;119;615
2021-06-06;Kolding;792;621
2021-06-06;Vejle;594;630
2021-06-06;Herning;33;657
2021-06-06;Holstebro;35;661
2021-06-06;Lemvig;28;665
2021-06-06;Struer;56;671
2021-06-06;Syddjurs;11;706
2021-06-06;Norddjurs;3;707
2021-06-06;Favrskov;22;710
2021-06-06;Odder;12;727
2021-06-06;Randers;22;730
2021-06-06;Silkeborg;25;740
2021-06-06;Skanderborg;32;746
2021-06-06;Århus;277;751
2021-06-06;Ikast-Brande;44;756
2021-06-06;Ringkøbing-Skjern;152;760
2021-06-06;Hedensted;97;766
2021-06-06;Morsø;213;773
2021-06-06;Skive;131;779
2021-06-06;Thisted;494;787
2021-06-06;Viborg;28;791
2021-06-06;Brønderslev;559;810
2021-06-06;Frederikshavn;1306;813
2021-06-06;Vesthimmerland;14;820
2021-06-06;Rebild;86;840
2021-06-06;Mariagerfjord;23;846
2021-06-06;Jammerbugt;295;849
2021-06-06;Aalborg;1709;851
2021-06-06;Hjørring;662;860
2021-06-07;København;5145;101
2021-06-07;Frederiksberg;810;147
2021-06-07;Ballerup;185;151
2021-06-07;Brøndby;179;153
2021-06-07;Dragør;125;155
2021-06-07;Gentofte;556;157
2021-06-07;Gladsaxe;346;159
2021-06-07;Glostrup;116;161
2021-06-07;Herlev;112;163
2021-06-07;Albertslund;123;165
2021-06-07;Hvidovre;398;167
2021-06-07;Høje Tåstrup;292;169
2021-06-07;Lyngby-Taarbæk;309;173
2021-06-07;Rødovre;196;175
2021-06-07;Ishøj;111;183
2021-06-07;Tårnby;399;185
2021-06-07;Vallensbæk;106;187
2021-06-07;Furesø;186;190
2021-06-07;Allerød;139;201
2021-06-07;Fredensborg;187;210
2021-06-07;Helsingør;299;217
2021-06-07;Hillerød;228;219
2021-06-07;Hørsholm;127;223
2021-06-07;Rudersdal;225;230
2021-06-07;Egedal;272;240
2021-06-07;Frederikssund;227;250
2021-06-07;Greve;484;253
2021-06-07;Køge;804;259
2021-06-07;Halsnæs;88;260
2021-06-07;Roskilde;967;265
2021-06-07;Solrød;197;269
2021-06-07;Gribskov;117;270
2021-06-07;Odsherred;538;306
2021-06-07;Holbæk;896;316
2021-06-07;Faxe;349;320
2021-06-07;Kalundborg;573;326
2021-06-07;Ringsted;293;329
2021-06-07;Slagelse;618;330
2021-06-07;Stevns;301;336
2021-06-07;Sorø;258;340
2021-06-07;Lejre;344;350
2021-06-07;Lolland;359;360
2021-06-07;Næstved;1003;370
2021-06-07;Guldborgsund;785;376
2021-06-07;Vordingborg;308;390
2021-06-07;Bornholm;245;400
2021-06-07;Middelfart;283;410
2021-06-07;Assens;299;420
2021-06-07;Faaborg-Midtfyn;738;430
2021-06-07;Kerteminde;187;440
2021-06-07;Nyborg;228;450
2021-06-07;Odense;1580;461
2021-06-07;Svendborg;642;479
2021-06-07;Nordfyn;204;480
2021-06-07;Langeland;83;482
2021-06-07;Ærø;12;492
2021-06-07;Haderslev;238;510
2021-06-07;Billund;217;530
2021-06-07;Sønderborg;660;540
2021-06-07;Tønder;1030;550
2021-06-07;Esbjerg;810;561
2021-06-07;Fanø;178;563
2021-06-07;Varde;413;573
2021-06-07;Vejen;265;575
2021-06-07;Aabenraa;530;580
2021-06-07;Fredericia;611;607
2021-06-07;Horsens;889;615
2021-06-07;Kolding;788;621
2021-06-07;Vejle;1425;630
2021-06-07;Herning;1317;657
2021-06-07;Holstebro;531;661
2021-06-07;Lemvig;365;665
2021-06-07;Struer;115;671
2021-06-07;Syddjurs;664;706
2021-06-07;Norddjurs;447;707
2021-06-07;Favrskov;723;710
2021-06-07;Odder;327;727
2021-06-07;Randers;1190;730
2021-06-07;Silkeborg;899;740
2021-06-07;Samsø;6;741
2021-06-07;Skanderborg;948;746
2021-06-07;Århus;3520;751
2021-06-07;Ikast-Brande;782;756
2021-06-07;Ringkøbing-Skjern;986;760
2021-06-07;Hedensted;509;766
2021-06-07;Morsø;145;773
2021-06-07;Skive;349;779
2021-06-07;Thisted;339;787
2021-06-07;Viborg;920;791
2021-06-07;Brønderslev;492;810
2021-06-07;Frederikshavn;1302;813
2021-06-07;Vesthimmerland;51;820
2021-06-07;Læsø;3;825
2021-06-07;Rebild;194;840
2021-06-07;Mariagerfjord;450;846
2021-06-07;Jammerbugt;315;849
2021-06-07;Aalborg;1613;851
2021-06-07;Hjørring;817;860
2021-06-08;København;6021;101
2021-06-08;Frederiksberg;1038;147
2021-06-08;Ballerup;249;151
2021-06-08;Brøndby;203;153
2021-06-08;Dragør;131;155
2021-06-08;Gentofte;742;157
2021-06-08;Gladsaxe;530;159
2021-06-08;Glostrup;142;161
2021-06-08;Herlev;144;163
2021-06-08;Albertslund;178;165
2021-06-08;Hvidovre;415;167
2021-06-08;Høje Tåstrup;416;169
2021-06-08;Lyngby-Taarbæk;649;173
2021-06-08;Rødovre;311;175
2021-06-08;Ishøj;118;183
2021-06-08;Tårnby;443;185
2021-06-08;Vallensbæk;107;187
2021-06-08;Furesø;355;190
2021-06-08;Allerød;229;201
2021-06-08;Fredensborg;395;210
2021-06-08;Helsingør;692;217
2021-06-08;Hillerød;373;219
2021-06-08;Hørsholm;306;223
2021-06-08;Rudersdal;804;230
2021-06-08;Egedal;395;240
2021-06-08;Frederikssund;325;250
2021-06-08;Greve;300;253
2021-06-08;Køge;196;259
2021-06-08;Halsnæs;163;260
2021-06-08;Roskilde;597;265
2021-06-08;Solrød;129;269
2021-06-08;Gribskov;241;270
2021-06-08;Odsherred;465;306
2021-06-08;Holbæk;614;316
2021-06-08;Faxe;236;320
2021-06-08;Kalundborg;449;326
2021-06-08;Ringsted;342;329
2021-06-08;Slagelse;558;330
2021-06-08;Stevns;177;336
2021-06-08;Sorø;255;340
2021-06-08;Lejre;196;350
2021-06-08;Lolland;258;360
2021-06-08;Næstved;639;370
2021-06-08;Guldborgsund;597;376
2021-06-08;Vordingborg;477;390
2021-06-08;Bornholm;217;400
2021-06-08;Middelfart;212;410
2021-06-08;Assens;339;420
2021-06-08;Faaborg-Midtfyn;507;430
2021-06-08;Kerteminde;373;440
2021-06-08;Nyborg;414;450
2021-06-08;Odense;1734;461
2021-06-08;Svendborg;603;479
2021-06-08;Nordfyn;240;480
2021-06-08;Langeland;77;482
2021-06-08;Ærø;4;492
2021-06-08;Haderslev;1097;510
2021-06-08;Billund;234;530
2021-06-08;Sønderborg;654;540
2021-06-08;Tønder;185;550
2021-06-08;Esbjerg;996;561
2021-06-08;Varde;34;573
2021-06-08;Vejen;302;575
2021-06-08;Aabenraa;453;580
2021-06-08;Fredericia;190;607
2021-06-08;Horsens;931;615
2021-06-08;Kolding;1030;621
2021-06-08;Vejle;1176;630
2021-06-08;Herning;726;657
2021-06-08;Holstebro;1056;661
2021-06-08;Lemvig;465;665
2021-06-08;Struer;159;671
2021-06-08;Syddjurs;654;706
2021-06-08;Norddjurs;486;707
2021-06-08;Favrskov;913;710
2021-06-08;Odder;446;727
2021-06-08;Randers;1208;730
2021-06-08;Silkeborg;917;740
2021-06-08;Samsø;7;741
2021-06-08;Skanderborg;1084;746
2021-06-08;Århus;3231;751
2021-06-08;Ikast-Brande;249;756
2021-06-08;Ringkøbing-Skjern;439;760
2021-06-08;Hedensted;503;766
2021-06-08;Morsø;286;773
2021-06-08;Skive;406;779
2021-06-08;Thisted;656;787
2021-06-08;Viborg;924;791
2021-06-08;Brønderslev;154;810
2021-06-08;Frederikshavn;37;813
2021-06-08;Vesthimmerland;381;820
2021-06-08;Læsø;1;825
2021-06-08;Rebild;200;840
2021-06-08;Mariagerfjord;244;846
2021-06-08;Jammerbugt;249;849
2021-06-08;Aalborg;2268;851
2021-06-08;Hjørring;555;860
2021-06-09;København;4659;101
2021-06-09;Frederiksberg;784;147
2021-06-09;Ballerup;361;151
2021-06-09;Brøndby;181;153
2021-06-09;Dragør;76;155
2021-06-09;Gentofte;501;157
2021-06-09;Gladsaxe;486;159
2021-06-09;Glostrup;139;161
2021-06-09;Herlev;158;163
2021-06-09;Albertslund;151;165
2021-06-09;Hvidovre;350;167
2021-06-09;Høje Tåstrup;336;169
2021-06-09;Lyngby-Taarbæk;563;173
2021-06-09;Rødovre;266;175
2021-06-09;Ishøj;125;183
2021-06-09;Tårnby;234;185
2021-06-09;Vallensbæk;110;187
2021-06-09;Furesø;357;190
2021-06-09;Allerød;232;201
2021-06-09;Fredensborg;275;210
2021-06-09;Helsingør;155;217
2021-06-09;Hillerød;388;219
2021-06-09;Hørsholm;175;223
2021-06-09;Rudersdal;597;230
2021-06-09;Egedal;357;240
2021-06-09;Frederikssund;359;250
2021-06-09;Greve;325;253
2021-06-09;Køge;422;259
2021-06-09;Halsnæs;156;260
2021-06-09;Roskilde;675;265
2021-06-09;Solrød;203;269
2021-06-09;Gribskov;276;270
2021-06-09;Odsherred;206;306
2021-06-09;Holbæk;847;316
2021-06-09;Faxe;435;320
2021-06-09;Kalundborg;645;326
2021-06-09;Ringsted;360;329
2021-06-09;Slagelse;574;330
2021-06-09;Stevns;215;336
2021-06-09;Sorø;398;340
2021-06-09;Lejre;466;350
2021-06-09;Lolland;298;360
2021-06-09;Næstved;714;370
2021-06-09;Guldborgsund;322;376
2021-06-09;Vordingborg;294;390
2021-06-09;Bornholm;436;400
2021-06-09;Middelfart;350;410
2021-06-09;Assens;679;420
2021-06-09;Faaborg-Midtfyn;333;430
2021-06-09;Kerteminde;175;440
2021-06-09;Nyborg;149;450
2021-06-09;Odense;1691;461
2021-06-09;Svendborg;332;479
2021-06-09;Nordfyn;545;480
2021-06-09;Langeland;53;482
2021-06-09;Ærø;2;492
2021-06-09;Haderslev;492;510
2021-06-09;Billund;228;530
2021-06-09;Sønderborg;625;540
2021-06-09;Tønder;697;550
2021-06-09;Esbjerg;740;561
2021-06-09;Fanø;24;563
2021-06-09;Varde;676;573
2021-06-09;Vejen;275;575
2021-06-09;Aabenraa;418;580
2021-06-09;Fredericia;175;607
2021-06-09;Horsens;1330;615
2021-06-09;Kolding;483;621
2021-06-09;Vejle;1300;630
2021-06-09;Herning;1169;657
2021-06-09;Holstebro;804;661
2021-06-09;Lemvig;292;665
2021-06-09;Struer;551;671
2021-06-09;Syddjurs;626;706
2021-06-09;Norddjurs;500;707
2021-06-09;Favrskov;782;710
2021-06-09;Odder;404;727
2021-06-09;Randers;1390;730
2021-06-09;Silkeborg;1097;740
2021-06-09;Samsø;103;741
2021-06-09;Skanderborg;1076;746
2021-06-09;Århus;3484;751
2021-06-09;Ikast-Brande;654;756
2021-06-09;Ringkøbing-Skjern;1076;760
2021-06-09;Hedensted;601;766
2021-06-09;Morsø;282;773
2021-06-09;Skive;549;779
2021-06-09;Thisted;652;787
2021-06-09;Viborg;1132;791
2021-06-09;Brønderslev;167;810
2021-06-09;Frederikshavn;185;813
2021-06-09;Vesthimmerland;538;820
2021-06-09;Læsø;1;825
2021-06-09;Rebild;357;840
2021-06-09;Mariagerfjord;708;846
2021-06-09;Jammerbugt;279;849
2021-06-09;Aalborg;355;851
2021-06-09;Hjørring;547;860
2021-06-10;København;7673;101
2021-06-10;Frederiksberg;1292;147
2021-06-10;Ballerup;479;151
2021-06-10;Brøndby;250;153
2021-06-10;Dragør;168;155
2021-06-10;Gentofte;803;157
2021-06-10;Gladsaxe;774;159
2021-06-10;Glostrup;218;161
2021-06-10;Herlev;297;163
2021-06-10;Albertslund;217;165
2021-06-10;Hvidovre;536;167
2021-06-10;Høje Tåstrup;348;169
2021-06-10;Lyngby-Taarbæk;566;173
2021-06-10;Rødovre;419;175
2021-06-10;Ishøj;168;183
2021-06-10;Tårnby;502;185
2021-06-10;Vallensbæk;132;187
2021-06-10;Furesø;359;190
2021-06-10;Allerød;264;201
2021-06-10;Fredensborg;591;210
2021-06-10;Helsingør;1190;217
2021-06-10;Hillerød;601;219
2021-06-10;Hørsholm;239;223
2021-06-10;Rudersdal;504;230
2021-06-10;Egedal;555;240
2021-06-10;Frederikssund;747;250
2021-06-10;Greve;218;253
2021-06-10;Køge;649;259
2021-06-10;Halsnæs;447;260
2021-06-10;Roskilde;1099;265
2021-06-10;Solrød;140;269
2021-06-10;Gribskov;437;270
2021-06-10;Odsherred;165;306
2021-06-10;Holbæk;857;316
2021-06-10;Faxe;226;320
2021-06-10;Kalundborg;189;326
2021-06-10;Ringsted;387;329
2021-06-10;Slagelse;734;330
2021-06-10;Stevns;104;336
2021-06-10;Sorø;242;340
2021-06-10;Lejre;386;350
2021-06-10;Lolland;306;360
2021-06-10;Næstved;251;370
2021-06-10;Guldborgsund;428;376
2021-06-10;Vordingborg;370;390
2021-06-10;Bornholm;438;400
2021-06-10;Middelfart;611;410
2021-06-10;Assens;361;420
2021-06-10;Faaborg-Midtfyn;389;430
2021-06-10;Kerteminde;168;440
2021-06-10;Nyborg;345;450
2021-06-10;Odense;1561;461
2021-06-10;Svendborg;203;479
2021-06-10;Nordfyn;179;480
2021-06-10;Langeland;27;482
2021-06-10;Ærø;4;492
2021-06-10;Haderslev;971;510
2021-06-10;Billund;539;530
2021-06-10;Sønderborg;597;540
2021-06-10;Tønder;180;550
2021-06-10;Esbjerg;802;561
2021-06-10;Fanø;25;563
2021-06-10;Varde;393;573
2021-06-10;Vejen;355;575
2021-06-10;Aabenraa;527;580
2021-06-10;Fredericia;256;607
2021-06-10;Horsens;1196;615
2021-06-10;Kolding;652;621
2021-06-10;Vejle;752;630
2021-06-10;Herning;843;657
2021-06-10;Holstebro;520;661
2021-06-10;Lemvig;41;665
2021-06-10;Struer;348;671
2021-06-10;Syddjurs;383;706
2021-06-10;Norddjurs;291;707
2021-06-10;Favrskov;553;710
2021-06-10;Odder;278;727
2021-06-10;Randers;1133;730
2021-06-10;Silkeborg;1130;740
2021-06-10;Samsø;3;741
2021-06-10;Skanderborg;1065;746
2021-06-10;Århus;2787;751
2021-06-10;Ikast-Brande;571;756
2021-06-10;Ringkøbing-Skjern;524;760
2021-06-10;Hedensted;581;766
2021-06-10;Morsø;227;773
2021-06-10;Skive;483;779
2021-06-10;Thisted;596;787
2021-06-10;Viborg;1140;791
2021-06-10;Brønderslev;492;810
2021-06-10;Frederikshavn;998;813
2021-06-10;Vesthimmerland;697;820
2021-06-10;Rebild;493;840
2021-06-10;Mariagerfjord;393;846
2021-06-10;Jammerbugt;578;849
2021-06-10;Aalborg;1946;851
2021-06-10;Hjørring;676;860
2021-06-11;København;7432;101
2021-06-11;Frederiksberg;1216;147
2021-06-11;Ballerup;460;151
2021-06-11;Brøndby;293;153
2021-06-11;Dragør;159;155
2021-06-11;Gentofte;753;157
2021-06-11;Gladsaxe;716;159
2021-06-11;Glostrup;211;161
2021-06-11;Herlev;249;163
2021-06-11;Albertslund;237;165
2021-06-11;Hvidovre;468;167
2021-06-11;Høje Tåstrup;367;169
2021-06-11;Lyngby-Taarbæk;532;173
2021-06-11;Rødovre;382;175
2021-06-11;Ishøj;190;183
2021-06-11;Tårnby;537;185
2021-06-11;Vallensbæk;154;187
2021-06-11;Furesø;340;190
2021-06-11;Allerød;273;201
2021-06-11;Fredensborg;226;210
2021-06-11;Helsingør;192;217
2021-06-11;Hillerød;516;219
2021-06-11;Hørsholm;196;223
2021-06-11;Rudersdal;464;230
2021-06-11;Egedal;443;240
2021-06-11;Frederikssund;297;250
2021-06-11;Greve;395;253
2021-06-11;Køge;462;259
2021-06-11;Halsnæs;255;260
2021-06-11;Roskilde;352;265
2021-06-11;Solrød;266;269
2021-06-11;Gribskov;285;270
2021-06-11;Odsherred;465;306
2021-06-11;Holbæk;708;316
2021-06-11;Faxe;363;320
2021-06-11;Kalundborg;257;326
2021-06-11;Ringsted;509;329
2021-06-11;Slagelse;828;330
2021-06-11;Stevns;143;336
2021-06-11;Sorø;305;340
2021-06-11;Lejre;193;350
2021-06-11;Lolland;155;360
2021-06-11;Næstved;283;370
2021-06-11;Guldborgsund;18;376
2021-06-11;Vordingborg;33;390
2021-06-11;Bornholm;285;400
2021-06-11;Middelfart;150;410
2021-06-11;Assens;148;420
2021-06-11;Faaborg-Midtfyn;212;430
2021-06-11;Kerteminde;88;440
2021-06-11;Nyborg;127;450
2021-06-11;Odense;1070;461
2021-06-11;Svendborg;382;479
2021-06-11;Nordfyn;109;480
2021-06-11;Langeland;219;482
2021-06-11;Ærø;350;492
2021-06-11;Haderslev;208;510
2021-06-11;Billund;147;530
2021-06-11;Sønderborg;965;540
2021-06-11;Tønder;115;550
2021-06-11;Esbjerg;870;561
2021-06-11;Fanø;22;563
2021-06-11;Varde;397;573
2021-06-11;Vejen;617;575
2021-06-11;Aabenraa;370;580
2021-06-11;Fredericia;325;607
2021-06-11;Horsens;692;615
2021-06-11;Kolding;881;621
2021-06-11;Vejle;964;630
2021-06-11;Herning;788;657
2021-06-11;Holstebro;433;661
2021-06-11;Lemvig;23;665
2021-06-11;Struer;49;671
2021-06-11;Syddjurs;426;706
2021-06-11;Norddjurs;265;707
2021-06-11;Favrskov;606;710
2021-06-11;Odder;315;727
2021-06-11;Randers;700;730
2021-06-11;Silkeborg;970;740
2021-06-11;Samsø;5;741
2021-06-11;Skanderborg;878;746
2021-06-11;Århus;3462;751
2021-06-11;Ikast-Brande;193;756
2021-06-11;Ringkøbing-Skjern;189;760
2021-06-11;Hedensted;358;766
2021-06-11;Morsø;206;773
2021-06-11;Skive;443;779
2021-06-11;Thisted;724;787
2021-06-11;Viborg;1033;791
2021-06-11;Brønderslev;188;810
2021-06-11;Frederikshavn;40;813
2021-06-11;Vesthimmerland;489;820
2021-06-11;Rebild;320;840
2021-06-11;Mariagerfjord;647;846
2021-06-11;Jammerbugt;218;849
2021-06-11;Aalborg;563;851
2021-06-11;Hjørring;602;860
2021-06-12;København;7481;101
2021-06-12;Frederiksberg;1162;147
2021-06-12;Ballerup;497;151
2021-06-12;Brøndby;237;153
2021-06-12;Dragør;154;155
2021-06-12;Gentofte;742;157
2021-06-12;Gladsaxe;747;159
2021-06-12;Glostrup;191;161
2021-06-12;Herlev;293;163
2021-06-12;Albertslund;186;165
2021-06-12;Hvidovre;484;167
2021-06-12;Høje Tåstrup;391;169
2021-06-12;Lyngby-Taarbæk;568;173
2021-06-12;Rødovre;388;175
2021-06-12;Ishøj;145;183
2021-06-12;Tårnby;448;185
2021-06-12;Vallensbæk;106;187
2021-06-12;Furesø;402;190
2021-06-12;Allerød;279;201
2021-06-12;Fredensborg;272;210
2021-06-12;Helsingør;218;217
2021-06-12;Hillerød;634;219
2021-06-12;Hørsholm;198;223
2021-06-12;Rudersdal;489;230
2021-06-12;Egedal;450;240
2021-06-12;Frederikssund;317;250
2021-06-12;Greve;466;253
2021-06-12;Køge;586;259
2021-06-12;Halsnæs;237;260
2021-06-12;Roskilde;525;265
2021-06-12;Solrød;198;269
2021-06-12;Gribskov;357;270
2021-06-12;Odsherred;47;306
2021-06-12;Holbæk;221;316
2021-06-12;Faxe;155;320
2021-06-12;Kalundborg;71;326
2021-06-12;Ringsted;142;329
2021-06-12;Slagelse;177;330
2021-06-12;Stevns;149;336
2021-06-12;Sorø;79;340
2021-06-12;Lejre;131;350
2021-06-12;Lolland;264;360
2021-06-12;Næstved;207;370
2021-06-12;Guldborgsund;340;376
2021-06-12;Vordingborg;204;390
2021-06-12;Bornholm;199;400
2021-06-12;Middelfart;176;410
2021-06-12;Assens;41;420
2021-06-12;Faaborg-Midtfyn;126;430
2021-06-12;Kerteminde;19;440
2021-06-12;Nyborg;54;450
2021-06-12;Odense;557;461
2021-06-12;Svendborg;246;479
2021-06-12;Nordfyn;26;480
2021-06-12;Langeland;17;482
2021-06-12;Ærø;4;492
2021-06-12;Haderslev;264;510
2021-06-12;Billund;225;530
2021-06-12;Sønderborg;510;540
2021-06-12;Tønder;111;550
2021-06-12;Esbjerg;640;561
2021-06-12;Fanø;10;563
2021-06-12;Varde;287;573
2021-06-12;Vejen;303;575
2021-06-12;Aabenraa;319;580
2021-06-12;Fredericia;243;607
2021-06-12;Horsens;135;615
2021-06-12;Kolding;743;621
2021-06-12;Vejle;820;630
2021-06-12;Herning;72;657
2021-06-12;Holstebro;19;661
2021-06-12;Lemvig;3;665
2021-06-12;Struer;5;671
2021-06-12;Syddjurs;13;706
2021-06-12;Norddjurs;9;707
2021-06-12;Favrskov;19;710
2021-06-12;Odder;11;727
2021-06-12;Randers;36;730
2021-06-12;Silkeborg;58;740
2021-06-12;Samsø;2;741
2021-06-12;Skanderborg;39;746
2021-06-12;Århus;618;751
2021-06-12;Ikast-Brande;98;756
2021-06-12;Ringkøbing-Skjern;95;760
2021-06-12;Hedensted;146;766
2021-06-12;Morsø;7;773
2021-06-12;Skive;23;779
2021-06-12;Thisted;17;787
2021-06-12;Viborg;62;791
2021-06-12;Brønderslev;386;810
2021-06-12;Frederikshavn;694;813
2021-06-12;Vesthimmerland;511;820
2021-06-12;Rebild;245;840
2021-06-12;Mariagerfjord;42;846
2021-06-12;Jammerbugt;255;849
2021-06-12;Aalborg;1164;851
2021-06-12;Hjørring;730;860
2021-06-13;København;7903;101
2021-06-13;Frederiksberg;1238;147
2021-06-13;Ballerup;447;151
2021-06-13;Brøndby;258;153
2021-06-13;Dragør;165;155
2021-06-13;Gentofte;702;157
2021-06-13;Gladsaxe;706;159
2021-06-13;Glostrup;215;161
2021-06-13;Herlev;281;163
2021-06-13;Albertslund;230;165
2021-06-13;Hvidovre;485;167
2021-06-13;Høje Tåstrup;366;169
2021-06-13;Lyngby-Taarbæk;533;173
2021-06-13;Rødovre;413;175
2021-06-13;Ishøj;168;183
2021-06-13;Tårnby;473;185
2021-06-13;Vallensbæk;143;187
2021-06-13;Furesø;344;190
2021-06-13;Allerød;313;201
2021-06-13;Fredensborg;224;210
2021-06-13;Helsingør;129;217
2021-06-13;Hillerød;598;219
2021-06-13;Hørsholm;165;223
2021-06-13;Rudersdal;526;230
2021-06-13;Egedal;413;240
2021-06-13;Frederikssund;288;250
2021-06-13;Greve;467;253
2021-06-13;Køge;407;259
2021-06-13;Halsnæs;294;260
2021-06-13;Roskilde;682;265
2021-06-13;Solrød;241;269
2021-06-13;Gribskov;373;270
2021-06-13;Odsherred;7;306
2021-06-13;Holbæk;38;316
2021-06-13;Faxe;98;320
2021-06-13;Kalundborg;12;326
2021-06-13;Ringsted;76;329
2021-06-13;Slagelse;24;330
2021-06-13;Stevns;66;336
2021-06-13;Sorø;8;340
2021-06-13;Lejre;100;350
2021-06-13;Lolland;92;360
2021-06-13;Næstved;186;370
2021-06-13;Guldborgsund;190;376
2021-06-13;Vordingborg;102;390
2021-06-13;Bornholm;130;400
2021-06-13;Middelfart;202;410
2021-06-13;Assens;144;420
2021-06-13;Faaborg-Midtfyn;147;430
2021-06-13;Kerteminde;82;440
2021-06-13;Nyborg;52;450
2021-06-13;Odense;831;461
2021-06-13;Svendborg;117;479
2021-06-13;Nordfyn;90;480
2021-06-13;Langeland;8;482
2021-06-13;Ærø;3;492
2021-06-13;Haderslev;228;510
2021-06-13;Billund;144;530
2021-06-13;Sønderborg;518;540
2021-06-13;Tønder;159;550
2021-06-13;Esbjerg;727;561
2021-06-13;Fanø;12;563
2021-06-13;Varde;338;573
2021-06-13;Vejen;267;575
2021-06-13;Aabenraa;320;580
2021-06-13;Fredericia;262;607
2021-06-13;Horsens;64;615
2021-06-13;Kolding;849;621
2021-06-13;Vejle;482;630
2021-06-13;Herning;47;657
2021-06-13;Holstebro;13;661
2021-06-13;Lemvig;9;665
2021-06-13;Struer;14;671
2021-06-13;Syddjurs;18;706
2021-06-13;Norddjurs;21;707
2021-06-13;Favrskov;25;710
2021-06-13;Odder;5;727
2021-06-13;Randers;118;730
2021-06-13;Silkeborg;41;740
2021-06-13;Skanderborg;27;746
2021-06-13;Århus;455;751
2021-06-13;Ikast-Brande;28;756
2021-06-13;Ringkøbing-Skjern;97;760
2021-06-13;Hedensted;40;766
2021-06-13;Morsø;155;773
2021-06-13;Skive;32;779
2021-06-13;Thisted;706;787
2021-06-13;Viborg;72;791
2021-06-13;Brønderslev;422;810
2021-06-13;Frederikshavn;1134;813
2021-06-13;Vesthimmerland;27;820
2021-06-13;Læsø;2;825
2021-06-13;Rebild;300;840
2021-06-13;Mariagerfjord;658;846
2021-06-13;Jammerbugt;404;849
2021-06-13;Aalborg;1131;851
2021-06-13;Hjørring;185;860
2021-06-14;København;7914;101
2021-06-14;Frederiksberg;1245;147
2021-06-14;Ballerup;515;151
2021-06-14;Brøndby;297;153
2021-06-14;Dragør;160;155
2021-06-14;Gentofte;639;157
2021-06-14;Gladsaxe;645;159
2021-06-14;Glostrup;237;161
2021-06-14;Herlev;279;163
2021-06-14;Albertslund;247;165
2021-06-14;Hvidovre;611;167
2021-06-14;Høje Tåstrup;439;169
2021-06-14;Lyngby-Taarbæk;451;173
2021-06-14;Rødovre;392;175
2021-06-14;Ishøj;153;183
2021-06-14;Tårnby;491;185
2021-06-14;Vallensbæk;161;187
2021-06-14;Furesø;278;190
2021-06-14;Allerød;40;201
2021-06-14;Fredensborg;332;210
2021-06-14;Helsingør;1059;217
2021-06-14;Hillerød;53;219
2021-06-14;Hørsholm;122;223
2021-06-14;Rudersdal;221;230
2021-06-14;Egedal;422;240
2021-06-14;Frederikssund;120;250
2021-06-14;Greve;547;253
2021-06-14;Køge;482;259
2021-06-14;Halsnæs;23;260
2021-06-14;Roskilde;502;265
2021-06-14;Solrød;172;269
2021-06-14;Gribskov;70;270
2021-06-14;Odsherred;401;306
2021-06-14;Holbæk;703;316
2021-06-14;Faxe;373;320
2021-06-14;Kalundborg;354;326
2021-06-14;Ringsted;278;329
2021-06-14;Slagelse;398;330
2021-06-14;Stevns;294;336
2021-06-14;Sorø;163;340
2021-06-14;Lejre;320;350
2021-06-14;Lolland;295;360
2021-06-14;Næstved;844;370
2021-06-14;Guldborgsund;501;376
2021-06-14;Vordingborg;367;390
2021-06-14;Bornholm;152;400
2021-06-14;Middelfart;593;410
2021-06-14;Assens;359;420
2021-06-14;Faaborg-Midtfyn;902;430
2021-06-14;Kerteminde;154;440
2021-06-14;Nyborg;222;450
2021-06-14;Odense;1664;461
2021-06-14;Svendborg;793;479
2021-06-14;Nordfyn;205;480
2021-06-14;Langeland;47;482
2021-06-14;Ærø;8;492
2021-06-14;Haderslev;146;510
2021-06-14;Billund;290;530
2021-06-14;Sønderborg;318;540
2021-06-14;Tønder;612;550
2021-06-14;Esbjerg;743;561
2021-06-14;Fanø;17;563
2021-06-14;Varde;366;573
2021-06-14;Vejen;348;575
2021-06-14;Aabenraa;177;580
2021-06-14;Fredericia;452;607
2021-06-14;Horsens;900;615
2021-06-14;Kolding;1080;621
2021-06-14;Vejle;1196;630
2021-06-14;Herning;433;657
2021-06-14;Holstebro;416;661
2021-06-14;Lemvig;211;665
2021-06-14;Struer;338;671
2021-06-14;Syddjurs;543;706
2021-06-14;Norddjurs;563;707
2021-06-14;Favrskov;673;710
2021-06-14;Odder;199;727
2021-06-14;Randers;1013;730
2021-06-14;Silkeborg;961;740
2021-06-14;Samsø;2;741
2021-06-14;Skanderborg;494;746
2021-06-14;Århus;1987;751
2021-06-14;Ikast-Brande;344;756
2021-06-14;Ringkøbing-Skjern;320;760
2021-06-14;Hedensted;477;766
2021-06-14;Morsø;124;773
2021-06-14;Skive;321;779
2021-06-14;Thisted;735;787
2021-06-14;Viborg;865;791
2021-06-14;Brønderslev;283;810
2021-06-14;Frederikshavn;37;813
2021-06-14;Vesthimmerland;605;820
2021-06-14;Rebild;496;840
2021-06-14;Mariagerfjord;715;846
2021-06-14;Jammerbugt;516;849
2021-06-14;Aalborg;1738;851
2021-06-14;Hjørring;644;860
2021-06-15;København;8437;101
2021-06-15;Frederiksberg;1285;147
2021-06-15;Ballerup;506;151
2021-06-15;Brøndby;248;153
2021-06-15;Dragør;123;155
2021-06-15;Gentofte;721;157
2021-06-15;Gladsaxe;685;159
2021-06-15;Glostrup;210;161
2021-06-15;Herlev;286;163
2021-06-15;Albertslund;245;165
2021-06-15;Hvidovre;528;167
2021-06-15;Høje Tåstrup;450;169
2021-06-15;Lyngby-Taarbæk;794;173
2021-06-15;Rødovre;398;175
2021-06-15;Ishøj;171;183
2021-06-15;Tårnby;410;185
2021-06-15;Vallensbæk;121;187
2021-06-15;Furesø;458;190
2021-06-15;Allerød;318;201
2021-06-15;Fredensborg;667;210
2021-06-15;Helsingør;1221;217
2021-06-15;Hillerød;660;219
2021-06-15;Hørsholm;317;223
2021-06-15;Rudersdal;882;230
2021-06-15;Egedal;394;240
2021-06-15;Frederikssund;358;250
2021-06-15;Greve;961;253
2021-06-15;Køge;1003;259
2021-06-15;Halsnæs;348;260
2021-06-15;Roskilde;754;265
2021-06-15;Solrød;379;269
2021-06-15;Gribskov;440;270
2021-06-15;Odsherred;424;306
2021-06-15;Holbæk;613;316
2021-06-15;Faxe;492;320
2021-06-15;Kalundborg;499;326
2021-06-15;Ringsted;352;329
2021-06-15;Slagelse;744;330
2021-06-15;Stevns;406;336
2021-06-15;Sorø;236;340
2021-06-15;Lejre;176;350
2021-06-15;Lolland;274;360
2021-06-15;Næstved;1327;370
2021-06-15;Guldborgsund;556;376
2021-06-15;Vordingborg;576;390
2021-06-15;Bornholm;172;400
2021-06-15;Middelfart;237;410
2021-06-15;Assens;75;420
2021-06-15;Faaborg-Midtfyn;186;430
2021-06-15;Kerteminde;205;440
2021-06-15;Nyborg;444;450
2021-06-15;Odense;1715;461
2021-06-15;Svendborg;483;479
2021-06-15;Nordfyn;44;480
2021-06-15;Langeland;27;482
2021-06-15;Ærø;5;492
2021-06-15;Haderslev;720;510
2021-06-15;Billund;167;530
2021-06-15;Sønderborg;620;540
2021-06-15;Tønder;163;550
2021-06-15;Esbjerg;1073;561
2021-06-15;Fanø;5;563
2021-06-15;Varde;33;573
2021-06-15;Vejen;481;575
2021-06-15;Aabenraa;263;580
2021-06-15;Fredericia;428;607
2021-06-15;Horsens;735;615
2021-06-15;Kolding;1048;621
2021-06-15;Vejle;1023;630
2021-06-15;Herning;1395;657
2021-06-15;Holstebro;278;661
2021-06-15;Lemvig;492;665
2021-06-15;Struer;203;671
2021-06-15;Syddjurs;441;706
2021-06-15;Norddjurs;514;707
2021-06-15;Favrskov;668;710
2021-06-15;Odder;269;727
2021-06-15;Randers;1026;730
2021-06-15;Silkeborg;1022;740
2021-06-15;Samsø;2;741
2021-06-15;Skanderborg;581;746
2021-06-15;Århus;3659;751
2021-06-15;Ikast-Brande;632;756
2021-06-15;Ringkøbing-Skjern;473;760
2021-06-15;Hedensted;441;766
2021-06-15;Morsø;68;773
2021-06-15;Skive;389;779
2021-06-15;Thisted;722;787
2021-06-15;Viborg;939;791
2021-06-15;Brønderslev;280;810
2021-06-15;Frederikshavn;1046;813
2021-06-15;Vesthimmerland;78;820
2021-06-15;Læsø;1;825
2021-06-15;Rebild;209;840
2021-06-15;Mariagerfjord;644;846
2021-06-15;Jammerbugt;232;849
2021-06-15;Aalborg;978;851
2021-06-15;Hjørring;799;860
2021-06-16;København;6771;101
2021-06-16;Frederiksberg;1019;147
2021-06-16;Ballerup;315;151
2021-06-16;Brøndby;309;153
2021-06-16;Dragør;87;155
2021-06-16;Gentofte;608;157
2021-06-16;Gladsaxe;589;159
2021-06-16;Glostrup;171;161
2021-06-16;Herlev;198;163
2021-06-16;Albertslund;183;165
2021-06-16;Hvidovre;426;167
2021-06-16;Høje Tåstrup;429;169
2021-06-16;Lyngby-Taarbæk;646;173
2021-06-16;Rødovre;296;175
2021-06-16;Ishøj;190;183
2021-06-16;Tårnby;293;185
2021-06-16;Vallensbæk;127;187
2021-06-16;Furesø;362;190
2021-06-16;Allerød;219;201
2021-06-16;Fredensborg;229;210
2021-06-16;Helsingør;138;217
2021-06-16;Hillerød;374;219
2021-06-16;Hørsholm;235;223
2021-06-16;Rudersdal;810;230
2021-06-16;Egedal;268;240
2021-06-16;Frederikssund;263;250
2021-06-16;Greve;522;253
2021-06-16;Køge;706;259
2021-06-16;Halsnæs;185;260
2021-06-16;Roskilde;924;265
2021-06-16;Solrød;281;269
2021-06-16;Gribskov;253;270
2021-06-16;Odsherred;74;306
2021-06-16;Holbæk;529;316
2021-06-16;Faxe;396;320
2021-06-16;Kalundborg;528;326
2021-06-16;Ringsted;341;329
2021-06-16;Slagelse;549;330
2021-06-16;Stevns;373;336
2021-06-16;Sorø;294;340
2021-06-16;Lejre;269;350
2021-06-16;Lolland;226;360
2021-06-16;Næstved;892;370
2021-06-16;Guldborgsund;323;376
2021-06-16;Vordingborg;336;390
2021-06-16;Bornholm;182;400
2021-06-16;Middelfart;247;410
2021-06-16;Assens;588;420
2021-06-16;Faaborg-Midtfyn;410;430
2021-06-16;Kerteminde;135;440
2021-06-16;Nyborg;263;450
2021-06-16;Odense;1351;461
2021-06-16;Svendborg;654;479
2021-06-16;Nordfyn;445;480
2021-06-16;Langeland;69;482
2021-06-16;Ærø;8;492
2021-06-16;Haderslev;139;510
2021-06-16;Billund;168;530
2021-06-16;Sønderborg;232;540
2021-06-16;Tønder;372;550
2021-06-16;Esbjerg;881;561
2021-06-16;Fanø;21;563
2021-06-16;Varde;663;573
2021-06-16;Vejen;182;575
2021-06-16;Aabenraa;59;580
2021-06-16;Fredericia;376;607
2021-06-16;Horsens;1063;615
2021-06-16;Kolding;158;621
2021-06-16;Vejle;448;630
2021-06-16;Herning;660;657
2021-06-16;Holstebro;970;661
2021-06-16;Lemvig;48;665
2021-06-16;Struer;259;671
2021-06-16;Syddjurs;564;706
2021-06-16;Norddjurs;509;707
2021-06-16;Favrskov;560;710
2021-06-16;Odder;287;727
2021-06-16;Randers;1242;730
2021-06-16;Silkeborg;1008;740
2021-06-16;Samsø;197;741
2021-06-16;Skanderborg;777;746
2021-06-16;Århus;3786;751
2021-06-16;Ikast-Brande;165;756
2021-06-16;Ringkøbing-Skjern;936;760
2021-06-16;Hedensted;531;766
2021-06-16;Morsø;1104;773
2021-06-16;Skive;508;779
2021-06-16;Thisted;589;787
2021-06-16;Viborg;921;791
2021-06-16;Brønderslev;118;810
2021-06-16;Frederikshavn;32;813
2021-06-16;Vesthimmerland;110;820
2021-06-16;Rebild;193;840
2021-06-16;Mariagerfjord;461;846
2021-06-16;Jammerbugt;1088;849
2021-06-16;Aalborg;894;851
2021-06-16;Hjørring;652;860
2021-06-17;København;6273;101
2021-06-17;Frederiksberg;903;147
2021-06-17;Ballerup;489;151
2021-06-17;Brøndby;274;153
2021-06-17;Dragør;79;155
2021-06-17;Gentofte;433;157
2021-06-17;Gladsaxe;685;159
2021-06-17;Glostrup;126;161
2021-06-17;Herlev;351;163
2021-06-17;Albertslund;129;165
2021-06-17;Hvidovre;248;167
2021-06-17;Høje Tåstrup;168;169
2021-06-17;Lyngby-Taarbæk;592;173
2021-06-17;Rødovre;289;175
2021-06-17;Ishøj;60;183
2021-06-17;Tårnby;263;185
2021-06-17;Vallensbæk;39;187
2021-06-17;Furesø;366;190
2021-06-17;Allerød;263;201
2021-06-17;Fredensborg;363;210
2021-06-17;Helsingør;554;217
2021-06-17;Hillerød;675;219
2021-06-17;Hørsholm;197;223
2021-06-17;Rudersdal;431;230
2021-06-17;Egedal;474;240
2021-06-17;Frederikssund;605;250
2021-06-17;Greve;152;253
2021-06-17;Køge;289;259
2021-06-17;Halsnæs;321;260
2021-06-17;Roskilde;490;265
2021-06-17;Solrød;96;269
2021-06-17;Gribskov;370;270
2021-06-17;Odsherred;56;306
2021-06-17;Holbæk;414;316
2021-06-17;Faxe;316;320
2021-06-17;Kalundborg;198;326
2021-06-17;Ringsted;455;329
2021-06-17;Slagelse;708;330
2021-06-17;Stevns;46;336
2021-06-17;Sorø;275;340
2021-06-17;Lejre;170;350
2021-06-17;Lolland;124;360
2021-06-17;Næstved;331;370
2021-06-17;Guldborgsund;153;376
2021-06-17;Vordingborg;327;390
2021-06-17;Bornholm;8;400
2021-06-17;Middelfart;83;410
2021-06-17;Assens;75;420
2021-06-17;Faaborg-Midtfyn;518;430
2021-06-17;Kerteminde;95;440
2021-06-17;Nyborg;560;450
2021-06-17;Odense;1644;461
2021-06-17;Svendborg;486;479
2021-06-17;Nordfyn;47;480
2021-06-17;Langeland;47;482
2021-06-17;Ærø;8;492
2021-06-17;Haderslev;522;510
2021-06-17;Billund;491;530
2021-06-17;Sønderborg;328;540
2021-06-17;Tønder;98;550
2021-06-17;Esbjerg;618;561
2021-06-17;Fanø;9;563
2021-06-17;Varde;293;573
2021-06-17;Vejen;182;575
2021-06-17;Aabenraa;241;580
2021-06-17;Fredericia;279;607
2021-06-17;Horsens;1117;615
2021-06-17;Kolding;285;621
2021-06-17;Vejle;1181;630
2021-06-17;Herning;1529;657
2021-06-17;Holstebro;975;661
2021-06-17;Lemvig;281;665
2021-06-17;Struer;134;671
2021-06-17;Syddjurs;441;706
2021-06-17;Norddjurs;350;707
2021-06-17;Favrskov;625;710
2021-06-17;Odder;364;727
2021-06-17;Randers;1224;730
2021-06-17;Silkeborg;950;740
2021-06-17;Samsø;4;741
2021-06-17;Skanderborg;965;746
2021-06-17;Århus;4526;751
2021-06-17;Ikast-Brande;631;756
2021-06-17;Ringkøbing-Skjern;790;760
2021-06-17;Hedensted;664;766
2021-06-17;Morsø;204;773
2021-06-17;Skive;653;779
2021-06-17;Thisted;505;787
2021-06-17;Viborg;932;791
2021-06-17;Brønderslev;775;810
2021-06-17;Frederikshavn;34;813
2021-06-17;Vesthimmerland;81;820
2021-06-17;Læsø;1;825
2021-06-17;Rebild;118;840
2021-06-17;Mariagerfjord;84;846
2021-06-17;Jammerbugt;408;849
2021-06-17;Aalborg;2286;851
2021-06-17;Hjørring;565;860
2021-06-18;København;3371;101
2021-06-18;Frederiksberg;408;147
2021-06-18;Ballerup;179;151
2021-06-18;Brøndby;132;153
2021-06-18;Dragør;51;155
2021-06-18;Gentofte;231;157
2021-06-18;Gladsaxe;272;159
2021-06-18;Glostrup;106;161
2021-06-18;Herlev;127;163
2021-06-18;Albertslund;116;165
2021-06-18;Hvidovre;282;167
2021-06-18;Høje Tåstrup;257;169
2021-06-18;Lyngby-Taarbæk;221;173
2021-06-18;Rødovre;160;175
2021-06-18;Ishøj;98;183
2021-06-18;Tårnby;166;185
2021-06-18;Vallensbæk;62;187
2021-06-18;Furesø;131;190
2021-06-18;Allerød;86;201
2021-06-18;Fredensborg;104;210
2021-06-18;Helsingør;66;217
2021-06-18;Hillerød;237;219
2021-06-18;Hørsholm;54;223
2021-06-18;Rudersdal;181;230
2021-06-18;Egedal;156;240
2021-06-18;Frederikssund;177;250
2021-06-18;Greve;309;253
2021-06-18;Køge;411;259
2021-06-18;Halsnæs;124;260
2021-06-18;Roskilde;702;265
2021-06-18;Solrød;242;269
2021-06-18;Gribskov;151;270
2021-06-18;Odsherred;216;306
2021-06-18;Holbæk;354;316
2021-06-18;Faxe;284;320
2021-06-18;Kalundborg;167;326
2021-06-18;Ringsted;456;329
2021-06-18;Slagelse;466;330
2021-06-18;Stevns;80;336
2021-06-18;Sorø;307;340
2021-06-18;Lejre;192;350
2021-06-18;Lolland;227;360
2021-06-18;Næstved;521;370
2021-06-18;Guldborgsund;209;376
2021-06-18;Vordingborg;319;390
2021-06-18;Bornholm;24;400
2021-06-18;Middelfart;317;410
2021-06-18;Assens;249;420
2021-06-18;Faaborg-Midtfyn;331;430
2021-06-18;Kerteminde;162;440
2021-06-18;Nyborg;189;450
2021-06-18;Odense;1410;461
2021-06-18;Svendborg;542;479
2021-06-18;Nordfyn;201;480
2021-06-18;Langeland;396;482
2021-06-18;Ærø;212;492
2021-06-18;Haderslev;133;510
2021-06-18;Billund;134;530
2021-06-18;Sønderborg;145;540
2021-06-18;Tønder;54;550
2021-06-18;Esbjerg;770;561
2021-06-18;Fanø;6;563
2021-06-18;Varde;35;573
2021-06-18;Vejen;525;575
2021-06-18;Aabenraa;132;580
2021-06-18;Fredericia;570;607
2021-06-18;Horsens;681;615
2021-06-18;Kolding;1114;621
2021-06-18;Vejle;1085;630
2021-06-18;Herning;217;657
2021-06-18;Holstebro;126;661
2021-06-18;Lemvig;26;665
2021-06-18;Struer;34;671
2021-06-18;Syddjurs;327;706
2021-06-18;Norddjurs;214;707
2021-06-18;Favrskov;461;710
2021-06-18;Odder;244;727
2021-06-18;Randers;365;730
2021-06-18;Silkeborg;785;740
2021-06-18;Samsø;2;741
2021-06-18;Skanderborg;645;746
2021-06-18;Århus;3177;751
2021-06-18;Ikast-Brande;108;756
2021-06-18;Ringkøbing-Skjern;43;760
2021-06-18;Hedensted;484;766
2021-06-18;Morsø;168;773
2021-06-18;Skive;371;779
2021-06-18;Thisted;556;787
2021-06-18;Viborg;794;791
2021-06-18;Brønderslev;169;810
2021-06-18;Frederikshavn;24;813
2021-06-18;Vesthimmerland;90;820
2021-06-18;Rebild;39;840
2021-06-18;Mariagerfjord;53;846
2021-06-18;Jammerbugt;173;849
2021-06-18;Aalborg;2123;851
2021-06-18;Hjørring;489;860
2021-06-19;København;3791;101
2021-06-19;Frederiksberg;591;147
2021-06-19;Ballerup;218;151
2021-06-19;Brøndby;159;153
2021-06-19;Dragør;33;155
2021-06-19;Gentofte;293;157
2021-06-19;Gladsaxe;376;159
2021-06-19;Glostrup;119;161
2021-06-19;Herlev;132;163
2021-06-19;Albertslund;163;165
2021-06-19;Hvidovre;263;167
2021-06-19;Høje Tåstrup;285;169
2021-06-19;Lyngby-Taarbæk;324;173
2021-06-19;Rødovre;188;175
2021-06-19;Ishøj;119;183
2021-06-19;Tårnby;169;185
2021-06-19;Vallensbæk;95;187
2021-06-19;Furesø;154;190
2021-06-19;Allerød;109;201
2021-06-19;Fredensborg;149;210
2021-06-19;Helsingør;130;217
2021-06-19;Hillerød;328;219
2021-06-19;Hørsholm;89;223
2021-06-19;Rudersdal;257;230
2021-06-19;Egedal;204;240
2021-06-19;Frederikssund;179;250
2021-06-19;Greve;282;253
2021-06-19;Køge;418;259
2021-06-19;Halsnæs;152;260
2021-06-19;Roskilde;422;265
2021-06-19;Solrød;153;269
2021-06-19;Gribskov;185;270
2021-06-19;Odsherred;46;306
2021-06-19;Holbæk;170;316
2021-06-19;Faxe;144;320
2021-06-19;Kalundborg;57;326
2021-06-19;Ringsted;55;329
2021-06-19;Slagelse;120;330
2021-06-19;Stevns;114;336
2021-06-19;Sorø;33;340
2021-06-19;Lejre;93;350
2021-06-19;Lolland;102;360
2021-06-19;Næstved;67;370
2021-06-19;Guldborgsund;263;376
2021-06-19;Vordingborg;75;390
2021-06-19;Bornholm;195;400
2021-06-19;Middelfart;266;410
2021-06-19;Assens;158;420
2021-06-19;Faaborg-Midtfyn;195;430
2021-06-19;Kerteminde;78;440
2021-06-19;Nyborg;150;450
2021-06-19;Odense;1007;461
2021-06-19;Svendborg;288;479
2021-06-19;Nordfyn;86;480
2021-06-19;Langeland;26;482
2021-06-19;Ærø;4;492
2021-06-19;Haderslev;172;510
2021-06-19;Billund;144;530
2021-06-19;Sønderborg;33;540
2021-06-19;Tønder;42;550
2021-06-19;Esbjerg;493;561
2021-06-19;Fanø;3;563
2021-06-19;Varde;206;573
2021-06-19;Vejen;277;575
2021-06-19;Aabenraa;46;580
2021-06-19;Fredericia;397;607
2021-06-19;Horsens;215;615
2021-06-19;Kolding;623;621
2021-06-19;Vejle;710;630
2021-06-19;Herning;39;657
2021-06-19;Holstebro;6;661
2021-06-19;Lemvig;3;665
2021-06-19;Struer;4;671
2021-06-19;Syddjurs;5;706
2021-06-19;Norddjurs;3;707
2021-06-19;Favrskov;11;710
2021-06-19;Odder;27;727
2021-06-19;Randers;21;730
2021-06-19;Silkeborg;58;740
2021-06-19;Skanderborg;463;746
2021-06-19;Århus;258;751
2021-06-19;Ikast-Brande;33;756
2021-06-19;Ringkøbing-Skjern;61;760
2021-06-19;Hedensted;111;766
2021-06-19;Morsø;2;773
2021-06-19;Skive;6;779
2021-06-19;Thisted;4;787
2021-06-19;Viborg;23;791
2021-06-19;Brønderslev;429;810
2021-06-19;Frederikshavn;1230;813
2021-06-19;Vesthimmerland;28;820
2021-06-19;Rebild;473;840
2021-06-19;Mariagerfjord;94;846
2021-06-19;Jammerbugt;182;849
2021-06-19;Aalborg;1691;851
2021-06-19;Hjørring;723;860
2021-06-20;København;4545;101
2021-06-20;Frederiksberg;752;147
2021-06-20;Ballerup;266;151
2021-06-20;Brøndby;205;153
2021-06-20;Dragør;54;155
2021-06-20;Gentofte;346;157
2021-06-20;Gladsaxe;463;159
2021-06-20;Glostrup;140;161
2021-06-20;Herlev;180;163
2021-06-20;Albertslund;169;165
2021-06-20;Hvidovre;309;167
2021-06-20;Høje Tåstrup;213;169
2021-06-20;Lyngby-Taarbæk;361;173
2021-06-20;Rødovre;233;175
2021-06-20;Ishøj;91;183
2021-06-20;Tårnby;150;185
2021-06-20;Vallensbæk;72;187
2021-06-20;Furesø;195;190
2021-06-20;Allerød;121;201
2021-06-20;Fredensborg;166;210
2021-06-20;Helsingør;161;217
2021-06-20;Hillerød;323;219
2021-06-20;Hørsholm;108;223
2021-06-20;Rudersdal;253;230
2021-06-20;Egedal;257;240
2021-06-20;Frederikssund;212;250
2021-06-20;Greve;279;253
2021-06-20;Køge;403;259
2021-06-20;Halsnæs;172;260
2021-06-20;Roskilde;570;265
2021-06-20;Solrød;146;269
2021-06-20;Gribskov;205;270
2021-06-20;Odsherred;46;306
2021-06-20;Holbæk;164;316
2021-06-20;Faxe;137;320
2021-06-20;Kalundborg;50;326
2021-06-20;Ringsted;105;329
2021-06-20;Slagelse;162;330
2021-06-20;Stevns;113;336
2021-06-20;Sorø;51;340
2021-06-20;Lejre;79;350
2021-06-20;Lolland;84;360
2021-06-20;Næstved;150;370
2021-06-20;Guldborgsund;80;376
2021-06-20;Vordingborg;52;390
2021-06-20;Bornholm;90;400
2021-06-20;Middelfart;281;410
2021-06-20;Assens;181;420
2021-06-20;Faaborg-Midtfyn;257;430
2021-06-20;Kerteminde;104;440
2021-06-20;Nyborg;126;450
2021-06-20;Odense;966;461
2021-06-20;Svendborg;324;479
2021-06-20;Nordfyn;107;480
2021-06-20;Langeland;24;482
2021-06-20;Ærø;5;492
2021-06-20;Haderslev;65;510
2021-06-20;Billund;214;530
2021-06-20;Sønderborg;204;540
2021-06-20;Tønder;26;550
2021-06-20;Esbjerg;221;561
2021-06-20;Fanø;3;563
2021-06-20;Varde;92;573
2021-06-20;Vejen;179;575
2021-06-20;Aabenraa;22;580
2021-06-20;Fredericia;543;607
2021-06-20;Horsens;134;615
2021-06-20;Kolding;579;621
2021-06-20;Vejle;1240;630
2021-06-20;Herning;47;657
2021-06-20;Holstebro;19;661
2021-06-20;Lemvig;3;665
2021-06-20;Struer;2;671
2021-06-20;Syddjurs;46;706
2021-06-20;Norddjurs;12;707
2021-06-20;Favrskov;148;710
2021-06-20;Odder;16;727
2021-06-20;Randers;99;730
2021-06-20;Silkeborg;34;740
2021-06-20;Samsø;2;741
2021-06-20;Skanderborg;70;746
2021-06-20;Århus;3666;751
2021-06-20;Ikast-Brande;100;756
2021-06-20;Ringkøbing-Skjern;25;760
2021-06-20;Hedensted;238;766
2021-06-20;Morsø;2;773
2021-06-20;Skive;5;779
2021-06-20;Thisted;6;787
2021-06-20;Viborg;12;791
2021-06-20;Brønderslev;500;810
2021-06-20;Frederikshavn;1168;813
2021-06-20;Vesthimmerland;8;820
2021-06-20;Læsø;4;825
2021-06-20;Rebild;18;840
2021-06-20;Mariagerfjord;23;846
2021-06-20;Jammerbugt;174;849
2021-06-20;Aalborg;2591;851
2021-06-20;Hjørring;669;860
2021-06-21;København;4525;101
2021-06-21;Frederiksberg;676;147
2021-06-21;Ballerup;262;151
2021-06-21;Brøndby;133;153
2021-06-21;Dragør;47;155
2021-06-21;Gentofte;340;157
2021-06-21;Gladsaxe;371;159
2021-06-21;Glostrup;115;161
2021-06-21;Herlev;191;163
2021-06-21;Albertslund;129;165
2021-06-21;Hvidovre;284;167
2021-06-21;Høje Tåstrup;264;169
2021-06-21;Lyngby-Taarbæk;363;173
2021-06-21;Rødovre;225;175
2021-06-21;Ishøj;70;183
2021-06-21;Tårnby;175;185
2021-06-21;Vallensbæk;71;187
2021-06-21;Furesø;212;190
2021-06-21;Allerød;155;201
2021-06-21;Fredensborg;316;210
2021-06-21;Helsingør;580;217
2021-06-21;Hillerød;370;219
2021-06-21;Hørsholm;133;223
2021-06-21;Rudersdal;254;230
2021-06-21;Egedal;241;240
2021-06-21;Frederikssund;204;250
2021-06-21;Greve;317;253
2021-06-21;Køge;315;259
2021-06-21;Halsnæs;216;260
2021-06-21;Roskilde;584;265
2021-06-21;Solrød;129;269
2021-06-21;Gribskov;254;270
2021-06-21;Odsherred;276;306
2021-06-21;Holbæk;263;316
2021-06-21;Faxe;219;320
2021-06-21;Kalundborg;199;326
2021-06-21;Ringsted;83;329
2021-06-21;Slagelse;116;330
2021-06-21;Stevns;221;336
2021-06-21;Sorø;34;340
2021-06-21;Lejre;177;350
2021-06-21;Lolland;166;360
2021-06-21;Næstved;406;370
2021-06-21;Guldborgsund;226;376
2021-06-21;Vordingborg;79;390
2021-06-21;Bornholm;121;400
2021-06-21;Middelfart;263;410
2021-06-21;Assens;227;420
2021-06-21;Faaborg-Midtfyn;551;430
2021-06-21;Kerteminde;98;440
2021-06-21;Nyborg;136;450
2021-06-21;Odense;1612;461
2021-06-21;Svendborg;527;479
2021-06-21;Nordfyn;77;480
2021-06-21;Langeland;59;482
2021-06-21;Ærø;11;492
2021-06-21;Haderslev;183;510
2021-06-21;Billund;110;530
2021-06-21;Sønderborg;345;540
2021-06-21;Tønder;461;550
2021-06-21;Esbjerg;304;561
2021-06-21;Fanø;2;563
2021-06-21;Varde;110;573
2021-06-21;Vejen;120;575
2021-06-21;Aabenraa;319;580
2021-06-21;Fredericia;387;607
2021-06-21;Horsens;811;615
2021-06-21;Kolding;687;621
2021-06-21;Vejle;843;630
2021-06-21;Herning;910;657
2021-06-21;Holstebro;168;661
2021-06-21;Lemvig;286;665
2021-06-21;Struer;63;671
2021-06-21;Syddjurs;354;706
2021-06-21;Norddjurs;363;707
2021-06-21;Favrskov;451;710
2021-06-21;Odder;163;727
2021-06-21;Randers;895;730
2021-06-21;Silkeborg;998;740
2021-06-21;Samsø;1;741
2021-06-21;Skanderborg;365;746
2021-06-21;Århus;2389;751
2021-06-21;Ikast-Brande;685;756
2021-06-21;Ringkøbing-Skjern;103;760
2021-06-21;Hedensted;373;766
2021-06-21;Morsø;176;773
2021-06-21;Skive;293;779
2021-06-21;Thisted;559;787
2021-06-21;Viborg;906;791
2021-06-21;Brønderslev;323;810
2021-06-21;Frederikshavn;896;813
2021-06-21;Vesthimmerland;76;820
2021-06-21;Læsø;2;825
2021-06-21;Rebild;221;840
2021-06-21;Mariagerfjord;602;846
2021-06-21;Jammerbugt;255;849
2021-06-21;Aalborg;2546;851
2021-06-21;Hjørring;632;860
2021-06-22;København;5385;101
2021-06-22;Frederiksberg;703;147
2021-06-22;Ballerup;260;151
2021-06-22;Brøndby;135;153
2021-06-22;Dragør;57;155
2021-06-22;Gentofte;422;157
2021-06-22;Gladsaxe;397;159
2021-06-22;Glostrup;111;161
2021-06-22;Herlev;166;163
2021-06-22;Albertslund;106;165
2021-06-22;Hvidovre;246;167
2021-06-22;Høje Tåstrup;246;169
2021-06-22;Lyngby-Taarbæk;512;173
2021-06-22;Rødovre;181;175
2021-06-22;Ishøj;70;183
2021-06-22;Tårnby;243;185
2021-06-22;Vallensbæk;58;187
2021-06-22;Furesø;260;190
2021-06-22;Allerød;186;201
2021-06-22;Fredensborg;459;210
2021-06-22;Helsingør;1212;217
2021-06-22;Hillerød;365;219
2021-06-22;Hørsholm;237;223
2021-06-22;Rudersdal;512;230
2021-06-22;Egedal;225;240
2021-06-22;Frederikssund;168;250
2021-06-22;Greve;280;253
2021-06-22;Køge;300;259
2021-06-22;Halsnæs;145;260
2021-06-22;Roskilde;740;265
2021-06-22;Solrød;141;269
2021-06-22;Gribskov;221;270
2021-06-22;Odsherred;357;306
2021-06-22;Holbæk;386;316
2021-06-22;Faxe;121;320
2021-06-22;Kalundborg;322;326
2021-06-22;Ringsted;191;329
2021-06-22;Slagelse;189;330
2021-06-22;Stevns;133;336
2021-06-22;Sorø;70;340
2021-06-22;Lejre;154;350
2021-06-22;Lolland;221;360
2021-06-22;Næstved;362;370
2021-06-22;Guldborgsund;406;376
2021-06-22;Vordingborg;381;390
2021-06-22;Bornholm;66;400
2021-06-22;Middelfart;368;410
2021-06-22;Assens;229;420
2021-06-22;Faaborg-Midtfyn;205;430
2021-06-22;Kerteminde;300;440
2021-06-22;Nyborg;372;450
2021-06-22;Odense;1282;461
2021-06-22;Svendborg;310;479
2021-06-22;Nordfyn;145;480
2021-06-22;Langeland;22;482
2021-06-22;Ærø;2;492
2021-06-22;Haderslev;701;510
2021-06-22;Billund;92;530
2021-06-22;Sønderborg;383;540
2021-06-22;Tønder;154;550
2021-06-22;Esbjerg;597;561
2021-06-22;Fanø;6;563
2021-06-22;Varde;157;573
2021-06-22;Vejen;236;575
2021-06-22;Aabenraa;386;580
2021-06-22;Fredericia;544;607
2021-06-22;Horsens;875;615
2021-06-22;Kolding;1189;621
2021-06-22;Vejle;898;630
2021-06-22;Herning;1355;657
2021-06-22;Holstebro;972;661
2021-06-22;Lemvig;31;665
2021-06-22;Struer;265;671
2021-06-22;Syddjurs;334;706
2021-06-22;Norddjurs;315;707
2021-06-22;Favrskov;428;710
2021-06-22;Odder;178;727
2021-06-22;Randers;836;730
2021-06-22;Silkeborg;866;740
2021-06-22;Samsø;1;741
2021-06-22;Skanderborg;659;746
2021-06-22;Århus;3751;751
2021-06-22;Ikast-Brande;160;756
2021-06-22;Ringkøbing-Skjern;322;760
2021-06-22;Hedensted;299;766
2021-06-22;Morsø;205;773
2021-06-22;Skive;383;779
2021-06-22;Thisted;541;787
2021-06-22;Viborg;896;791
2021-06-22;Brønderslev;348;810
2021-06-22;Frederikshavn;361;813
2021-06-22;Vesthimmerland;929;820
2021-06-22;Rebild;357;840
2021-06-22;Mariagerfjord;149;846
2021-06-22;Jammerbugt;443;849
2021-06-22;Aalborg;2888;851
2021-06-22;Hjørring;536;860
2021-06-23;København;3913;101
2021-06-23;Frederiksberg;485;147
2021-06-23;Ballerup;180;151
2021-06-23;Brøndby;96;153
2021-06-23;Dragør;47;155
2021-06-23;Gentofte;250;157
2021-06-23;Gladsaxe;274;159
2021-06-23;Glostrup;99;161
2021-06-23;Herlev;141;163
2021-06-23;Albertslund;86;165
2021-06-23;Hvidovre;208;167
2021-06-23;Høje Tåstrup;192;169
2021-06-23;Lyngby-Taarbæk;339;173
2021-06-23;Rødovre;146;175
2021-06-23;Ishøj;51;183
2021-06-23;Tårnby;163;185
2021-06-23;Vallensbæk;52;187
2021-06-23;Furesø;199;190
2021-06-23;Allerød;120;201
2021-06-23;Fredensborg;77;210
2021-06-23;Helsingør;73;217
2021-06-23;Hillerød;170;219
2021-06-23;Hørsholm;89;223
2021-06-23;Rudersdal;335;230
2021-06-23;Egedal;158;240
2021-06-23;Frederikssund;123;250
2021-06-23;Greve;283;253
2021-06-23;Køge;416;259
2021-06-23;Halsnæs;55;260
2021-06-23;Roskilde;609;265
2021-06-23;Solrød;213;269
2021-06-23;Gribskov;77;270
2021-06-23;Odsherred;78;306
2021-06-23;Holbæk;411;316
2021-06-23;Faxe;372;320
2021-06-23;Kalundborg;242;326
2021-06-23;Ringsted;211;329
2021-06-23;Slagelse;285;330
2021-06-23;Stevns;366;336
2021-06-23;Sorø;178;340
2021-06-23;Lejre;188;350
2021-06-23;Lolland;266;360
2021-06-23;Næstved;538;370
2021-06-23;Guldborgsund;344;376
2021-06-23;Vordingborg;228;390
2021-06-23;Bornholm;43;400
2021-06-23;Middelfart;200;410
2021-06-23;Assens;408;420
2021-06-23;Faaborg-Midtfyn;359;430
2021-06-23;Kerteminde;95;440
2021-06-23;Nyborg;173;450
2021-06-23;Odense;1402;461
2021-06-23;Svendborg;621;479
2021-06-23;Nordfyn;418;480
2021-06-23;Langeland;43;482
2021-06-23;Ærø;10;492
2021-06-23;Haderslev;236;510
2021-06-23;Billund;134;530
2021-06-23;Sønderborg;228;540
2021-06-23;Tønder;249;550
2021-06-23;Esbjerg;540;561
2021-06-23;Fanø;7;563
2021-06-23;Varde;251;573
2021-06-23;Vejen;181;575
2021-06-23;Aabenraa;159;580
2021-06-23;Fredericia;289;607
2021-06-23;Horsens;1106;615
2021-06-23;Kolding;583;621
2021-06-23;Vejle;697;630
2021-06-23;Herning;303;657
2021-06-23;Holstebro;1017;661
2021-06-23;Lemvig;44;665
2021-06-23;Struer;315;671
2021-06-23;Syddjurs;306;706
2021-06-23;Norddjurs;342;707
2021-06-23;Favrskov;352;710
2021-06-23;Odder;170;727
2021-06-23;Randers;884;730
2021-06-23;Silkeborg;800;740
2021-06-23;Samsø;73;741
2021-06-23;Skanderborg;308;746
2021-06-23;Århus;2668;751
2021-06-23;Ikast-Brande;167;756
2021-06-23;Ringkøbing-Skjern;628;760
2021-06-23;Hedensted;544;766
2021-06-23;Morsø;128;773
2021-06-23;Skive;357;779
2021-06-23;Thisted;263;787
2021-06-23;Viborg;880;791
2021-06-23;Brønderslev;406;810
2021-06-23;Frederikshavn;585;813
2021-06-23;Vesthimmerland;472;820
2021-06-23;Rebild;301;840
2021-06-23;Mariagerfjord;345;846
2021-06-23;Jammerbugt;360;849
2021-06-23;Aalborg;2924;851
2021-06-23;Hjørring;584;860
2021-06-24;København;3742;101
2021-06-24;Frederiksberg;526;147
2021-06-24;Ballerup;164;151
2021-06-24;Brøndby;121;153
2021-06-24;Dragør;48;155
2021-06-24;Gentofte;252;157
2021-06-24;Gladsaxe;260;159
2021-06-24;Glostrup;66;161
2021-06-24;Herlev;101;163
2021-06-24;Albertslund;70;165
2021-06-24;Hvidovre;214;167
2021-06-24;Høje Tåstrup;170;169
2021-06-24;Lyngby-Taarbæk;204;173
2021-06-24;Rødovre;132;175
2021-06-24;Ishøj;77;183
2021-06-24;Tårnby;167;185
2021-06-24;Vallensbæk;63;187
2021-06-24;Furesø;126;190
2021-06-24;Allerød;94;201
2021-06-24;Fredensborg;93;210
2021-06-24;Helsingør;90;217
2021-06-24;Hillerød;211;219
2021-06-24;Hørsholm;59;223
2021-06-24;Rudersdal;146;230
2021-06-24;Egedal;174;240
2021-06-24;Frederikssund;384;250
2021-06-24;Greve;274;253
2021-06-24;Køge;567;259
2021-06-24;Halsnæs;137;260
2021-06-24;Roskilde;755;265
2021-06-24;Solrød;165;269
2021-06-24;Gribskov;90;270
2021-06-24;Odsherred;90;306
2021-06-24;Holbæk;471;316
2021-06-24;Faxe;211;320
2021-06-24;Kalundborg;104;326
2021-06-24;Ringsted;384;329
2021-06-24;Slagelse;688;330
2021-06-24;Stevns;73;336
2021-06-24;Sorø;146;340
2021-06-24;Lejre;147;350
2021-06-24;Lolland;214;360
2021-06-24;Næstved;656;370
2021-06-24;Guldborgsund;344;376
2021-06-24;Vordingborg;295;390
2021-06-24;Bornholm;49;400
2021-06-24;Middelfart;75;410
2021-06-24;Assens;73;420
2021-06-24;Faaborg-Midtfyn;318;430
2021-06-24;Kerteminde;84;440
2021-06-24;Nyborg;281;450
2021-06-24;Odense;507;461
2021-06-24;Svendborg;412;479
2021-06-24;Nordfyn;44;480
2021-06-24;Langeland;20;482
2021-06-24;Ærø;8;492
2021-06-24;Haderslev;438;510
2021-06-24;Billund;446;530
2021-06-24;Sønderborg;358;540
2021-06-24;Tønder;115;550
2021-06-24;Esbjerg;399;561
2021-06-24;Fanø;6;563
2021-06-24;Varde;190;573
2021-06-24;Vejen;203;575
2021-06-24;Aabenraa;334;580
2021-06-24;Fredericia;203;607
2021-06-24;Horsens;1130;615
2021-06-24;Kolding;429;621
2021-06-24;Vejle;292;630
2021-06-24;Herning;1012;657
2021-06-24;Holstebro;531;661
2021-06-24;Lemvig;323;665
2021-06-24;Struer;235;671
2021-06-24;Syddjurs;283;706
2021-06-24;Norddjurs;255;707
2021-06-24;Favrskov;358;710
2021-06-24;Odder;151;727
2021-06-24;Randers;1115;730
2021-06-24;Silkeborg;794;740
2021-06-24;Samsø;4;741
2021-06-24;Skanderborg;252;746
2021-06-24;Århus;2132;751
2021-06-24;Ikast-Brande;554;756
2021-06-24;Ringkøbing-Skjern;919;760
2021-06-24;Hedensted;502;766
2021-06-24;Morsø;201;773
2021-06-24;Skive;372;779
2021-06-24;Thisted;399;787
2021-06-24;Viborg;910;791
2021-06-24;Brønderslev;167;810
2021-06-24;Frederikshavn;25;813
2021-06-24;Vesthimmerland;58;820
2021-06-24;Læsø;8;825
2021-06-24;Rebild;124;840
2021-06-24;Mariagerfjord;326;846
2021-06-24;Jammerbugt;196;849
2021-06-24;Aalborg;1117;851
2021-06-24;Hjørring;470;860
2021-06-25;København;4742;101
2021-06-25;Frederiksberg;629;147
2021-06-25;Ballerup;232;151
2021-06-25;Brøndby;80;153
2021-06-25;Dragør;62;155
2021-06-25;Gentofte;315;157
2021-06-25;Gladsaxe;386;159
2021-06-25;Glostrup;76;161
2021-06-25;Herlev;151;163
2021-06-25;Albertslund;77;165
2021-06-25;Hvidovre;199;167
2021-06-25;Høje Tåstrup;122;169
2021-06-25;Lyngby-Taarbæk;252;173
2021-06-25;Rødovre;204;175
2021-06-25;Ishøj;46;183
2021-06-25;Tårnby;181;185
2021-06-25;Vallensbæk;38;187
2021-06-25;Furesø;125;190
2021-06-25;Allerød;17;201
2021-06-25;Fredensborg;22;210
2021-06-25;Helsingør;10;217
2021-06-25;Hillerød;16;219
2021-06-25;Hørsholm;17;223
2021-06-25;Rudersdal;87;230
2021-06-25;Egedal;183;240
2021-06-25;Frederikssund;50;250
2021-06-25;Greve;139;253
2021-06-25;Køge;327;259
2021-06-25;Halsnæs;5;260
2021-06-25;Roskilde;306;265
2021-06-25;Solrød;152;269
2021-06-25;Gribskov;14;270
2021-06-25;Odsherred;22;306
2021-06-25;Holbæk;219;316
2021-06-25;Faxe;157;320
2021-06-25;Kalundborg;59;326
2021-06-25;Ringsted;216;329
2021-06-25;Slagelse;156;330
2021-06-25;Stevns;54;336
2021-06-25;Sorø;141;340
2021-06-25;Lejre;94;350
2021-06-25;Lolland;160;360
2021-06-25;Næstved;239;370
2021-06-25;Guldborgsund;83;376
2021-06-25;Vordingborg;24;390
2021-06-25;Bornholm;41;400
2021-06-25;Middelfart;246;410
2021-06-25;Assens;215;420
2021-06-25;Faaborg-Midtfyn;254;430
2021-06-25;Kerteminde;127;440
2021-06-25;Nyborg;163;450
2021-06-25;Odense;1174;461
2021-06-25;Svendborg;424;479
2021-06-25;Nordfyn;128;480
2021-06-25;Langeland;201;482
2021-06-25;Ærø;207;492
2021-06-25;Haderslev;382;510
2021-06-25;Billund;181;530
2021-06-25;Sønderborg;295;540
2021-06-25;Tønder;212;550
2021-06-25;Esbjerg;514;561
2021-06-25;Fanø;10;563
2021-06-25;Varde;186;573
2021-06-25;Vejen;609;575
2021-06-25;Aabenraa;481;580
2021-06-25;Fredericia;419;607
2021-06-25;Horsens;501;615
2021-06-25;Kolding;407;621
2021-06-25;Vejle;795;630
2021-06-25;Herning;712;657
2021-06-25;Holstebro;276;661
2021-06-25;Lemvig;21;665
2021-06-25;Struer;61;671
2021-06-25;Syddjurs;369;706
2021-06-25;Norddjurs;285;707
2021-06-25;Favrskov;303;710
2021-06-25;Odder;154;727
2021-06-25;Randers;642;730
2021-06-25;Silkeborg;718;740
2021-06-25;Samsø;1;741
2021-06-25;Skanderborg;408;746
2021-06-25;Århus;1493;751
2021-06-25;Ikast-Brande;182;756
2021-06-25;Ringkøbing-Skjern;127;760
2021-06-25;Hedensted;382;766
2021-06-25;Morsø;159;773
2021-06-25;Skive;335;779
2021-06-25;Thisted;370;787
2021-06-25;Viborg;850;791
2021-06-25;Brønderslev;195;810
2021-06-25;Frederikshavn;36;813
2021-06-25;Vesthimmerland;50;820
2021-06-25;Rebild;63;840
2021-06-25;Mariagerfjord;45;846
2021-06-25;Jammerbugt;195;849
2021-06-25;Aalborg;1148;851
2021-06-25;Hjørring;437;860
2021-06-26;København;4740;101
2021-06-26;Frederiksberg;651;147
2021-06-26;Ballerup;131;151
2021-06-26;Brøndby;77;153
2021-06-26;Dragør;43;155
2021-06-26;Gentofte;250;157
2021-06-26;Gladsaxe;276;159
2021-06-26;Glostrup;63;161
2021-06-26;Herlev;99;163
2021-06-26;Albertslund;92;165
2021-06-26;Hvidovre;211;167
2021-06-26;Høje Tåstrup;120;169
2021-06-26;Lyngby-Taarbæk;221;173
2021-06-26;Rødovre;122;175
2021-06-26;Ishøj;35;183
2021-06-26;Tårnby;194;185
2021-06-26;Vallensbæk;34;187
2021-06-26;Furesø;98;190
2021-06-26;Allerød;62;201
2021-06-26;Fredensborg;91;210
2021-06-26;Helsingør;88;217
2021-06-26;Hillerød;178;219
2021-06-26;Hørsholm;37;223
2021-06-26;Rudersdal;141;230
2021-06-26;Egedal;102;240
2021-06-26;Frederikssund;94;250
2021-06-26;Greve;103;253
2021-06-26;Køge;238;259
2021-06-26;Halsnæs;58;260
2021-06-26;Roskilde;322;265
2021-06-26;Solrød;99;269
2021-06-26;Gribskov;97;270
2021-06-26;Odsherred;21;306
2021-06-26;Holbæk;123;316
2021-06-26;Faxe;72;320
2021-06-26;Kalundborg;38;326
2021-06-26;Ringsted;46;329
2021-06-26;Slagelse;188;330
2021-06-26;Stevns;34;336
2021-06-26;Sorø;27;340
2021-06-26;Lejre;50;350
2021-06-26;Lolland;56;360
2021-06-26;Næstved;303;370
2021-06-26;Guldborgsund;267;376
2021-06-26;Vordingborg;75;390
2021-06-26;Bornholm;28;400
2021-06-26;Middelfart;173;410
2021-06-26;Assens;214;420
2021-06-26;Faaborg-Midtfyn;219;430
2021-06-26;Kerteminde;83;440
2021-06-26;Nyborg;136;450
2021-06-26;Odense;890;461
2021-06-26;Svendborg;282;479
2021-06-26;Nordfyn;136;480
2021-06-26;Langeland;22;482
2021-06-26;Ærø;5;492
2021-06-26;Haderslev;206;510
2021-06-26;Billund;114;530
2021-06-26;Sønderborg;239;540
2021-06-26;Tønder;80;550
2021-06-26;Esbjerg;231;561
2021-06-26;Fanø;2;563
2021-06-26;Varde;116;573
2021-06-26;Vejen;155;575
2021-06-26;Aabenraa;238;580
2021-06-26;Fredericia;234;607
2021-06-26;Horsens;63;615
2021-06-26;Kolding;224;621
2021-06-26;Vejle;560;630
2021-06-26;Herning;20;657
2021-06-26;Holstebro;18;661
2021-06-26;Lemvig;10;665
2021-06-26;Struer;12;671
2021-06-26;Syddjurs;3;706
2021-06-26;Norddjurs;7;707
2021-06-26;Favrskov;15;710
2021-06-26;Odder;1;727
2021-06-26;Randers;304;730
2021-06-26;Silkeborg;13;740
2021-06-26;Skanderborg;3;746
2021-06-26;Århus;144;751
2021-06-26;Ikast-Brande;27;756
2021-06-26;Ringkøbing-Skjern;48;760
2021-06-26;Hedensted;49;766
2021-06-26;Morsø;104;773
2021-06-26;Skive;20;779
2021-06-26;Thisted;247;787
2021-06-26;Viborg;85;791
2021-06-26;Brønderslev;66;810
2021-06-26;Frederikshavn;13;813
2021-06-26;Vesthimmerland;75;820
2021-06-26;Rebild;214;840
2021-06-26;Mariagerfjord;413;846
2021-06-26;Jammerbugt;213;849
2021-06-26;Aalborg;1753;851
2021-06-26;Hjørring;20;860
2021-06-27;København;4592;101
2021-06-27;Frederiksberg;626;147
2021-06-27;Ballerup;191;151
2021-06-27;Brøndby;84;153
2021-06-27;Dragør;54;155
2021-06-27;Gentofte;262;157
2021-06-27;Gladsaxe;361;159
2021-06-27;Glostrup;108;161
2021-06-27;Herlev;134;163
2021-06-27;Albertslund;100;165
2021-06-27;Hvidovre;180;167
2021-06-27;Høje Tåstrup;148;169
2021-06-27;Lyngby-Taarbæk;297;173
2021-06-27;Rødovre;174;175
2021-06-27;Ishøj;51;183
2021-06-27;Tårnby;152;185
2021-06-27;Vallensbæk;51;187
2021-06-27;Furesø;140;190
2021-06-27;Allerød;127;201
2021-06-27;Fredensborg;176;210
2021-06-27;Helsingør;147;217
2021-06-27;Hillerød;356;219
2021-06-27;Hørsholm;94;223
2021-06-27;Rudersdal;236;230
2021-06-27;Egedal;172;240
2021-06-27;Frederikssund;165;250
2021-06-27;Greve;138;253
2021-06-27;Køge;188;259
2021-06-27;Halsnæs;157;260
2021-06-27;Roskilde;316;265
2021-06-27;Solrød;87;269
2021-06-27;Gribskov;179;270
2021-06-27;Odsherred;12;306
2021-06-27;Holbæk;157;316
2021-06-27;Faxe;58;320
2021-06-27;Kalundborg;6;326
2021-06-27;Ringsted;35;329
2021-06-27;Slagelse;132;330
2021-06-27;Stevns;29;336
2021-06-27;Sorø;12;340
2021-06-27;Lejre;57;350
2021-06-27;Lolland;16;360
2021-06-27;Næstved;61;370
2021-06-27;Guldborgsund;88;376
2021-06-27;Vordingborg;22;390
2021-06-27;Bornholm;154;400
2021-06-27;Middelfart;165;410
2021-06-27;Assens;205;420
2021-06-27;Faaborg-Midtfyn;125;430
2021-06-27;Kerteminde;99;440
2021-06-27;Nyborg;65;450
2021-06-27;Odense;839;461
2021-06-27;Svendborg;46;479
2021-06-27;Nordfyn;136;480
2021-06-27;Langeland;2;482
2021-06-27;Ærø;1;492
2021-06-27;Haderslev;137;510
2021-06-27;Billund;67;530
2021-06-27;Sønderborg;242;540
2021-06-27;Tønder;40;550
2021-06-27;Esbjerg;22;561
2021-06-27;Varde;9;573
2021-06-27;Vejen;93;575
2021-06-27;Aabenraa;190;580
2021-06-27;Fredericia;188;607
2021-06-27;Horsens;171;615
2021-06-27;Kolding;218;621
2021-06-27;Vejle;592;630
2021-06-27;Herning;23;657
2021-06-27;Holstebro;5;661
2021-06-27;Struer;3;671
2021-06-27;Norddjurs;2;707
2021-06-27;Favrskov;1;710
2021-06-27;Odder;4;727
2021-06-27;Randers;6;730
2021-06-27;Silkeborg;4;740
2021-06-27;Skanderborg;11;746
2021-06-27;Århus;114;751
2021-06-27;Ikast-Brande;57;756
2021-06-27;Ringkøbing-Skjern;5;760
2021-06-27;Hedensted;90;766
2021-06-27;Thisted;2;787
2021-06-27;Viborg;7;791
2021-06-27;Brønderslev;42;810
2021-06-27;Frederikshavn;5;813
2021-06-27;Vesthimmerland;11;820
2021-06-27;Rebild;64;840
2021-06-27;Mariagerfjord;8;846
2021-06-27;Jammerbugt;73;849
2021-06-27;Aalborg;841;851
2021-06-27;Hjørring;2;860
2021-06-28;København;2983;101
2021-06-28;Frederiksberg;437;147
2021-06-28;Ballerup;156;151
2021-06-28;Brøndby;53;153
2021-06-28;Dragør;39;155
2021-06-28;Gentofte;158;157
2021-06-28;Gladsaxe;237;159
2021-06-28;Glostrup;49;161
2021-06-28;Herlev;70;163
2021-06-28;Albertslund;63;165
2021-06-28;Hvidovre;104;167
2021-06-28;Høje Tåstrup;118;169
2021-06-28;Lyngby-Taarbæk;120;173
2021-06-28;Rødovre;113;175
2021-06-28;Ishøj;31;183
2021-06-28;Tårnby;105;185
2021-06-28;Vallensbæk;28;187
2021-06-28;Furesø;78;190
2021-06-28;Allerød;10;201
2021-06-28;Fredensborg;26;210
2021-06-28;Helsingør;25;217
2021-06-28;Hillerød;21;219
2021-06-28;Hørsholm;9;223
2021-06-28;Rudersdal;61;230
2021-06-28;Egedal;133;240
2021-06-28;Frederikssund;49;250
2021-06-28;Greve;188;253
2021-06-28;Køge;262;259
2021-06-28;Halsnæs;7;260
2021-06-28;Roskilde;386;265
2021-06-28;Solrød;109;269
2021-06-28;Gribskov;6;270
2021-06-28;Odsherred;287;306
2021-06-28;Holbæk;337;316
2021-06-28;Faxe;152;320
2021-06-28;Kalundborg;386;326
2021-06-28;Ringsted;247;329
2021-06-28;Slagelse;248;330
2021-06-28;Stevns;176;336
2021-06-28;Sorø;80;340
2021-06-28;Lejre;138;350
2021-06-28;Lolland;263;360
2021-06-28;Næstved;357;370
2021-06-28;Guldborgsund;310;376
2021-06-28;Vordingborg;437;390
2021-06-28;Bornholm;46;400
2021-06-28;Middelfart;333;410
2021-06-28;Assens;261;420
2021-06-28;Faaborg-Midtfyn;336;430
2021-06-28;Kerteminde;116;440
2021-06-28;Nyborg;83;450
2021-06-28;Odense;996;461
2021-06-28;Svendborg;170;479
2021-06-28;Nordfyn;187;480
2021-06-28;Langeland;12;482
2021-06-28;Ærø;7;492
2021-06-28;Haderslev;294;510
2021-06-28;Billund;52;530
2021-06-28;Sønderborg;212;540
2021-06-28;Tønder;526;550
2021-06-28;Esbjerg;44;561
2021-06-28;Fanø;138;563
2021-06-28;Varde;15;573
2021-06-28;Vejen;117;575
2021-06-28;Aabenraa;466;580
2021-06-28;Fredericia;584;607
2021-06-28;Horsens;316;615
2021-06-28;Kolding;742;621
2021-06-28;Vejle;596;630
2021-06-28;Herning;97;657
2021-06-28;Holstebro;38;661
2021-06-28;Lemvig;5;665
2021-06-28;Struer;13;671
2021-06-28;Syddjurs;465;706
2021-06-28;Norddjurs;430;707
2021-06-28;Favrskov;515;710
2021-06-28;Odder;151;727
2021-06-28;Randers;1107;730
2021-06-28;Silkeborg;401;740
2021-06-28;Samsø;2;741
2021-06-28;Skanderborg;680;746
2021-06-28;Århus;4018;751
2021-06-28;Ikast-Brande;72;756
2021-06-28;Ringkøbing-Skjern;22;760
2021-06-28;Hedensted;143;766
2021-06-28;Morsø;96;773
2021-06-28;Skive;128;779
2021-06-28;Thisted;317;787
2021-06-28;Viborg;388;791
2021-06-28;Brønderslev;526;810
2021-06-28;Frederikshavn;903;813
2021-06-28;Vesthimmerland;51;820
2021-06-28;Læsø;1;825
2021-06-28;Rebild;165;840
2021-06-28;Mariagerfjord;163;846
2021-06-28;Jammerbugt;364;849
2021-06-28;Aalborg;2406;851
2021-06-28;Hjørring;578;860
2021-06-29;København;2388;101
2021-06-29;Frederiksberg;328;147
2021-06-29;Ballerup;67;151
2021-06-29;Brøndby;50;153
2021-06-29;Dragør;19;155
2021-06-29;Gentofte;124;157
2021-06-29;Gladsaxe;138;159
2021-06-29;Glostrup;38;161
2021-06-29;Herlev;39;163
2021-06-29;Albertslund;40;165
2021-06-29;Hvidovre;68;167
2021-06-29;Høje Tåstrup;131;169
2021-06-29;Lyngby-Taarbæk;161;173
2021-06-29;Rødovre;67;175
2021-06-29;Ishøj;34;183
2021-06-29;Tårnby;67;185
2021-06-29;Vallensbæk;29;187
2021-06-29;Furesø;76;190
2021-06-29;Allerød;74;201
2021-06-29;Fredensborg;78;210
2021-06-29;Helsingør;93;217
2021-06-29;Hillerød;172;219
2021-06-29;Hørsholm;70;223
2021-06-29;Rudersdal;191;230
2021-06-29;Egedal;59;240
2021-06-29;Frederikssund;107;250
2021-06-29;Greve;158;253
2021-06-29;Køge;317;259
2021-06-29;Halsnæs;86;260
2021-06-29;Roskilde;573;265
2021-06-29;Solrød;64;269
2021-06-29;Gribskov;73;270
2021-06-29;Odsherred;263;306
2021-06-29;Holbæk;349;316
2021-06-29;Faxe;382;320
2021-06-29;Kalundborg;390;326
2021-06-29;Ringsted;248;329
2021-06-29;Slagelse;138;330
2021-06-29;Stevns;184;336
2021-06-29;Sorø;70;340
2021-06-29;Lejre;92;350
2021-06-29;Lolland;225;360
2021-06-29;Næstved;526;370
2021-06-29;Guldborgsund;194;376
2021-06-29;Vordingborg;355;390
2021-06-29;Bornholm;8;400
2021-06-29;Middelfart;329;410
2021-06-29;Assens;200;420
2021-06-29;Faaborg-Midtfyn;136;430
2021-06-29;Kerteminde;251;440
2021-06-29;Nyborg;255;450
2021-06-29;Odense;1001;461
2021-06-29;Svendborg;192;479
2021-06-29;Nordfyn;117;480
2021-06-29;Langeland;9;482
2021-06-29;Ærø;4;492
2021-06-29;Haderslev;729;510
2021-06-29;Billund;201;530
2021-06-29;Sønderborg;219;540
2021-06-29;Tønder;159;550
2021-06-29;Esbjerg;725;561
2021-06-29;Fanø;2;563
2021-06-29;Varde;183;573
2021-06-29;Vejen;455;575
2021-06-29;Aabenraa;504;580
2021-06-29;Fredericia;416;607
2021-06-29;Horsens;263;615
2021-06-29;Kolding;980;621
2021-06-29;Vejle;1220;630
2021-06-29;Herning;321;657
2021-06-29;Holstebro;183;661
2021-06-29;Lemvig;105;665
2021-06-29;Struer;64;671
2021-06-29;Syddjurs;229;706
2021-06-29;Norddjurs;164;707
2021-06-29;Favrskov;375;710
2021-06-29;Odder;132;727
2021-06-29;Randers;965;730
2021-06-29;Silkeborg;466;740
2021-06-29;Samsø;2;741
2021-06-29;Skanderborg;444;746
2021-06-29;Århus;4071;751
2021-06-29;Ikast-Brande;139;756
2021-06-29;Ringkøbing-Skjern;106;760
2021-06-29;Hedensted;178;766
2021-06-29;Morsø;9;773
2021-06-29;Skive;139;779
2021-06-29;Thisted;16;787
2021-06-29;Viborg;370;791
2021-06-29;Brønderslev;39;810
2021-06-29;Frederikshavn;14;813
2021-06-29;Vesthimmerland;377;820
2021-06-29;Rebild;318;840
2021-06-29;Mariagerfjord;221;846
2021-06-29;Jammerbugt;95;849
2021-06-29;Aalborg;2048;851
2021-06-29;Hjørring;963;860
2021-06-30;København;4513;101
2021-06-30;Frederiksberg;603;147
2021-06-30;Ballerup;290;151
2021-06-30;Brøndby;63;153
2021-06-30;Dragør;71;155
2021-06-30;Gentofte;287;157
2021-06-30;Gladsaxe;424;159
2021-06-30;Glostrup;110;161
2021-06-30;Herlev;159;163
2021-06-30;Albertslund;89;165
2021-06-30;Hvidovre;210;167
2021-06-30;Høje Tåstrup;122;169
2021-06-30;Lyngby-Taarbæk;379;173
2021-06-30;Rødovre;213;175
2021-06-30;Ishøj;20;183
2021-06-30;Tårnby;225;185
2021-06-30;Vallensbæk;39;187
2021-06-30;Furesø;209;190
2021-06-30;Allerød;39;201
2021-06-30;Fredensborg;48;210
2021-06-30;Helsingør;31;217
2021-06-30;Hillerød;34;219
2021-06-30;Hørsholm;46;223
2021-06-30;Rudersdal;212;230
2021-06-30;Egedal;224;240
2021-06-30;Frederikssund;75;250
2021-06-30;Greve;180;253
2021-06-30;Køge;398;259
2021-06-30;Halsnæs;19;260
2021-06-30;Roskilde;672;265
2021-06-30;Solrød;126;269
2021-06-30;Gribskov;13;270
2021-06-30;Odsherred;66;306
2021-06-30;Holbæk;500;316
2021-06-30;Faxe;391;320
2021-06-30;Kalundborg;426;326
2021-06-30;Ringsted;339;329
2021-06-30;Slagelse;380;330
2021-06-30;Stevns;223;336
2021-06-30;Sorø;192;340
2021-06-30;Lejre;212;350
2021-06-30;Lolland;335;360
2021-06-30;Næstved;370;370
2021-06-30;Guldborgsund;343;376
2021-06-30;Vordingborg;362;390
2021-06-30;Bornholm;4;400
2021-06-30;Middelfart;348;410
2021-06-30;Assens;367;420
2021-06-30;Faaborg-Midtfyn;257;430
2021-06-30;Kerteminde;84;440
2021-06-30;Nyborg;165;450
2021-06-30;Odense;1194;461
2021-06-30;Svendborg;432;479
2021-06-30;Nordfyn;337;480
2021-06-30;Langeland;31;482
2021-06-30;Ærø;9;492
2021-06-30;Haderslev;397;510
2021-06-30;Billund;170;530
2021-06-30;Sønderborg;439;540
2021-06-30;Tønder;318;550
2021-06-30;Esbjerg;358;561
2021-06-30;Fanø;3;563
2021-06-30;Varde;433;573
2021-06-30;Vejen;282;575
2021-06-30;Aabenraa;551;580
2021-06-30;Fredericia;340;607
2021-06-30;Horsens;415;615
2021-06-30;Kolding;461;621
2021-06-30;Vejle;742;630
2021-06-30;Herning;241;657
2021-06-30;Holstebro;178;661
2021-06-30;Lemvig;23;665
2021-06-30;Struer;99;671
2021-06-30;Syddjurs;337;706
2021-06-30;Norddjurs;320;707
2021-06-30;Favrskov;121;710
2021-06-30;Odder;69;727
2021-06-30;Randers;890;730
2021-06-30;Silkeborg;373;740
2021-06-30;Samsø;62;741
2021-06-30;Skanderborg;304;746
2021-06-30;Århus;2463;751
2021-06-30;Ikast-Brande;140;756
2021-06-30;Ringkøbing-Skjern;196;760
2021-06-30;Hedensted;195;766
2021-06-30;Morsø;10;773
2021-06-30;Skive;156;779
2021-06-30;Thisted;11;787
2021-06-30;Viborg;416;791
2021-06-30;Brønderslev;235;810
2021-06-30;Frederikshavn;64;813
2021-06-30;Vesthimmerland;82;820
2021-06-30;Rebild;316;840
2021-06-30;Mariagerfjord;486;846
2021-06-30;Jammerbugt;308;849
2021-06-30;Aalborg;1775;851
2021-06-30;Hjørring;469;860
2021-07-01;København;6448;101
2021-07-01;Frederiksberg;1010;147
2021-07-01;Ballerup;68;151
2021-07-01;Brøndby;84;153
2021-07-01;Dragør;61;155
2021-07-01;Gentofte;343;157
2021-07-01;Gladsaxe;248;159
2021-07-01;Glostrup;62;161
2021-07-01;Herlev;56;163
2021-07-01;Albertslund;68;165
2021-07-01;Hvidovre;262;167
2021-07-01;Høje Tåstrup;155;169
2021-07-01;Lyngby-Taarbæk;322;173
2021-07-01;Rødovre;150;175
2021-07-01;Ishøj;59;183
2021-07-01;Tårnby;243;185
2021-07-01;Vallensbæk;35;187
2021-07-01;Furesø;109;190
2021-07-01;Allerød;208;201
2021-07-01;Fredensborg;223;210
2021-07-01;Helsingør;310;217
2021-07-01;Hillerød;455;219
2021-07-01;Hørsholm;146;223
2021-07-01;Rudersdal;332;230
2021-07-01;Egedal;128;240
2021-07-01;Frederikssund;289;250
2021-07-01;Greve;280;253
2021-07-01;Køge;344;259
2021-07-01;Halsnæs;244;260
2021-07-01;Roskilde;690;265
2021-07-01;Solrød;120;269
2021-07-01;Gribskov;293;270
2021-07-01;Odsherred;46;306
2021-07-01;Holbæk;347;316
2021-07-01;Faxe;204;320
2021-07-01;Kalundborg;226;326
2021-07-01;Ringsted;379;329
2021-07-01;Slagelse;595;330
2021-07-01;Stevns;88;336
2021-07-01;Sorø;288;340
2021-07-01;Lejre;209;350
2021-07-01;Lolland;257;360
2021-07-01;Næstved;567;370
2021-07-01;Guldborgsund;257;376
2021-07-01;Vordingborg;307;390
2021-07-01;Bornholm;399;400
2021-07-01;Middelfart;218;410
2021-07-01;Assens;29;420
2021-07-01;Faaborg-Midtfyn;211;430
2021-07-01;Kerteminde;67;440
2021-07-01;Nyborg;159;450
2021-07-01;Odense;844;461
2021-07-01;Svendborg;132;479
2021-07-01;Nordfyn;29;480
2021-07-01;Langeland;13;482
2021-07-01;Ærø;8;492
2021-07-01;Haderslev;571;510
2021-07-01;Billund;126;530
2021-07-01;Sønderborg;397;540
2021-07-01;Tønder;54;550
2021-07-01;Esbjerg;36;561
2021-07-01;Varde;16;573
2021-07-01;Vejen;225;575
2021-07-01;Aabenraa;301;580
2021-07-01;Fredericia;344;607
2021-07-01;Horsens;542;615
2021-07-01;Kolding;430;621
2021-07-01;Vejle;490;630
2021-07-01;Herning;291;657
2021-07-01;Holstebro;252;661
2021-07-01;Lemvig;29;665
2021-07-01;Struer;16;671
2021-07-01;Syddjurs;63;706
2021-07-01;Norddjurs;15;707
2021-07-01;Favrskov;219;710
2021-07-01;Odder;60;727
2021-07-01;Randers;192;730
2021-07-01;Silkeborg;382;740
2021-07-01;Samsø;3;741
2021-07-01;Skanderborg;250;746
2021-07-01;Århus;1498;751
2021-07-01;Ikast-Brande;99;756
2021-07-01;Ringkøbing-Skjern;39;760
2021-07-01;Hedensted;301;766
2021-07-01;Morsø;56;773
2021-07-01;Skive;124;779
2021-07-01;Thisted;117;787
2021-07-01;Viborg;385;791
2021-07-01;Brønderslev;47;810
2021-07-01;Frederikshavn;21;813
2021-07-01;Vesthimmerland;373;820
2021-07-01;Rebild;293;840
2021-07-01;Mariagerfjord;150;846
2021-07-01;Jammerbugt;139;849
2021-07-01;Aalborg;2121;851
2021-07-01;Hjørring;895;860
2021-07-02;København;4167;101
2021-07-02;Frederiksberg;724;147
2021-07-02;Ballerup;18;151
2021-07-02;Brøndby;65;153
2021-07-02;Dragør;19;155
2021-07-02;Gentofte;232;157
2021-07-02;Gladsaxe;95;159
2021-07-02;Glostrup;29;161
2021-07-02;Herlev;6;163
2021-07-02;Albertslund;34;165
2021-07-02;Hvidovre;107;167
2021-07-02;Høje Tåstrup;103;169
2021-07-02;Lyngby-Taarbæk;61;173
2021-07-02;Rødovre;67;175
2021-07-02;Ishøj;42;183
2021-07-02;Tårnby;83;185
2021-07-02;Vallensbæk;29;187
2021-07-02;Furesø;29;190
2021-07-02;Allerød;30;201
2021-07-02;Fredensborg;50;210
2021-07-02;Helsingør;59;217
2021-07-02;Hillerød;121;219
2021-07-02;Hørsholm;33;223
2021-07-02;Rudersdal;75;230
2021-07-02;Egedal;34;240
2021-07-02;Frederikssund;67;250
2021-07-02;Greve;188;253
2021-07-02;Køge;349;259
2021-07-02;Halsnæs;41;260
2021-07-02;Roskilde;562;265
2021-07-02;Solrød;157;269
2021-07-02;Gribskov;76;270
2021-07-02;Odsherred;188;306
2021-07-02;Holbæk;419;316
2021-07-02;Faxe;185;320
2021-07-02;Kalundborg;196;326
2021-07-02;Ringsted;202;329
2021-07-02;Slagelse;444;330
2021-07-02;Stevns;69;336
2021-07-02;Sorø;194;340
2021-07-02;Lejre;134;350
2021-07-02;Lolland;191;360
2021-07-02;Næstved;408;370
2021-07-02;Guldborgsund;126;376
2021-07-02;Vordingborg;93;390
2021-07-02;Bornholm;49;400
2021-07-02;Middelfart;74;410
2021-07-02;Assens;36;420
2021-07-02;Faaborg-Midtfyn;55;430
2021-07-02;Kerteminde;37;440
2021-07-02;Nyborg;23;450
2021-07-02;Odense;717;461
2021-07-02;Svendborg;139;479
2021-07-02;Nordfyn;33;480
2021-07-02;Langeland;186;482
2021-07-02;Ærø;11;492
2021-07-02;Haderslev;310;510
2021-07-02;Billund;103;530
2021-07-02;Sønderborg;247;540
2021-07-02;Tønder;153;550
2021-07-02;Esbjerg;78;561
2021-07-02;Fanø;1;563
2021-07-02;Varde;22;573
2021-07-02;Vejen;254;575
2021-07-02;Aabenraa;562;580
2021-07-02;Fredericia;190;607
2021-07-02;Horsens;239;615
2021-07-02;Kolding;610;621
2021-07-02;Vejle;356;630
2021-07-02;Herning;200;657
2021-07-02;Holstebro;60;661
2021-07-02;Lemvig;4;665
2021-07-02;Struer;9;671
2021-07-02;Syddjurs;68;706
2021-07-02;Norddjurs;25;707
2021-07-02;Favrskov;70;710
2021-07-02;Odder;31;727
2021-07-02;Randers;114;730
2021-07-02;Silkeborg;284;740
2021-07-02;Skanderborg;150;746
2021-07-02;Århus;1111;751
2021-07-02;Ikast-Brande;131;756
2021-07-02;Ringkøbing-Skjern;17;760
2021-07-02;Hedensted;177;766
2021-07-02;Morsø;23;773
2021-07-02;Skive;128;779
2021-07-02;Thisted;11;787
2021-07-02;Viborg;316;791
2021-07-02;Brønderslev;27;810
2021-07-02;Frederikshavn;210;813
2021-07-02;Vesthimmerland;238;820
2021-07-02;Rebild;40;840
2021-07-02;Mariagerfjord;20;846
2021-07-02;Jammerbugt;31;849
2021-07-02;Aalborg;968;851
2021-07-02;Hjørring;45;860
2021-07-03;København;1206;101
2021-07-03;Frederiksberg;142;147
2021-07-03;Ballerup;22;151
2021-07-03;Brøndby;79;153
2021-07-03;Dragør;14;155
2021-07-03;Gentofte;52;157
2021-07-03;Gladsaxe;58;159
2021-07-03;Glostrup;40;161
2021-07-03;Herlev;7;163
2021-07-03;Albertslund;40;165
2021-07-03;Hvidovre;88;167
2021-07-03;Høje Tåstrup;117;169
2021-07-03;Lyngby-Taarbæk;47;173
2021-07-03;Rødovre;48;175
2021-07-03;Ishøj;49;183
2021-07-03;Tårnby;49;185
2021-07-03;Vallensbæk;35;187
2021-07-03;Furesø;34;190
2021-07-03;Allerød;27;201
2021-07-03;Fredensborg;48;210
2021-07-03;Helsingør;44;217
2021-07-03;Hillerød;104;219
2021-07-03;Hørsholm;25;223
2021-07-03;Rudersdal;81;230
2021-07-03;Egedal;25;240
2021-07-03;Frederikssund;64;250
2021-07-03;Greve;149;253
2021-07-03;Køge;237;259
2021-07-03;Halsnæs;39;260
2021-07-03;Roskilde;345;265
2021-07-03;Solrød;81;269
2021-07-03;Gribskov;54;270
2021-07-03;Odsherred;67;306
2021-07-03;Holbæk;296;316
2021-07-03;Faxe;83;320
2021-07-03;Kalundborg;267;326
2021-07-03;Ringsted;69;329
2021-07-03;Slagelse;717;330
2021-07-03;Stevns;37;336
2021-07-03;Sorø;165;340
2021-07-03;Lejre;77;350
2021-07-03;Lolland;20;360
2021-07-03;Næstved;157;370
2021-07-03;Guldborgsund;296;376
2021-07-03;Vordingborg;54;390
2021-07-03;Bornholm;10;400
2021-07-03;Middelfart;52;410
2021-07-03;Assens;130;420
2021-07-03;Faaborg-Midtfyn;115;430
2021-07-03;Kerteminde;60;440
2021-07-03;Nyborg;59;450
2021-07-03;Odense;646;461
2021-07-03;Svendborg;75;479
2021-07-03;Nordfyn;106;480
2021-07-03;Langeland;11;482
2021-07-03;Ærø;3;492
2021-07-03;Haderslev;115;510
2021-07-03;Billund;16;530
2021-07-03;Sønderborg;339;540
2021-07-03;Tønder;71;550
2021-07-03;Esbjerg;97;561
2021-07-03;Fanø;2;563
2021-07-03;Varde;43;573
2021-07-03;Vejen;11;575
2021-07-03;Aabenraa;235;580
2021-07-03;Fredericia;28;607
2021-07-03;Horsens;339;615
2021-07-03;Kolding;352;621
2021-07-03;Vejle;221;630
2021-07-03;Herning;8;657
2021-07-03;Holstebro;7;661
2021-07-03;Struer;1;671
2021-07-03;Syddjurs;8;706
2021-07-03;Norddjurs;8;707
2021-07-03;Favrskov;33;710
2021-07-03;Odder;52;727
2021-07-03;Randers;30;730
2021-07-03;Silkeborg;48;740
2021-07-03;Samsø;2;741
2021-07-03;Skanderborg;140;746
2021-07-03;Århus;1089;751
2021-07-03;Ikast-Brande;15;756
2021-07-03;Ringkøbing-Skjern;15;760
2021-07-03;Hedensted;85;766
2021-07-03;Skive;7;779
2021-07-03;Thisted;5;787
2021-07-03;Viborg;17;791
2021-07-03;Brønderslev;23;810
2021-07-03;Frederikshavn;5;813
2021-07-03;Vesthimmerland;228;820
2021-07-03;Rebild;87;840
2021-07-03;Mariagerfjord;23;846
2021-07-03;Jammerbugt;114;849
2021-07-03;Aalborg;624;851
2021-07-03;Hjørring;7;860
2021-07-04;København;1797;101
2021-07-04;Frederiksberg;267;147
2021-07-04;Ballerup;43;151
2021-07-04;Brøndby;97;153
2021-07-04;Dragør;19;155
2021-07-04;Gentofte;128;157
2021-07-04;Gladsaxe;103;159
2021-07-04;Glostrup;62;161
2021-07-04;Herlev;38;163
2021-07-04;Albertslund;82;165
2021-07-04;Hvidovre;110;167
2021-07-04;Høje Tåstrup;186;169
2021-07-04;Lyngby-Taarbæk;92;173
2021-07-04;Rødovre;86;175
2021-07-04;Ishøj;84;183
2021-07-04;Tårnby;68;185
2021-07-04;Vallensbæk;63;187
2021-07-04;Furesø;48;190
2021-07-04;Allerød;64;201
2021-07-04;Fredensborg;77;210
2021-07-04;Helsingør;62;217
2021-07-04;Hillerød;126;219
2021-07-04;Hørsholm;39;223
2021-07-04;Rudersdal;94;230
2021-07-04;Egedal;49;240
2021-07-04;Frederikssund;90;250
2021-07-04;Greve;107;253
2021-07-04;Køge;178;259
2021-07-04;Halsnæs;60;260
2021-07-04;Roskilde;247;265
2021-07-04;Solrød;47;269
2021-07-04;Gribskov;51;270
2021-07-04;Odsherred;109;306
2021-07-04;Holbæk;150;316
2021-07-04;Faxe;70;320
2021-07-04;Kalundborg;256;326
2021-07-04;Ringsted;89;329
2021-07-04;Slagelse;599;330
2021-07-04;Stevns;20;336
2021-07-04;Sorø;198;340
2021-07-04;Lejre;99;350
2021-07-04;Lolland;18;360
2021-07-04;Næstved;498;370
2021-07-04;Guldborgsund;53;376
2021-07-04;Vordingborg;123;390
2021-07-04;Bornholm;4;400
2021-07-04;Middelfart;81;410
2021-07-04;Assens;123;420
2021-07-04;Faaborg-Midtfyn;84;430
2021-07-04;Kerteminde;41;440
2021-07-04;Nyborg;48;450
2021-07-04;Odense;780;461
2021-07-04;Svendborg;63;479
2021-07-04;Nordfyn;71;480
2021-07-04;Langeland;10;482
2021-07-04;Ærø;1;492
2021-07-04;Haderslev;174;510
2021-07-04;Billund;25;530
2021-07-04;Sønderborg;347;540
2021-07-04;Tønder;114;550
2021-07-04;Esbjerg;75;561
2021-07-04;Fanø;2;563
2021-07-04;Varde;22;573
2021-07-04;Vejen;79;575
2021-07-04;Aabenraa;321;580
2021-07-04;Fredericia;84;607
2021-07-04;Horsens;46;615
2021-07-04;Kolding;104;621
2021-07-04;Vejle;123;630
2021-07-04;Herning;12;657
2021-07-04;Holstebro;4;661
2021-07-04;Lemvig;1;665
2021-07-04;Syddjurs;11;706
2021-07-04;Norddjurs;5;707
2021-07-04;Favrskov;55;710
2021-07-04;Odder;21;727
2021-07-04;Randers;53;730
2021-07-04;Silkeborg;37;740
2021-07-04;Skanderborg;54;746
2021-07-04;Århus;840;751
2021-07-04;Ikast-Brande;24;756
2021-07-04;Ringkøbing-Skjern;14;760
2021-07-04;Hedensted;33;766
2021-07-04;Morsø;4;773
2021-07-04;Skive;3;779
2021-07-04;Thisted;6;787
2021-07-04;Viborg;9;791
2021-07-04;Brønderslev;517;810
2021-07-04;Frederikshavn;37;813
2021-07-04;Vesthimmerland;3;820
2021-07-04;Rebild;25;840
2021-07-04;Mariagerfjord;12;846
2021-07-04;Jammerbugt;216;849
2021-07-04;Aalborg;1003;851
2021-07-04;Hjørring;49;860
2021-07-05;København;4172;101
2021-07-05;Frederiksberg;530;147
2021-07-05;Ballerup;160;151
2021-07-05;Brøndby;135;153
2021-07-05;Dragør;25;155
2021-07-05;Gentofte;207;157
2021-07-05;Gladsaxe;200;159
2021-07-05;Glostrup;117;161
2021-07-05;Herlev;86;163
2021-07-05;Albertslund;137;165
2021-07-05;Hvidovre;226;167
2021-07-05;Høje Tåstrup;264;169
2021-07-05;Lyngby-Taarbæk;183;173
2021-07-05;Rødovre;159;175
2021-07-05;Ishøj;113;183
2021-07-05;Tårnby;118;185
2021-07-05;Vallensbæk;80;187
2021-07-05;Furesø;101;190
2021-07-05;Allerød;75;201
2021-07-05;Fredensborg;119;210
2021-07-05;Helsingør;107;217
2021-07-05;Hillerød;228;219
2021-07-05;Hørsholm;57;223
2021-07-05;Rudersdal;155;230
2021-07-05;Egedal;131;240
2021-07-05;Frederikssund;169;250
2021-07-05;Greve;236;253
2021-07-05;Køge;298;259
2021-07-05;Halsnæs;100;260
2021-07-05;Roskilde;504;265
2021-07-05;Solrød;80;269
2021-07-05;Gribskov;119;270
2021-07-05;Odsherred;292;306
2021-07-05;Holbæk;412;316
2021-07-05;Faxe;130;320
2021-07-05;Kalundborg;507;326
2021-07-05;Ringsted;318;329
2021-07-05;Slagelse;200;330
2021-07-05;Stevns;169;336
2021-07-05;Sorø;77;340
2021-07-05;Lejre;213;350
2021-07-05;Lolland;238;360
2021-07-05;Næstved;472;370
2021-07-05;Guldborgsund;307;376
2021-07-05;Vordingborg;434;390
2021-07-05;Bornholm;13;400
2021-07-05;Middelfart;147;410
2021-07-05;Assens;228;420
2021-07-05;Faaborg-Midtfyn;358;430
2021-07-05;Kerteminde;88;440
2021-07-05;Nyborg;121;450
2021-07-05;Odense;1493;461
2021-07-05;Svendborg;482;479
2021-07-05;Nordfyn;81;480
2021-07-05;Langeland;40;482
2021-07-05;Ærø;4;492
2021-07-05;Haderslev;203;510
2021-07-05;Billund;200;530
2021-07-05;Sønderborg;185;540
2021-07-05;Tønder;473;550
2021-07-05;Esbjerg;328;561
2021-07-05;Fanø;2;563
2021-07-05;Varde;112;573
2021-07-05;Vejen;248;575
2021-07-05;Aabenraa;311;580
2021-07-05;Fredericia;244;607
2021-07-05;Horsens;751;615
2021-07-05;Kolding;511;621
2021-07-05;Vejle;390;630
2021-07-05;Herning;1233;657
2021-07-05;Holstebro;494;661
2021-07-05;Lemvig;332;665
2021-07-05;Struer;177;671
2021-07-05;Syddjurs;228;706
2021-07-05;Norddjurs;207;707
2021-07-05;Favrskov;263;710
2021-07-05;Odder;107;727
2021-07-05;Randers;544;730
2021-07-05;Silkeborg;712;740
2021-07-05;Samsø;1;741
2021-07-05;Skanderborg;517;746
2021-07-05;Århus;3127;751
2021-07-05;Ikast-Brande;405;756
2021-07-05;Ringkøbing-Skjern;949;760
2021-07-05;Hedensted;455;766
2021-07-05;Morsø;25;773
2021-07-05;Skive;291;779
2021-07-05;Thisted;19;787
2021-07-05;Viborg;830;791
2021-07-05;Brønderslev;275;810
2021-07-05;Frederikshavn;36;813
2021-07-05;Vesthimmerland;28;820
2021-07-05;Rebild;31;840
2021-07-05;Mariagerfjord;31;846
2021-07-05;Jammerbugt;169;849
2021-07-05;Aalborg;681;851
2021-07-05;Hjørring;184;860
2021-07-06;København;3996;101
2021-07-06;Frederiksberg;567;147
2021-07-06;Ballerup;284;151
2021-07-06;Brøndby;125;153
2021-07-06;Dragør;29;155
2021-07-06;Gentofte;301;157
2021-07-06;Gladsaxe;437;159
2021-07-06;Glostrup;103;161
2021-07-06;Herlev;141;163
2021-07-06;Albertslund;134;165
2021-07-06;Hvidovre;279;167
2021-07-06;Høje Tåstrup;260;169
2021-07-06;Lyngby-Taarbæk;352;173
2021-07-06;Rødovre;228;175
2021-07-06;Ishøj;94;183
2021-07-06;Tårnby;161;185
2021-07-06;Vallensbæk;73;187
2021-07-06;Furesø;229;190
2021-07-06;Allerød;151;201
2021-07-06;Fredensborg;182;210
2021-07-06;Helsingør;226;217
2021-07-06;Hillerød;324;219
2021-07-06;Hørsholm;127;223
2021-07-06;Rudersdal;320;230
2021-07-06;Egedal;217;240
2021-07-06;Frederikssund;239;250
2021-07-06;Greve;451;253
2021-07-06;Køge;399;259
2021-07-06;Halsnæs;117;260
2021-07-06;Roskilde;480;265
2021-07-06;Solrød;170;269
2021-07-06;Gribskov;164;270
2021-07-06;Odsherred;398;306
2021-07-06;Holbæk;460;316
2021-07-06;Faxe;234;320
2021-07-06;Kalundborg;656;326
2021-07-06;Ringsted;303;329
2021-07-06;Slagelse;571;330
2021-07-06;Stevns;183;336
2021-07-06;Sorø;113;340
2021-07-06;Lejre;117;350
2021-07-06;Lolland;176;360
2021-07-06;Næstved;992;370
2021-07-06;Guldborgsund;177;376
2021-07-06;Vordingborg;284;390
2021-07-06;Bornholm;17;400
2021-07-06;Middelfart;248;410
2021-07-06;Assens;94;420
2021-07-06;Faaborg-Midtfyn;209;430
2021-07-06;Kerteminde;178;440
2021-07-06;Nyborg;226;450
2021-07-06;Odense;1046;461
2021-07-06;Svendborg;362;479
2021-07-06;Nordfyn;61;480
2021-07-06;Langeland;45;482
2021-07-06;Ærø;4;492
2021-07-06;Haderslev;628;510
2021-07-06;Billund;131;530
2021-07-06;Sønderborg;248;540
2021-07-06;Tønder;66;550
2021-07-06;Esbjerg;1134;561
2021-07-06;Fanø;3;563
2021-07-06;Varde;288;573
2021-07-06;Vejen;394;575
2021-07-06;Aabenraa;240;580
2021-07-06;Fredericia;363;607
2021-07-06;Horsens;1235;615
2021-07-06;Kolding;674;621
2021-07-06;Vejle;759;630
2021-07-06;Herning;456;657
2021-07-06;Holstebro;315;661
2021-07-06;Lemvig;38;665
2021-07-06;Struer;159;671
2021-07-06;Syddjurs;150;706
2021-07-06;Norddjurs;83;707
2021-07-06;Favrskov;357;710
2021-07-06;Odder;234;727
2021-07-06;Randers;567;730
2021-07-06;Silkeborg;779;740
2021-07-06;Samsø;1;741
2021-07-06;Skanderborg;695;746
2021-07-06;Århus;4494;751
2021-07-06;Ikast-Brande;164;756
2021-07-06;Ringkøbing-Skjern;397;760
2021-07-06;Hedensted;587;766
2021-07-06;Morsø;244;773
2021-07-06;Skive;327;779
2021-07-06;Thisted;607;787
2021-07-06;Viborg;776;791
2021-07-06;Brønderslev;260;810
2021-07-06;Frederikshavn;1013;813
2021-07-06;Vesthimmerland;82;820
2021-07-06;Læsø;1;825
2021-07-06;Rebild;77;840
2021-07-06;Mariagerfjord;49;846
2021-07-06;Jammerbugt;880;849
2021-07-06;Aalborg;1647;851
2021-07-06;Hjørring;101;860
2021-07-07;København;6163;101
2021-07-07;Frederiksberg;856;147
2021-07-07;Ballerup;289;151
2021-07-07;Brøndby;222;153
2021-07-07;Dragør;59;155
2021-07-07;Gentofte;477;157
2021-07-07;Gladsaxe;544;159
2021-07-07;Glostrup;219;161
2021-07-07;Herlev;189;163
2021-07-07;Albertslund;206;165
2021-07-07;Hvidovre;408;167
2021-07-07;Høje Tåstrup;454;169
2021-07-07;Lyngby-Taarbæk;458;173
2021-07-07;Rødovre;312;175
2021-07-07;Ishøj;163;183
2021-07-07;Tårnby;245;185
2021-07-07;Vallensbæk;108;187
2021-07-07;Furesø;270;190
2021-07-07;Allerød;146;201
2021-07-07;Fredensborg;187;210
2021-07-07;Helsingør;114;217
2021-07-07;Hillerød;396;219
2021-07-07;Hørsholm;124;223
2021-07-07;Rudersdal;382;230
2021-07-07;Egedal;310;240
2021-07-07;Frederikssund;278;250
2021-07-07;Greve;587;253
2021-07-07;Køge;591;259
2021-07-07;Halsnæs;169;260
2021-07-07;Roskilde;773;265
2021-07-07;Solrød;348;269
2021-07-07;Gribskov;210;270
2021-07-07;Odsherred;173;306
2021-07-07;Holbæk;510;316
2021-07-07;Faxe;748;320
2021-07-07;Kalundborg;684;326
2021-07-07;Ringsted;597;329
2021-07-07;Slagelse;403;330
2021-07-07;Stevns;392;336
2021-07-07;Sorø;416;340
2021-07-07;Lejre;419;350
2021-07-07;Lolland;313;360
2021-07-07;Næstved;740;370
2021-07-07;Guldborgsund;207;376
2021-07-07;Vordingborg;430;390
2021-07-07;Bornholm;18;400
2021-07-07;Middelfart;341;410
2021-07-07;Assens;366;420
2021-07-07;Faaborg-Midtfyn;320;430
2021-07-07;Kerteminde;234;440
2021-07-07;Nyborg;217;450
2021-07-07;Odense;2090;461
2021-07-07;Svendborg;81;479
2021-07-07;Nordfyn;288;480
2021-07-07;Langeland;5;482
2021-07-07;Ærø;1;492
2021-07-07;Haderslev;335;510
2021-07-07;Billund;233;530
2021-07-07;Sønderborg;467;540
2021-07-07;Tønder;270;550
2021-07-07;Esbjerg;395;561
2021-07-07;Fanø;13;563
2021-07-07;Varde;342;573
2021-07-07;Vejen;408;575
2021-07-07;Aabenraa;280;580
2021-07-07;Fredericia;443;607
2021-07-07;Horsens;986;615
2021-07-07;Kolding;716;621
2021-07-07;Vejle;614;630
2021-07-07;Herning;803;657
2021-07-07;Holstebro;353;661
2021-07-07;Lemvig;52;665
2021-07-07;Struer;59;671
2021-07-07;Syddjurs;183;706
2021-07-07;Norddjurs;88;707
2021-07-07;Favrskov;376;710
2021-07-07;Odder;229;727
2021-07-07;Randers;878;730
2021-07-07;Silkeborg;822;740
2021-07-07;Samsø;59;741
2021-07-07;Skanderborg;693;746
2021-07-07;Århus;4261;751
2021-07-07;Ikast-Brande;349;756
2021-07-07;Ringkøbing-Skjern;141;760
2021-07-07;Hedensted;393;766
2021-07-07;Morsø;15;773
2021-07-07;Skive;252;779
2021-07-07;Thisted;11;787
2021-07-07;Viborg;733;791
2021-07-07;Brønderslev;219;810
2021-07-07;Frederikshavn;969;813
2021-07-07;Vesthimmerland;52;820
2021-07-07;Rebild;591;840
2021-07-07;Mariagerfjord;344;846
2021-07-07;Jammerbugt;92;849
2021-07-07;Aalborg;1563;851
2021-07-07;Hjørring;59;860
2021-07-08;København;5542;101
2021-07-08;Frederiksberg;766;147
2021-07-08;Ballerup;404;151
2021-07-08;Brøndby;180;153
2021-07-08;Dragør;38;155
2021-07-08;Gentofte;381;157
2021-07-08;Gladsaxe;587;159
2021-07-08;Glostrup;176;161
2021-07-08;Herlev;241;163
2021-07-08;Albertslund;173;165
2021-07-08;Hvidovre;292;167
2021-07-08;Høje Tåstrup;455;169
2021-07-08;Lyngby-Taarbæk;468;173
2021-07-08;Rødovre;313;175
2021-07-08;Ishøj;125;183
2021-07-08;Tårnby;185;185
2021-07-08;Vallensbæk;89;187
2021-07-08;Furesø;279;190
2021-07-08;Allerød;154;201
2021-07-08;Fredensborg;374;210
2021-07-08;Helsingør;848;217
2021-07-08;Hillerød;485;219
2021-07-08;Hørsholm;147;223
2021-07-08;Rudersdal;317;230
2021-07-08;Egedal;412;240
2021-07-08;Frederikssund;405;250
2021-07-08;Greve;452;253
2021-07-08;Køge;365;259
2021-07-08;Halsnæs;244;260
2021-07-08;Roskilde;908;265
2021-07-08;Solrød;273;269
2021-07-08;Gribskov;256;270
2021-07-08;Odsherred;105;306
2021-07-08;Holbæk;449;316
2021-07-08;Faxe;355;320
2021-07-08;Kalundborg;293;326
2021-07-08;Ringsted;423;329
2021-07-08;Slagelse;291;330
2021-07-08;Stevns;115;336
2021-07-08;Sorø;322;340
2021-07-08;Lejre;285;350
2021-07-08;Lolland;364;360
2021-07-08;Næstved;376;370
2021-07-08;Guldborgsund;64;376
2021-07-08;Vordingborg;417;390
2021-07-08;Bornholm;17;400
2021-07-08;Middelfart;240;410
2021-07-08;Assens;339;420
2021-07-08;Faaborg-Midtfyn;578;430
2021-07-08;Kerteminde;234;440
2021-07-08;Nyborg;439;450
2021-07-08;Odense;2129;461
2021-07-08;Svendborg;530;479
2021-07-08;Nordfyn;276;480
2021-07-08;Langeland;51;482
2021-07-08;Ærø;5;492
2021-07-08;Haderslev;421;510
2021-07-08;Billund;176;530
2021-07-08;Sønderborg;825;540
2021-07-08;Tønder;122;550
2021-07-08;Esbjerg;304;561
2021-07-08;Fanø;17;563
2021-07-08;Varde;216;573
2021-07-08;Vejen;265;575
2021-07-08;Aabenraa;665;580
2021-07-08;Fredericia;375;607
2021-07-08;Horsens;1010;615
2021-07-08;Kolding;1023;621
2021-07-08;Vejle;1080;630
2021-07-08;Herning;833;657
2021-07-08;Holstebro;804;661
2021-07-08;Lemvig;34;665
2021-07-08;Struer;142;671
2021-07-08;Syddjurs;268;706
2021-07-08;Norddjurs;222;707
2021-07-08;Favrskov;410;710
2021-07-08;Odder;200;727
2021-07-08;Randers;1059;730
2021-07-08;Silkeborg;782;740
2021-07-08;Samsø;1;741
2021-07-08;Skanderborg;442;746
2021-07-08;Århus;4090;751
2021-07-08;Ikast-Brande;497;756
2021-07-08;Ringkøbing-Skjern;126;760
2021-07-08;Hedensted;394;766
2021-07-08;Morsø;20;773
2021-07-08;Skive;352;779
2021-07-08;Thisted;13;787
2021-07-08;Viborg;830;791
2021-07-08;Brønderslev;263;810
2021-07-08;Frederikshavn;64;813
2021-07-08;Vesthimmerland;105;820
2021-07-08;Rebild;213;840
2021-07-08;Mariagerfjord;601;846
2021-07-08;Jammerbugt;221;849
2021-07-08;Aalborg;2076;851
2021-07-08;Hjørring;604;860
2021-07-09;København;7886;101
2021-07-09;Frederiksberg;1121;147
2021-07-09;Ballerup;270;151
2021-07-09;Brøndby;166;153
2021-07-09;Dragør;57;155
2021-07-09;Gentofte;462;157
2021-07-09;Gladsaxe;468;159
2021-07-09;Glostrup;171;161
2021-07-09;Herlev;135;163
2021-07-09;Albertslund;131;165
2021-07-09;Hvidovre;363;167
2021-07-09;Høje Tåstrup;299;169
2021-07-09;Lyngby-Taarbæk;350;173
2021-07-09;Rødovre;294;175
2021-07-09;Ishøj;109;183
2021-07-09;Tårnby;230;185
2021-07-09;Vallensbæk;94;187
2021-07-09;Furesø;179;190
2021-07-09;Allerød;137;201
2021-07-09;Fredensborg;156;210
2021-07-09;Helsingør;161;217
2021-07-09;Hillerød;312;219
2021-07-09;Hørsholm;113;223
2021-07-09;Rudersdal;248;230
2021-07-09;Egedal;241;240
2021-07-09;Frederikssund;226;250
2021-07-09;Greve;408;253
2021-07-09;Køge;328;259
2021-07-09;Halsnæs;133;260
2021-07-09;Roskilde;608;265
2021-07-09;Solrød;234;269
2021-07-09;Gribskov;143;270
2021-07-09;Odsherred;215;306
2021-07-09;Holbæk;499;316
2021-07-09;Faxe;387;320
2021-07-09;Kalundborg;194;326
2021-07-09;Ringsted;311;329
2021-07-09;Slagelse;533;330
2021-07-09;Stevns;175;336
2021-07-09;Sorø;239;340
2021-07-09;Lejre;256;350
2021-07-09;Lolland;269;360
2021-07-09;Næstved;999;370
2021-07-09;Guldborgsund;218;376
2021-07-09;Vordingborg;365;390
2021-07-09;Bornholm;270;400
2021-07-09;Middelfart;632;410
2021-07-09;Assens;332;420
2021-07-09;Faaborg-Midtfyn;268;430
2021-07-09;Kerteminde;173;440
2021-07-09;Nyborg;201;450
2021-07-09;Odense;2011;461
2021-07-09;Svendborg;291;479
2021-07-09;Nordfyn;213;480
2021-07-09;Langeland;163;482
2021-07-09;Ærø;326;492
2021-07-09;Haderslev;310;510
2021-07-09;Billund;282;530
2021-07-09;Sønderborg;1044;540
2021-07-09;Tønder;113;550
2021-07-09;Esbjerg;494;561
2021-07-09;Fanø;7;563
2021-07-09;Varde;127;573
2021-07-09;Vejen;433;575
2021-07-09;Aabenraa;301;580
2021-07-09;Fredericia;747;607
2021-07-09;Horsens;1174;615
2021-07-09;Kolding;964;621
2021-07-09;Vejle;979;630
2021-07-09;Herning;191;657
2021-07-09;Holstebro;147;661
2021-07-09;Lemvig;20;665
2021-07-09;Struer;35;671
2021-07-09;Syddjurs;188;706
2021-07-09;Norddjurs;170;707
2021-07-09;Favrskov;328;710
2021-07-09;Odder;205;727
2021-07-09;Randers;452;730
2021-07-09;Silkeborg;784;740
2021-07-09;Samsø;4;741
2021-07-09;Skanderborg;461;746
2021-07-09;Århus;3235;751
2021-07-09;Ikast-Brande;175;756
2021-07-09;Ringkøbing-Skjern;50;760
2021-07-09;Hedensted;488;766
2021-07-09;Morsø;13;773
2021-07-09;Skive;369;779
2021-07-09;Thisted;13;787
2021-07-09;Viborg;878;791
2021-07-09;Brønderslev;33;810
2021-07-09;Frederikshavn;13;813
2021-07-09;Vesthimmerland;671;820
2021-07-09;Rebild;245;840
2021-07-09;Mariagerfjord;88;846
2021-07-09;Jammerbugt;91;849
2021-07-09;Aalborg;2907;851
2021-07-09;Hjørring;55;860
2021-07-10;København;7544;101
2021-07-10;Frederiksberg;1102;147
2021-07-10;Ballerup;298;151
2021-07-10;Brøndby;186;153
2021-07-10;Dragør;52;155
2021-07-10;Gentofte;440;157
2021-07-10;Gladsaxe;475;159
2021-07-10;Glostrup;160;161
2021-07-10;Herlev;146;163
2021-07-10;Albertslund;156;165
2021-07-10;Hvidovre;327;167
2021-07-10;Høje Tåstrup;316;169
2021-07-10;Lyngby-Taarbæk;371;173
2021-07-10;Rødovre;276;175
2021-07-10;Ishøj;122;183
2021-07-10;Tårnby;229;185
2021-07-10;Vallensbæk;100;187
2021-07-10;Furesø;199;190
2021-07-10;Allerød;120;201
2021-07-10;Fredensborg;175;210
2021-07-10;Helsingør;156;217
2021-07-10;Hillerød;303;219
2021-07-10;Hørsholm;90;223
2021-07-10;Rudersdal;247;230
2021-07-10;Egedal;247;240
2021-07-10;Frederikssund;186;250
2021-07-10;Greve;161;253
2021-07-10;Køge;73;259
2021-07-10;Halsnæs;123;260
2021-07-10;Roskilde;224;265
2021-07-10;Solrød;96;269
2021-07-10;Gribskov;162;270
2021-07-10;Odsherred;46;306
2021-07-10;Holbæk;245;316
2021-07-10;Faxe;62;320
2021-07-10;Kalundborg;87;326
2021-07-10;Ringsted;65;329
2021-07-10;Slagelse;76;330
2021-07-10;Stevns;59;336
2021-07-10;Sorø;43;340
2021-07-10;Lejre;65;350
2021-07-10;Lolland;40;360
2021-07-10;Næstved;114;370
2021-07-10;Guldborgsund;302;376
2021-07-10;Vordingborg;109;390
2021-07-10;Bornholm;221;400
2021-07-10;Middelfart;157;410
2021-07-10;Assens;92;420
2021-07-10;Faaborg-Midtfyn;74;430
2021-07-10;Kerteminde;40;440
2021-07-10;Nyborg;48;450
2021-07-10;Odense;929;461
2021-07-10;Svendborg;82;479
2021-07-10;Nordfyn;49;480
2021-07-10;Langeland;12;482
2021-07-10;Haderslev;159;510
2021-07-10;Billund;157;530
2021-07-10;Sønderborg;521;540
2021-07-10;Tønder;78;550
2021-07-10;Esbjerg;168;561
2021-07-10;Fanø;4;563
2021-07-10;Varde;113;573
2021-07-10;Vejen;150;575
2021-07-10;Aabenraa;433;580
2021-07-10;Fredericia;285;607
2021-07-10;Horsens;856;615
2021-07-10;Kolding;265;621
2021-07-10;Vejle;428;630
2021-07-10;Herning;53;657
2021-07-10;Holstebro;10;661
2021-07-10;Lemvig;1;665
2021-07-10;Struer;3;671
2021-07-10;Syddjurs;66;706
2021-07-10;Norddjurs;17;707
2021-07-10;Favrskov;153;710
2021-07-10;Odder;140;727
2021-07-10;Randers;412;730
2021-07-10;Silkeborg;249;740
2021-07-10;Samsø;2;741
2021-07-10;Skanderborg;515;746
2021-07-10;Århus;3863;751
2021-07-10;Ikast-Brande;88;756
2021-07-10;Ringkøbing-Skjern;40;760
2021-07-10;Hedensted;179;766
2021-07-10;Morsø;3;773
2021-07-10;Skive;8;779
2021-07-10;Thisted;2;787
2021-07-10;Viborg;95;791
2021-07-10;Brønderslev;184;810
2021-07-10;Frederikshavn;1315;813
2021-07-10;Vesthimmerland;16;820
2021-07-10;Rebild;67;840
2021-07-10;Mariagerfjord;339;846
2021-07-10;Jammerbugt;34;849
2021-07-10;Aalborg;331;851
2021-07-10;Hjørring;1072;860
2021-07-11;København;8871;101
2021-07-11;Frederiksberg;1261;147
2021-07-11;Ballerup;412;151
2021-07-11;Brøndby;211;153
2021-07-11;Dragør;49;155
2021-07-11;Gentofte;470;157
2021-07-11;Gladsaxe;621;159
2021-07-11;Glostrup;191;161
2021-07-11;Herlev;220;163
2021-07-11;Albertslund;174;165
2021-07-11;Hvidovre;376;167
2021-07-11;Høje Tåstrup;398;169
2021-07-11;Lyngby-Taarbæk;417;173
2021-07-11;Rødovre;366;175
2021-07-11;Ishøj;140;183
2021-07-11;Tårnby;205;185
2021-07-11;Vallensbæk;135;187
2021-07-11;Furesø;255;190
2021-07-11;Allerød;208;201
2021-07-11;Fredensborg;186;210
2021-07-11;Helsingør;216;217
2021-07-11;Hillerød;474;219
2021-07-11;Hørsholm;132;223
2021-07-11;Rudersdal;318;230
2021-07-11;Egedal;345;240
2021-07-11;Frederikssund;259;250
2021-07-11;Greve;219;253
2021-07-11;Køge;352;259
2021-07-11;Halsnæs;197;260
2021-07-11;Roskilde;548;265
2021-07-11;Solrød;115;269
2021-07-11;Gribskov;236;270
2021-07-11;Odsherred;48;306
2021-07-11;Holbæk;95;316
2021-07-11;Faxe;99;320
2021-07-11;Kalundborg;69;326
2021-07-11;Ringsted;95;329
2021-07-11;Slagelse;525;330
2021-07-11;Stevns;51;336
2021-07-11;Sorø;62;340
2021-07-11;Lejre;84;350
2021-07-11;Lolland;11;360
2021-07-11;Næstved;416;370
2021-07-11;Guldborgsund;47;376
2021-07-11;Vordingborg;65;390
2021-07-11;Bornholm;104;400
2021-07-11;Middelfart;143;410
2021-07-11;Assens;125;420
2021-07-11;Faaborg-Midtfyn;179;430
2021-07-11;Kerteminde;57;440
2021-07-11;Nyborg;97;450
2021-07-11;Odense;1070;461
2021-07-11;Svendborg;215;479
2021-07-11;Nordfyn;77;480
2021-07-11;Langeland;24;482
2021-07-11;Ærø;1;492
2021-07-11;Haderslev;147;510
2021-07-11;Billund;201;530
2021-07-11;Sønderborg;454;540
2021-07-11;Tønder;56;550
2021-07-11;Esbjerg;104;561
2021-07-11;Fanø;5;563
2021-07-11;Varde;86;573
2021-07-11;Vejen;100;575
2021-07-11;Aabenraa;380;580
2021-07-11;Fredericia;246;607
2021-07-11;Horsens;233;615
2021-07-11;Kolding;128;621
2021-07-11;Vejle;144;630
2021-07-11;Herning;46;657
2021-07-11;Holstebro;45;661
2021-07-11;Lemvig;3;665
2021-07-11;Struer;20;671
2021-07-11;Syddjurs;124;706
2021-07-11;Norddjurs;50;707
2021-07-11;Favrskov;280;710
2021-07-11;Odder;117;727
2021-07-11;Randers;521;730
2021-07-11;Silkeborg;266;740
2021-07-11;Samsø;1;741
2021-07-11;Skanderborg;584;746
2021-07-11;Århus;4457;751
2021-07-11;Ikast-Brande;66;756
2021-07-11;Ringkøbing-Skjern;20;760
2021-07-11;Hedensted;56;766
2021-07-11;Skive;85;779
2021-07-11;Thisted;5;787
2021-07-11;Viborg;300;791
2021-07-11;Brønderslev;47;810
2021-07-11;Frederikshavn;10;813
2021-07-11;Vesthimmerland;598;820
2021-07-11;Rebild;153;840
2021-07-11;Mariagerfjord;489;846
2021-07-11;Jammerbugt;75;849
2021-07-11;Aalborg;1549;851
2021-07-11;Hjørring;23;860
2021-07-12;København;4709;101
2021-07-12;Frederiksberg;718;147
2021-07-12;Ballerup;95;151
2021-07-12;Brøndby;100;153
2021-07-12;Dragør;18;155
2021-07-12;Gentofte;178;157
2021-07-12;Gladsaxe;208;159
2021-07-12;Glostrup;90;161
2021-07-12;Herlev;41;163
2021-07-12;Albertslund;47;165
2021-07-12;Hvidovre;169;167
2021-07-12;Høje Tåstrup;191;169
2021-07-12;Lyngby-Taarbæk;131;173
2021-07-12;Rødovre;125;175
2021-07-12;Ishøj;71;183
2021-07-12;Tårnby;83;185
2021-07-12;Vallensbæk;50;187
2021-07-12;Furesø;98;190
2021-07-12;Allerød;69;201
2021-07-12;Fredensborg;302;210
2021-07-12;Helsingør;878;217
2021-07-12;Hillerød;144;219
2021-07-12;Hørsholm;100;223
2021-07-12;Rudersdal;147;230
2021-07-12;Egedal;90;240
2021-07-12;Frederikssund;88;250
2021-07-12;Greve;150;253
2021-07-12;Køge;334;259
2021-07-12;Halsnæs;62;260
2021-07-12;Roskilde;229;265
2021-07-12;Solrød;68;269
2021-07-12;Gribskov;105;270
2021-07-12;Odsherred;64;306
2021-07-12;Holbæk;292;316
2021-07-12;Faxe;133;320
2021-07-12;Kalundborg;123;326
2021-07-12;Ringsted;100;329
2021-07-12;Slagelse;399;330
2021-07-12;Stevns;87;336
2021-07-12;Sorø;81;340
2021-07-12;Lejre;73;350
2021-07-12;Lolland;95;360
2021-07-12;Næstved;603;370
2021-07-12;Guldborgsund;79;376
2021-07-12;Vordingborg;158;390
2021-07-12;Bornholm;209;400
2021-07-12;Middelfart;201;410
2021-07-12;Assens;232;420
2021-07-12;Faaborg-Midtfyn;409;430
2021-07-12;Kerteminde;245;440
2021-07-12;Nyborg;233;450
2021-07-12;Odense;2725;461
2021-07-12;Svendborg;281;479
2021-07-12;Nordfyn;193;480
2021-07-12;Langeland;27;482
2021-07-12;Ærø;3;492
2021-07-12;Haderslev;317;510
2021-07-12;Billund;255;530
2021-07-12;Sønderborg;598;540
2021-07-12;Tønder;514;550
2021-07-12;Esbjerg;445;561
2021-07-12;Fanø;25;563
2021-07-12;Varde;805;573
2021-07-12;Vejen;328;575
2021-07-12;Aabenraa;267;580
2021-07-12;Fredericia;288;607
2021-07-12;Horsens;698;615
2021-07-12;Kolding;579;621
2021-07-12;Vejle;614;630
2021-07-12;Herning;755;657
2021-07-12;Holstebro;792;661
2021-07-12;Lemvig;291;665
2021-07-12;Struer;95;671
2021-07-12;Syddjurs;270;706
2021-07-12;Norddjurs;298;707
2021-07-12;Favrskov;346;710
2021-07-12;Odder;136;727
2021-07-12;Randers;784;730
2021-07-12;Silkeborg;724;740
2021-07-12;Samsø;1;741
2021-07-12;Skanderborg;298;746
2021-07-12;Århus;2348;751
2021-07-12;Ikast-Brande;344;756
2021-07-12;Ringkøbing-Skjern;452;760
2021-07-12;Hedensted;216;766
2021-07-12;Morsø;135;773
2021-07-12;Skive;470;779
2021-07-12;Thisted;409;787
2021-07-12;Viborg;909;791
2021-07-12;Brønderslev;106;810
2021-07-12;Frederikshavn;43;813
2021-07-12;Vesthimmerland;466;820
2021-07-12;Læsø;1;825
2021-07-12;Rebild;30;840
2021-07-12;Mariagerfjord;140;846
2021-07-12;Jammerbugt;147;849
2021-07-12;Aalborg;1732;851
2021-07-12;Hjørring;128;860
2021-07-13;København;4639;101
2021-07-13;Frederiksberg;556;147
2021-07-13;Ballerup;169;151
2021-07-13;Brøndby;109;153
2021-07-13;Dragør;60;155
2021-07-13;Gentofte;283;157
2021-07-13;Gladsaxe;326;159
2021-07-13;Glostrup;81;161
2021-07-13;Herlev;80;163
2021-07-13;Albertslund;66;165
2021-07-13;Hvidovre;230;167
2021-07-13;Høje Tåstrup;202;169
2021-07-13;Lyngby-Taarbæk;359;173
2021-07-13;Rødovre;167;175
2021-07-13;Ishøj;69;183
2021-07-13;Tårnby;227;185
2021-07-13;Vallensbæk;55;187
2021-07-13;Furesø;174;190
2021-07-13;Allerød;189;201
2021-07-13;Fredensborg;291;210
2021-07-13;Helsingør;640;217
2021-07-13;Hillerød;366;219
2021-07-13;Hørsholm;138;223
2021-07-13;Rudersdal;366;230
2021-07-13;Egedal;197;240
2021-07-13;Frederikssund;198;250
2021-07-13;Greve;166;253
2021-07-13;Køge;408;259
2021-07-13;Halsnæs;162;260
2021-07-13;Roskilde;492;265
2021-07-13;Solrød;51;269
2021-07-13;Gribskov;240;270
2021-07-13;Odsherred;75;306
2021-07-13;Holbæk;265;316
2021-07-13;Faxe;111;320
2021-07-13;Kalundborg;81;326
2021-07-13;Ringsted;88;329
2021-07-13;Slagelse;435;330
2021-07-13;Stevns;54;336
2021-07-13;Sorø;78;340
2021-07-13;Lejre;75;350
2021-07-13;Lolland;78;360
2021-07-13;Næstved;551;370
2021-07-13;Guldborgsund;263;376
2021-07-13;Vordingborg;134;390
2021-07-13;Bornholm;8;400
2021-07-13;Middelfart;293;410
2021-07-13;Assens;294;420
2021-07-13;Faaborg-Midtfyn;520;430
2021-07-13;Kerteminde;224;440
2021-07-13;Nyborg;382;450
2021-07-13;Odense;2840;461
2021-07-13;Svendborg;695;479
2021-07-13;Nordfyn;205;480
2021-07-13;Langeland;33;482
2021-07-13;Ærø;7;492
2021-07-13;Haderslev;682;510
2021-07-13;Billund;90;530
2021-07-13;Sønderborg;772;540
2021-07-13;Tønder;129;550
2021-07-13;Esbjerg;1280;561
2021-07-13;Fanø;1;563
2021-07-13;Varde;58;573
2021-07-13;Vejen;243;575
2021-07-13;Aabenraa;195;580
2021-07-13;Fredericia;451;607
2021-07-13;Horsens;585;615
2021-07-13;Kolding;836;621
2021-07-13;Vejle;924;630
2021-07-13;Herning;268;657
2021-07-13;Holstebro;627;661
2021-07-13;Lemvig;148;665
2021-07-13;Struer;275;671
2021-07-13;Syddjurs;216;706
2021-07-13;Norddjurs;212;707
2021-07-13;Favrskov;296;710
2021-07-13;Odder;199;727
2021-07-13;Randers;927;730
2021-07-13;Silkeborg;731;740
2021-07-13;Samsø;1;741
2021-07-13;Skanderborg;442;746
2021-07-13;Århus;3444;751
2021-07-13;Ikast-Brande;125;756
2021-07-13;Ringkøbing-Skjern;223;760
2021-07-13;Hedensted;243;766
2021-07-13;Morsø;60;773
2021-07-13;Skive;519;779
2021-07-13;Thisted;176;787
2021-07-13;Viborg;1127;791
2021-07-13;Brønderslev;159;810
2021-07-13;Frederikshavn;36;813
2021-07-13;Vesthimmerland;539;820
2021-07-13;Rebild;733;840
2021-07-13;Mariagerfjord;529;846
2021-07-13;Jammerbugt;498;849
2021-07-13;Aalborg;2054;851
2021-07-13;Hjørring;131;860
2021-07-14;København;7051;101
2021-07-14;Frederiksberg;986;147
2021-07-14;Ballerup;260;151
2021-07-14;Brøndby;189;153
2021-07-14;Dragør;53;155
2021-07-14;Gentofte;343;157
2021-07-14;Gladsaxe;409;159
2021-07-14;Glostrup;164;161
2021-07-14;Herlev;132;163
2021-07-14;Albertslund;153;165
2021-07-14;Hvidovre;304;167
2021-07-14;Høje Tåstrup;293;169
2021-07-14;Lyngby-Taarbæk;321;173
2021-07-14;Rødovre;263;175
2021-07-14;Ishøj;156;183
2021-07-14;Tårnby;191;185
2021-07-14;Vallensbæk;107;187
2021-07-14;Furesø;205;190
2021-07-14;Allerød;115;201
2021-07-14;Fredensborg;162;210
2021-07-14;Helsingør;182;217
2021-07-14;Hillerød;247;219
2021-07-14;Hørsholm;97;223
2021-07-14;Rudersdal;303;230
2021-07-14;Egedal;233;240
2021-07-14;Frederikssund;169;250
2021-07-14;Greve;454;253
2021-07-14;Køge;105;259
2021-07-14;Halsnæs;118;260
2021-07-14;Roskilde;613;265
2021-07-14;Solrød;195;269
2021-07-14;Gribskov;151;270
2021-07-14;Odsherred;23;306
2021-07-14;Holbæk;350;316
2021-07-14;Faxe;104;320
2021-07-14;Kalundborg;146;326
2021-07-14;Ringsted;125;329
2021-07-14;Slagelse;75;330
2021-07-14;Stevns;116;336
2021-07-14;Sorø;110;340
2021-07-14;Lejre;79;350
2021-07-14;Lolland;185;360
2021-07-14;Næstved;98;370
2021-07-14;Guldborgsund;258;376
2021-07-14;Vordingborg;88;390
2021-07-14;Bornholm;239;400
2021-07-14;Middelfart;447;410
2021-07-14;Assens;351;420
2021-07-14;Faaborg-Midtfyn;399;430
2021-07-14;Kerteminde;288;440
2021-07-14;Nyborg;305;450
2021-07-14;Odense;2994;461
2021-07-14;Svendborg;406;479
2021-07-14;Nordfyn;377;480
2021-07-14;Langeland;35;482
2021-07-14;Ærø;4;492
2021-07-14;Haderslev;551;510
2021-07-14;Billund;147;530
2021-07-14;Sønderborg;823;540
2021-07-14;Tønder;455;550
2021-07-14;Esbjerg;1017;561
2021-07-14;Fanø;6;563
2021-07-14;Varde;110;573
2021-07-14;Vejen;566;575
2021-07-14;Aabenraa;299;580
2021-07-14;Fredericia;449;607
2021-07-14;Horsens;467;615
2021-07-14;Kolding;362;621
2021-07-14;Vejle;461;630
2021-07-14;Herning;1132;657
2021-07-14;Holstebro;706;661
2021-07-14;Lemvig;69;665
2021-07-14;Struer;190;671
2021-07-14;Syddjurs;197;706
2021-07-14;Norddjurs;226;707
2021-07-14;Favrskov;285;710
2021-07-14;Odder;153;727
2021-07-14;Randers;736;730
2021-07-14;Silkeborg;822;740
2021-07-14;Samsø;45;741
2021-07-14;Skanderborg;363;746
2021-07-14;Århus;3035;751
2021-07-14;Ikast-Brande;478;756
2021-07-14;Ringkøbing-Skjern;614;760
2021-07-14;Hedensted;206;766
2021-07-14;Morsø;75;773
2021-07-14;Skive;438;779
2021-07-14;Thisted;161;787
2021-07-14;Viborg;770;791
2021-07-14;Brønderslev;158;810
2021-07-14;Frederikshavn;899;813
2021-07-14;Vesthimmerland;15;820
2021-07-14;Rebild;87;840
2021-07-14;Mariagerfjord;80;846
2021-07-14;Jammerbugt;168;849
2021-07-14;Aalborg;2858;851
2021-07-14;Hjørring;83;860
2021-07-15;København;4596;101
2021-07-15;Frederiksberg;572;147
2021-07-15;Ballerup;309;151
2021-07-15;Brøndby;96;153
2021-07-15;Dragør;28;155
2021-07-15;Gentofte;226;157
2021-07-15;Gladsaxe;403;159
2021-07-15;Glostrup;134;161
2021-07-15;Herlev;156;163
2021-07-15;Albertslund;125;165
2021-07-15;Hvidovre;225;167
2021-07-15;Høje Tåstrup;203;169
2021-07-15;Lyngby-Taarbæk;200;173
2021-07-15;Rødovre;210;175
2021-07-15;Ishøj;72;183
2021-07-15;Tårnby;125;185
2021-07-15;Vallensbæk;44;187
2021-07-15;Furesø;143;190
2021-07-15;Allerød;73;201
2021-07-15;Fredensborg;102;210
2021-07-15;Helsingør;243;217
2021-07-15;Hillerød;174;219
2021-07-15;Hørsholm;38;223
2021-07-15;Rudersdal;138;230
2021-07-15;Egedal;260;240
2021-07-15;Frederikssund;199;250
2021-07-15;Greve;71;253
2021-07-15;Køge;351;259
2021-07-15;Halsnæs;90;260
2021-07-15;Roskilde;448;265
2021-07-15;Solrød;95;269
2021-07-15;Gribskov;101;270
2021-07-15;Odsherred;18;306
2021-07-15;Holbæk;241;316
2021-07-15;Faxe;159;320
2021-07-15;Kalundborg;75;326
2021-07-15;Ringsted;172;329
2021-07-15;Slagelse;365;330
2021-07-15;Stevns;54;336
2021-07-15;Sorø;153;340
2021-07-15;Lejre;88;350
2021-07-15;Lolland;119;360
2021-07-15;Næstved;581;370
2021-07-15;Guldborgsund;258;376
2021-07-15;Vordingborg;86;390
2021-07-15;Bornholm;160;400
2021-07-15;Middelfart;314;410
2021-07-15;Assens;368;420
2021-07-15;Faaborg-Midtfyn;453;430
2021-07-15;Kerteminde;173;440
2021-07-15;Nyborg;309;450
2021-07-15;Odense;2394;461
2021-07-15;Svendborg;459;479
2021-07-15;Nordfyn;249;480
2021-07-15;Langeland;40;482
2021-07-15;Ærø;3;492
2021-07-15;Haderslev;641;510
2021-07-15;Billund;53;530
2021-07-15;Sønderborg;632;540
2021-07-15;Tønder;183;550
2021-07-15;Esbjerg;474;561
2021-07-15;Fanø;1;563
2021-07-15;Varde;41;573
2021-07-15;Vejen;366;575
2021-07-15;Aabenraa;402;580
2021-07-15;Fredericia;326;607
2021-07-15;Horsens;405;615
2021-07-15;Kolding;553;621
2021-07-15;Vejle;261;630
2021-07-15;Herning;396;657
2021-07-15;Holstebro;506;661
2021-07-15;Lemvig;90;665
2021-07-15;Struer;140;671
2021-07-15;Syddjurs;177;706
2021-07-15;Norddjurs;241;707
2021-07-15;Favrskov;250;710
2021-07-15;Odder;102;727
2021-07-15;Randers;789;730
2021-07-15;Silkeborg;641;740
2021-07-15;Skanderborg;194;746
2021-07-15;Århus;2861;751
2021-07-15;Ikast-Brande;243;756
2021-07-15;Ringkøbing-Skjern;631;760
2021-07-15;Hedensted;218;766
2021-07-15;Morsø;51;773
2021-07-15;Skive;351;779
2021-07-15;Thisted;157;787
2021-07-15;Viborg;760;791
2021-07-15;Brønderslev;67;810
2021-07-15;Frederikshavn;20;813
2021-07-15;Vesthimmerland;25;820
2021-07-15;Rebild;174;840
2021-07-15;Mariagerfjord;188;846
2021-07-15;Jammerbugt;208;849
2021-07-15;Aalborg;1736;851
2021-07-15;Hjørring;17;860
2021-07-16;København;3566;101
2021-07-16;Frederiksberg;487;147
2021-07-16;Ballerup;299;151
2021-07-16;Brøndby;137;153
2021-07-16;Dragør;37;155
2021-07-16;Gentofte;290;157
2021-07-16;Gladsaxe;359;159
2021-07-16;Glostrup;113;161
2021-07-16;Herlev;127;163
2021-07-16;Albertslund;112;165
2021-07-16;Hvidovre;194;167
2021-07-16;Høje Tåstrup;181;169
2021-07-16;Lyngby-Taarbæk;236;173
2021-07-16;Rødovre;185;175
2021-07-16;Ishøj;89;183
2021-07-16;Tårnby;122;185
2021-07-16;Vallensbæk;65;187
2021-07-16;Furesø;170;190
2021-07-16;Allerød;105;201
2021-07-16;Fredensborg;91;210
2021-07-16;Helsingør;90;217
2021-07-16;Hillerød;189;219
2021-07-16;Hørsholm;68;223
2021-07-16;Rudersdal;136;230
2021-07-16;Egedal;251;240
2021-07-16;Frederikssund;130;250
2021-07-16;Greve;126;253
2021-07-16;Køge;139;259
2021-07-16;Halsnæs;85;260
2021-07-16;Roskilde;383;265
2021-07-16;Solrød;72;269
2021-07-16;Gribskov;136;270
2021-07-16;Odsherred;94;306
2021-07-16;Holbæk;485;316
2021-07-16;Faxe;77;320
2021-07-16;Kalundborg;79;326
2021-07-16;Ringsted;45;329
2021-07-16;Slagelse;95;330
2021-07-16;Stevns;69;336
2021-07-16;Sorø;52;340
2021-07-16;Lejre;76;350
2021-07-16;Lolland;81;360
2021-07-16;Næstved;41;370
2021-07-16;Guldborgsund;425;376
2021-07-16;Vordingborg;37;390
2021-07-16;Bornholm;178;400
2021-07-16;Middelfart;295;410
2021-07-16;Assens;223;420
2021-07-16;Faaborg-Midtfyn;230;430
2021-07-16;Kerteminde;145;440
2021-07-16;Nyborg;186;450
2021-07-16;Odense;2051;461
2021-07-16;Svendborg;420;479
2021-07-16;Nordfyn;150;480
2021-07-16;Langeland;213;482
2021-07-16;Ærø;51;492
2021-07-16;Haderslev;331;510
2021-07-16;Billund;224;530
2021-07-16;Sønderborg;245;540
2021-07-16;Tønder;154;550
2021-07-16;Esbjerg;352;561
2021-07-16;Fanø;11;563
2021-07-16;Varde;333;573
2021-07-16;Vejen;358;575
2021-07-16;Aabenraa;359;580
2021-07-16;Fredericia;431;607
2021-07-16;Horsens;538;615
2021-07-16;Kolding;368;621
2021-07-16;Vejle;450;630
2021-07-16;Herning;843;657
2021-07-16;Holstebro;455;661
2021-07-16;Lemvig;17;665
2021-07-16;Struer;49;671
2021-07-16;Syddjurs;223;706
2021-07-16;Norddjurs;227;707
2021-07-16;Favrskov;210;710
2021-07-16;Odder;116;727
2021-07-16;Randers;342;730
2021-07-16;Silkeborg;655;740
2021-07-16;Samsø;5;741
2021-07-16;Skanderborg;240;746
2021-07-16;Århus;2327;751
2021-07-16;Ikast-Brande;169;756
2021-07-16;Ringkøbing-Skjern;113;760
2021-07-16;Hedensted;296;766
2021-07-16;Morsø;34;773
2021-07-16;Skive;315;779
2021-07-16;Thisted;152;787
2021-07-16;Viborg;805;791
2021-07-16;Brønderslev;198;810
2021-07-16;Frederikshavn;257;813
2021-07-16;Vesthimmerland;194;820
2021-07-16;Læsø;4;825
2021-07-16;Rebild;232;840
2021-07-16;Mariagerfjord;111;846
2021-07-16;Jammerbugt;183;849
2021-07-16;Aalborg;2402;851
2021-07-16;Hjørring;190;860
2021-07-17;København;4090;101
2021-07-17;Frederiksberg;575;147
2021-07-17;Ballerup;238;151
2021-07-17;Brøndby;143;153
2021-07-17;Dragør;39;155
2021-07-17;Gentofte;316;157
2021-07-17;Gladsaxe;354;159
2021-07-17;Glostrup;122;161
2021-07-17;Herlev;124;163
2021-07-17;Albertslund;99;165
2021-07-17;Hvidovre;227;167
2021-07-17;Høje Tåstrup;215;169
2021-07-17;Lyngby-Taarbæk;250;173
2021-07-17;Rødovre;238;175
2021-07-17;Ishøj;96;183
2021-07-17;Tårnby;168;185
2021-07-17;Vallensbæk;58;187
2021-07-17;Furesø;154;190
2021-07-17;Allerød;78;201
2021-07-17;Fredensborg;99;210
2021-07-17;Helsingør;62;217
2021-07-17;Hillerød;172;219
2021-07-17;Hørsholm;57;223
2021-07-17;Rudersdal;145;230
2021-07-17;Egedal;213;240
2021-07-17;Frederikssund;133;250
2021-07-17;Greve;146;253
2021-07-17;Køge;129;259
2021-07-17;Halsnæs;86;260
2021-07-17;Roskilde;171;265
2021-07-17;Solrød;60;269
2021-07-17;Gribskov;98;270
2021-07-17;Odsherred;50;306
2021-07-17;Holbæk;487;316
2021-07-17;Faxe;38;320
2021-07-17;Kalundborg;84;326
2021-07-17;Ringsted;41;329
2021-07-17;Slagelse;450;330
2021-07-17;Stevns;30;336
2021-07-17;Sorø;55;340
2021-07-17;Lejre;39;350
2021-07-17;Lolland;62;360
2021-07-17;Næstved;58;370
2021-07-17;Guldborgsund;298;376
2021-07-17;Vordingborg;78;390
2021-07-17;Bornholm;4;400
2021-07-17;Middelfart;68;410
2021-07-17;Assens;165;420
2021-07-17;Faaborg-Midtfyn;255;430
2021-07-17;Kerteminde;51;440
2021-07-17;Nyborg;123;450
2021-07-17;Odense;1109;461
2021-07-17;Svendborg;327;479
2021-07-17;Nordfyn;118;480
2021-07-17;Langeland;33;482
2021-07-17;Ærø;2;492
2021-07-17;Haderslev;147;510
2021-07-17;Billund;43;530
2021-07-17;Sønderborg;232;540
2021-07-17;Tønder;98;550
2021-07-17;Esbjerg;67;561
2021-07-17;Fanø;6;563
2021-07-17;Varde;233;573
2021-07-17;Vejen;60;575
2021-07-17;Aabenraa;170;580
2021-07-17;Fredericia;64;607
2021-07-17;Horsens;788;615
2021-07-17;Kolding;108;621
2021-07-17;Vejle;759;630
2021-07-17;Herning;26;657
2021-07-17;Holstebro;11;661
2021-07-17;Lemvig;2;665
2021-07-17;Struer;10;671
2021-07-17;Syddjurs;47;706
2021-07-17;Norddjurs;15;707
2021-07-17;Favrskov;103;710
2021-07-17;Odder;56;727
2021-07-17;Randers;80;730
2021-07-17;Silkeborg;97;740
2021-07-17;Samsø;1;741
2021-07-17;Skanderborg;412;746
2021-07-17;Århus;2634;751
2021-07-17;Ikast-Brande;41;756
2021-07-17;Ringkøbing-Skjern;61;760
2021-07-17;Hedensted;182;766
2021-07-17;Morsø;177;773
2021-07-17;Skive;13;779
2021-07-17;Thisted;877;787
2021-07-17;Viborg;34;791
2021-07-17;Brønderslev;196;810
2021-07-17;Frederikshavn;21;813
2021-07-17;Vesthimmerland;186;820
2021-07-17;Rebild;164;840
2021-07-17;Mariagerfjord;57;846
2021-07-17;Jammerbugt;199;849
2021-07-17;Aalborg;2601;851
2021-07-17;Hjørring;133;860
2021-07-18;København;2512;101
2021-07-18;Frederiksberg;319;147
2021-07-18;Ballerup;64;151
2021-07-18;Brøndby;49;153
2021-07-18;Dragør;26;155
2021-07-18;Gentofte;116;157
2021-07-18;Gladsaxe;144;159
2021-07-18;Glostrup;41;161
2021-07-18;Herlev;53;163
2021-07-18;Albertslund;43;165
2021-07-18;Hvidovre;113;167
2021-07-18;Høje Tåstrup;81;169
2021-07-18;Lyngby-Taarbæk;106;173
2021-07-18;Rødovre;70;175
2021-07-18;Ishøj;20;183
2021-07-18;Tårnby;117;185
2021-07-18;Vallensbæk;21;187
2021-07-18;Furesø;47;190
2021-07-18;Allerød;45;201
2021-07-18;Fredensborg;49;210
2021-07-18;Helsingør;34;217
2021-07-18;Hillerød;95;219
2021-07-18;Hørsholm;12;223
2021-07-18;Rudersdal;61;230
2021-07-18;Egedal;99;240
2021-07-18;Frederikssund;66;250
2021-07-18;Greve;45;253
2021-07-18;Køge;491;259
2021-07-18;Halsnæs;41;260
2021-07-18;Roskilde;224;265
2021-07-18;Solrød;50;269
2021-07-18;Gribskov;47;270
2021-07-18;Odsherred;28;306
2021-07-18;Holbæk;96;316
2021-07-18;Faxe;72;320
2021-07-18;Kalundborg;46;326
2021-07-18;Ringsted;62;329
2021-07-18;Slagelse;397;330
2021-07-18;Stevns;40;336
2021-07-18;Sorø;34;340
2021-07-18;Lejre;45;350
2021-07-18;Lolland;3;360
2021-07-18;Næstved;217;370
2021-07-18;Guldborgsund;23;376
2021-07-18;Vordingborg;26;390
2021-07-18;Bornholm;135;400
2021-07-18;Middelfart;132;410
2021-07-18;Assens;47;420
2021-07-18;Faaborg-Midtfyn;171;430
2021-07-18;Kerteminde;21;440
2021-07-18;Nyborg;72;450
2021-07-18;Odense;982;461
2021-07-18;Svendborg;314;479
2021-07-18;Nordfyn;13;480
2021-07-18;Langeland;29;482
2021-07-18;Ærø;2;492
2021-07-18;Haderslev;174;510
2021-07-18;Billund;52;530
2021-07-18;Sønderborg;117;540
2021-07-18;Tønder;112;550
2021-07-18;Esbjerg;315;561
2021-07-18;Fanø;8;563
2021-07-18;Varde;203;573
2021-07-18;Vejen;175;575
2021-07-18;Aabenraa;156;580
2021-07-18;Fredericia;181;607
2021-07-18;Horsens;611;615
2021-07-18;Kolding;248;621
2021-07-18;Vejle;749;630
2021-07-18;Herning;38;657
2021-07-18;Holstebro;7;661
2021-07-18;Lemvig;1;665
2021-07-18;Struer;3;671
2021-07-18;Syddjurs;57;706
2021-07-18;Norddjurs;13;707
2021-07-18;Favrskov;116;710
2021-07-18;Odder;38;727
2021-07-18;Randers;74;730
2021-07-18;Silkeborg;80;740
2021-07-18;Samsø;3;741
2021-07-18;Skanderborg;244;746
2021-07-18;Århus;3488;751
2021-07-18;Ikast-Brande;47;756
2021-07-18;Ringkøbing-Skjern;40;760
2021-07-18;Hedensted;201;766
2021-07-18;Morsø;16;773
2021-07-18;Skive;6;779
2021-07-18;Thisted;153;787
2021-07-18;Viborg;21;791
2021-07-18;Brønderslev;193;810
2021-07-18;Frederikshavn;14;813
2021-07-18;Vesthimmerland;270;820
2021-07-18;Rebild;94;840
2021-07-18;Mariagerfjord;16;846
2021-07-18;Jammerbugt;117;849
2021-07-18;Aalborg;2618;851
2021-07-18;Hjørring;1016;860
2021-07-19;København;2821;101
2021-07-19;Frederiksberg;418;147
2021-07-19;Ballerup;85;151
2021-07-19;Brøndby;95;153
2021-07-19;Dragør;8;155
2021-07-19;Gentofte;153;157
2021-07-19;Gladsaxe;155;159
2021-07-19;Glostrup;59;161
2021-07-19;Herlev;49;163
2021-07-19;Albertslund;70;165
2021-07-19;Hvidovre;131;167
2021-07-19;Høje Tåstrup;176;169
2021-07-19;Lyngby-Taarbæk;125;173
2021-07-19;Rødovre;93;175
2021-07-19;Ishøj;94;183
2021-07-19;Tårnby;74;185
2021-07-19;Vallensbæk;53;187
2021-07-19;Furesø;80;190
2021-07-19;Allerød;101;201
2021-07-19;Fredensborg;170;210
2021-07-19;Helsingør;338;217
2021-07-19;Hillerød;183;219
2021-07-19;Hørsholm;60;223
2021-07-19;Rudersdal;124;230
2021-07-19;Egedal;93;240
2021-07-19;Frederikssund;123;250
2021-07-19;Greve;270;253
2021-07-19;Køge;297;259
2021-07-19;Halsnæs;84;260
2021-07-19;Roskilde;493;265
2021-07-19;Solrød;84;269
2021-07-19;Gribskov;122;270
2021-07-19;Odsherred;142;306
2021-07-19;Holbæk;442;316
2021-07-19;Faxe;122;320
2021-07-19;Kalundborg;248;326
2021-07-19;Ringsted;87;329
2021-07-19;Slagelse;139;330
2021-07-19;Stevns;82;336
2021-07-19;Sorø;84;340
2021-07-19;Lejre;95;350
2021-07-19;Lolland;86;360
2021-07-19;Næstved;157;370
2021-07-19;Guldborgsund;299;376
2021-07-19;Vordingborg;89;390
2021-07-19;Bornholm;126;400
2021-07-19;Middelfart;93;410
2021-07-19;Assens;274;420
2021-07-19;Faaborg-Midtfyn;274;430
2021-07-19;Kerteminde;272;440
2021-07-19;Nyborg;236;450
2021-07-19;Odense;1882;461
2021-07-19;Svendborg;221;479
2021-07-19;Nordfyn;230;480
2021-07-19;Langeland;17;482
2021-07-19;Ærø;5;492
2021-07-19;Haderslev;201;510
2021-07-19;Billund;536;530
2021-07-19;Sønderborg;153;540
2021-07-19;Tønder;154;550
2021-07-19;Esbjerg;707;561
2021-07-19;Fanø;1;563
2021-07-19;Varde;85;573
2021-07-19;Vejen;72;575
2021-07-19;Aabenraa;248;580
2021-07-19;Fredericia;89;607
2021-07-19;Horsens;523;615
2021-07-19;Kolding;604;621
2021-07-19;Vejle;928;630
2021-07-19;Herning;1492;657
2021-07-19;Holstebro;276;661
2021-07-19;Lemvig;319;665
2021-07-19;Struer;213;671
2021-07-19;Syddjurs;267;706
2021-07-19;Norddjurs;410;707
2021-07-19;Favrskov;305;710
2021-07-19;Odder;158;727
2021-07-19;Randers;678;730
2021-07-19;Silkeborg;730;740
2021-07-19;Samsø;1;741
2021-07-19;Skanderborg;446;746
2021-07-19;Århus;3412;751
2021-07-19;Ikast-Brande;617;756
2021-07-19;Ringkøbing-Skjern;731;760
2021-07-19;Hedensted;241;766
2021-07-19;Morsø;26;773
2021-07-19;Skive;364;779
2021-07-19;Thisted;182;787
2021-07-19;Viborg;1084;791
2021-07-19;Brønderslev;202;810
2021-07-19;Frederikshavn;594;813
2021-07-19;Vesthimmerland;231;820
2021-07-19;Læsø;3;825
2021-07-19;Rebild;123;840
2021-07-19;Mariagerfjord;66;846
2021-07-19;Jammerbugt;110;849
2021-07-19;Aalborg;1874;851
2021-07-19;Hjørring;165;860
2021-07-20;København;2435;101
2021-07-20;Frederiksberg;275;147
2021-07-20;Ballerup;67;151
2021-07-20;Brøndby;87;153
2021-07-20;Dragør;46;155
2021-07-20;Gentofte;168;157
2021-07-20;Gladsaxe;134;159
2021-07-20;Glostrup;58;161
2021-07-20;Herlev;35;163
2021-07-20;Albertslund;63;165
2021-07-20;Hvidovre;184;167
2021-07-20;Høje Tåstrup;161;169
2021-07-20;Lyngby-Taarbæk;146;173
2021-07-20;Rødovre;93;175
2021-07-20;Ishøj;55;183
2021-07-20;Tårnby;219;185
2021-07-20;Vallensbæk;42;187
2021-07-20;Furesø;72;190
2021-07-20;Allerød;90;201
2021-07-20;Fredensborg;151;210
2021-07-20;Helsingør;237;217
2021-07-20;Hillerød;167;219
2021-07-20;Hørsholm;70;223
2021-07-20;Rudersdal;133;230
2021-07-20;Egedal;76;240
2021-07-20;Frederikssund;100;250
2021-07-20;Greve;178;253
2021-07-20;Køge;182;259
2021-07-20;Halsnæs;97;260
2021-07-20;Roskilde;430;265
2021-07-20;Solrød;58;269
2021-07-20;Gribskov;136;270
2021-07-20;Odsherred;67;306
2021-07-20;Holbæk;153;316
2021-07-20;Faxe;71;320
2021-07-20;Kalundborg;82;326
2021-07-20;Ringsted;203;329
2021-07-20;Slagelse;354;330
2021-07-20;Stevns;39;336
2021-07-20;Sorø;64;340
2021-07-20;Lejre;64;350
2021-07-20;Lolland;93;360
2021-07-20;Næstved;552;370
2021-07-20;Guldborgsund;223;376
2021-07-20;Vordingborg;224;390
2021-07-20;Bornholm;172;400
2021-07-20;Middelfart;74;410
2021-07-20;Assens;286;420
2021-07-20;Faaborg-Midtfyn;300;430
2021-07-20;Kerteminde;182;440
2021-07-20;Nyborg;146;450
2021-07-20;Odense;2371;461
2021-07-20;Svendborg;207;479
2021-07-20;Nordfyn;234;480
2021-07-20;Langeland;18;482
2021-07-20;Ærø;6;492
2021-07-20;Haderslev;218;510
2021-07-20;Billund;24;530
2021-07-20;Sønderborg;659;540
2021-07-20;Tønder;207;550
2021-07-20;Esbjerg;1205;561
2021-07-20;Varde;35;573
2021-07-20;Vejen;330;575
2021-07-20;Aabenraa;366;580
2021-07-20;Fredericia;104;607
2021-07-20;Horsens;664;615
2021-07-20;Kolding;1070;621
2021-07-20;Vejle;908;630
2021-07-20;Herning;491;657
2021-07-20;Holstebro;690;661
2021-07-20;Lemvig;33;665
2021-07-20;Struer;35;671
2021-07-20;Syddjurs;257;706
2021-07-20;Norddjurs;190;707
2021-07-20;Favrskov;273;710
2021-07-20;Odder;132;727
2021-07-20;Randers;836;730
2021-07-20;Silkeborg;744;740
2021-07-20;Skanderborg;340;746
2021-07-20;Århus;3501;751
2021-07-20;Ikast-Brande;291;756
2021-07-20;Ringkøbing-Skjern;856;760
2021-07-20;Hedensted;382;766
2021-07-20;Morsø;28;773
2021-07-20;Skive;373;779
2021-07-20;Thisted;155;787
2021-07-20;Viborg;953;791
2021-07-20;Brønderslev;203;810
2021-07-20;Frederikshavn;34;813
2021-07-20;Vesthimmerland;35;820
2021-07-20;Rebild;175;840
2021-07-20;Mariagerfjord;722;846
2021-07-20;Jammerbugt;177;849
2021-07-20;Aalborg;2567;851
2021-07-20;Hjørring;156;860
2021-07-21;København;2502;101
2021-07-21;Frederiksberg;344;147
2021-07-21;Ballerup;43;151
2021-07-21;Brøndby;64;153
2021-07-21;Dragør;39;155
2021-07-21;Gentofte;175;157
2021-07-21;Gladsaxe;121;159
2021-07-21;Glostrup;55;161
2021-07-21;Herlev;40;163
2021-07-21;Albertslund;46;165
2021-07-21;Hvidovre;148;167
2021-07-21;Høje Tåstrup;153;169
2021-07-21;Lyngby-Taarbæk;189;173
2021-07-21;Rødovre;87;175
2021-07-21;Ishøj;44;183
2021-07-21;Tårnby;137;185
2021-07-21;Vallensbæk;39;187
2021-07-21;Furesø;120;190
2021-07-21;Allerød;92;201
2021-07-21;Fredensborg;76;210
2021-07-21;Helsingør;53;217
2021-07-21;Hillerød;136;219
2021-07-21;Hørsholm;76;223
2021-07-21;Rudersdal;219;230
2021-07-21;Egedal;54;240
2021-07-21;Frederikssund;109;250
2021-07-21;Greve;143;253
2021-07-21;Køge;206;259
2021-07-21;Halsnæs;58;260
2021-07-21;Roskilde;473;265
2021-07-21;Solrød;54;269
2021-07-21;Gribskov;90;270
2021-07-21;Odsherred;77;306
2021-07-21;Holbæk;252;316
2021-07-21;Faxe;129;320
2021-07-21;Kalundborg;116;326
2021-07-21;Ringsted;83;329
2021-07-21;Slagelse;310;330
2021-07-21;Stevns;67;336
2021-07-21;Sorø;200;340
2021-07-21;Lejre;61;350
2021-07-21;Lolland;217;360
2021-07-21;Næstved;551;370
2021-07-21;Guldborgsund;243;376
2021-07-21;Vordingborg;139;390
2021-07-21;Bornholm;203;400
2021-07-21;Middelfart;129;410
2021-07-21;Assens;385;420
2021-07-21;Faaborg-Midtfyn;307;430
2021-07-21;Kerteminde;126;440
2021-07-21;Nyborg;134;450
2021-07-21;Odense;1452;461
2021-07-21;Svendborg;240;479
2021-07-21;Nordfyn;240;480
2021-07-21;Langeland;28;482
2021-07-21;Ærø;1;492
2021-07-21;Haderslev;173;510
2021-07-21;Billund;52;530
2021-07-21;Sønderborg;381;540
2021-07-21;Tønder;144;550
2021-07-21;Esbjerg;503;561
2021-07-21;Fanø;3;563
2021-07-21;Varde;256;573
2021-07-21;Vejen;67;575
2021-07-21;Aabenraa;276;580
2021-07-21;Fredericia;303;607
2021-07-21;Horsens;465;615
2021-07-21;Kolding;1465;621
2021-07-21;Vejle;1619;630
2021-07-21;Herning;751;657
2021-07-21;Holstebro;310;661
2021-07-21;Lemvig;100;665
2021-07-21;Struer;26;671
2021-07-21;Syddjurs;252;706
2021-07-21;Norddjurs;204;707
2021-07-21;Favrskov;364;710
2021-07-21;Odder;133;727
2021-07-21;Randers;950;730
2021-07-21;Silkeborg;749;740
2021-07-21;Samsø;53;741
2021-07-21;Skanderborg;285;746
2021-07-21;Århus;3477;751
2021-07-21;Ikast-Brande;423;756
2021-07-21;Ringkøbing-Skjern;260;760
2021-07-21;Hedensted;286;766
2021-07-21;Morsø;44;773
2021-07-21;Skive;323;779
2021-07-21;Thisted;220;787
2021-07-21;Viborg;592;791
2021-07-21;Brønderslev;146;810
2021-07-21;Frederikshavn;291;813
2021-07-21;Vesthimmerland;20;820
2021-07-21;Læsø;1;825
2021-07-21;Rebild;109;840
2021-07-21;Mariagerfjord;319;846
2021-07-21;Jammerbugt;103;849
2021-07-21;Aalborg;1572;851
2021-07-21;Hjørring;156;860
2021-07-22;København;2643;101
2021-07-22;Frederiksberg;355;147
2021-07-22;Ballerup;164;151
2021-07-22;Brøndby;106;153
2021-07-22;Dragør;42;155
2021-07-22;Gentofte;188;157
2021-07-22;Gladsaxe;202;159
2021-07-22;Glostrup;92;161
2021-07-22;Herlev;100;163
2021-07-22;Albertslund;104;165
2021-07-22;Hvidovre;223;167
2021-07-22;Høje Tåstrup;220;169
2021-07-22;Lyngby-Taarbæk;120;173
2021-07-22;Rødovre;144;175
2021-07-22;Ishøj;97;183
2021-07-22;Tårnby;169;185
2021-07-22;Vallensbæk;68;187
2021-07-22;Furesø;89;190
2021-07-22;Allerød;30;201
2021-07-22;Fredensborg;97;210
2021-07-22;Helsingør;205;217
2021-07-22;Hillerød;61;219
2021-07-22;Hørsholm;29;223
2021-07-22;Rudersdal;73;230
2021-07-22;Egedal;172;240
2021-07-22;Frederikssund;69;250
2021-07-22;Greve;236;253
2021-07-22;Køge;185;259
2021-07-22;Halsnæs;18;260
2021-07-22;Roskilde;438;265
2021-07-22;Solrød;158;269
2021-07-22;Gribskov;37;270
2021-07-22;Odsherred;43;306
2021-07-22;Holbæk;235;316
2021-07-22;Faxe;67;320
2021-07-22;Kalundborg;75;326
2021-07-22;Ringsted;110;329
2021-07-22;Slagelse;154;330
2021-07-22;Stevns;44;336
2021-07-22;Sorø;72;340
2021-07-22;Lejre;149;350
2021-07-22;Lolland;93;360
2021-07-22;Næstved;365;370
2021-07-22;Guldborgsund;108;376
2021-07-22;Vordingborg;142;390
2021-07-22;Bornholm;220;400
2021-07-22;Middelfart;109;410
2021-07-22;Assens;177;420
2021-07-22;Faaborg-Midtfyn;223;430
2021-07-22;Kerteminde;39;440
2021-07-22;Nyborg;130;450
2021-07-22;Odense;1796;461
2021-07-22;Svendborg;272;479
2021-07-22;Nordfyn;126;480
2021-07-22;Langeland;29;482
2021-07-22;Ærø;4;492
2021-07-22;Haderslev;134;510
2021-07-22;Billund;122;530
2021-07-22;Sønderborg;255;540
2021-07-22;Tønder;106;550
2021-07-22;Esbjerg;216;561
2021-07-22;Fanø;26;563
2021-07-22;Varde;421;573
2021-07-22;Vejen;111;575
2021-07-22;Aabenraa;293;580
2021-07-22;Fredericia;209;607
2021-07-22;Horsens;404;615
2021-07-22;Kolding;1049;621
2021-07-22;Vejle;574;630
2021-07-22;Herning;473;657
2021-07-22;Holstebro;438;661
2021-07-22;Lemvig;72;665
2021-07-22;Struer;31;671
2021-07-22;Syddjurs;241;706
2021-07-22;Norddjurs;197;707
2021-07-22;Favrskov;338;710
2021-07-22;Odder;72;727
2021-07-22;Randers;791;730
2021-07-22;Silkeborg;646;740
2021-07-22;Skanderborg;205;746
2021-07-22;Århus;1318;751
2021-07-22;Ikast-Brande;313;756
2021-07-22;Ringkøbing-Skjern;299;760
2021-07-22;Hedensted;166;766
2021-07-22;Morsø;12;773
2021-07-22;Skive;196;779
2021-07-22;Thisted;12;787
2021-07-22;Viborg;561;791
2021-07-22;Brønderslev;92;810
2021-07-22;Frederikshavn;212;813
2021-07-22;Vesthimmerland;198;820
2021-07-22;Læsø;2;825
2021-07-22;Rebild;143;840
2021-07-22;Mariagerfjord;185;846
2021-07-22;Jammerbugt;141;849
2021-07-22;Aalborg;1198;851
2021-07-22;Hjørring;197;860
2021-07-23;København;2990;101
2021-07-23;Frederiksberg;416;147
2021-07-23;Ballerup;192;151
2021-07-23;Brøndby;110;153
2021-07-23;Dragør;52;155
2021-07-23;Gentofte;195;157
2021-07-23;Gladsaxe;273;159
2021-07-23;Glostrup;83;161
2021-07-23;Herlev;103;163
2021-07-23;Albertslund;97;165
2021-07-23;Hvidovre;232;167
2021-07-23;Høje Tåstrup;192;169
2021-07-23;Lyngby-Taarbæk;123;173
2021-07-23;Rødovre;155;175
2021-07-23;Ishøj;80;183
2021-07-23;Tårnby;135;185
2021-07-23;Vallensbæk;69;187
2021-07-23;Furesø;93;190
2021-07-23;Allerød;71;201
2021-07-23;Fredensborg;75;210
2021-07-23;Helsingør;47;217
2021-07-23;Hillerød;140;219
2021-07-23;Hørsholm;26;223
2021-07-23;Rudersdal;89;230
2021-07-23;Egedal;149;240
2021-07-23;Frederikssund;105;250
2021-07-23;Greve;205;253
2021-07-23;Køge;158;259
2021-07-23;Halsnæs;59;260
2021-07-23;Roskilde;332;265
2021-07-23;Solrød;48;269
2021-07-23;Gribskov;67;270
2021-07-23;Odsherred;132;306
2021-07-23;Holbæk;279;316
2021-07-23;Faxe;81;320
2021-07-23;Kalundborg;194;326
2021-07-23;Ringsted;92;329
2021-07-23;Slagelse;202;330
2021-07-23;Stevns;41;336
2021-07-23;Sorø;118;340
2021-07-23;Lejre;90;350
2021-07-23;Lolland;62;360
2021-07-23;Næstved;162;370
2021-07-23;Guldborgsund;88;376
2021-07-23;Vordingborg;47;390
2021-07-23;Bornholm;223;400
2021-07-23;Middelfart;117;410
2021-07-23;Assens;189;420
2021-07-23;Faaborg-Midtfyn;184;430
2021-07-23;Kerteminde;155;440
2021-07-23;Nyborg;146;450
2021-07-23;Odense;901;461
2021-07-23;Svendborg;190;479
2021-07-23;Nordfyn;156;480
2021-07-23;Langeland;35;482
2021-07-23;Ærø;93;492
2021-07-23;Haderslev;138;510
2021-07-23;Billund;52;530
2021-07-23;Sønderborg;141;540
2021-07-23;Tønder;105;550
2021-07-23;Esbjerg;1055;561
2021-07-23;Fanø;5;563
2021-07-23;Varde;150;573
2021-07-23;Vejen;191;575
2021-07-23;Aabenraa;208;580
2021-07-23;Fredericia;289;607
2021-07-23;Horsens;494;615
2021-07-23;Kolding;589;621
2021-07-23;Vejle;1172;630
2021-07-23;Herning;895;657
2021-07-23;Holstebro;105;661
2021-07-23;Lemvig;33;665
2021-07-23;Struer;182;671
2021-07-23;Syddjurs;294;706
2021-07-23;Norddjurs;286;707
2021-07-23;Favrskov;305;710
2021-07-23;Odder;116;727
2021-07-23;Randers;668;730
2021-07-23;Silkeborg;683;740
2021-07-23;Samsø;1;741
2021-07-23;Skanderborg;244;746
2021-07-23;Århus;1758;751
2021-07-23;Ikast-Brande;136;756
2021-07-23;Ringkøbing-Skjern;99;760
2021-07-23;Hedensted;229;766
2021-07-23;Morsø;6;773
2021-07-23;Skive;311;779
2021-07-23;Thisted;5;787
2021-07-23;Viborg;532;791
2021-07-23;Brønderslev;200;810
2021-07-23;Frederikshavn;216;813
2021-07-23;Vesthimmerland;21;820
2021-07-23;Læsø;2;825
2021-07-23;Rebild;36;840
2021-07-23;Mariagerfjord;266;846
2021-07-23;Jammerbugt;30;849
2021-07-23;Aalborg;721;851
2021-07-23;Hjørring;692;860
2021-07-24;København;2885;101
2021-07-24;Frederiksberg;407;147
2021-07-24;Ballerup;140;151
2021-07-24;Brøndby;86;153
2021-07-24;Dragør;49;155
2021-07-24;Gentofte;212;157
2021-07-24;Gladsaxe;270;159
2021-07-24;Glostrup;84;161
2021-07-24;Herlev;97;163
2021-07-24;Albertslund;93;165
2021-07-24;Hvidovre;184;167
2021-07-24;Høje Tåstrup;137;169
2021-07-24;Lyngby-Taarbæk;150;173
2021-07-24;Rødovre;148;175
2021-07-24;Ishøj;71;183
2021-07-24;Tårnby;179;185
2021-07-24;Vallensbæk;51;187
2021-07-24;Furesø;132;190
2021-07-24;Allerød;86;201
2021-07-24;Fredensborg;77;210
2021-07-24;Helsingør;46;217
2021-07-24;Hillerød;161;219
2021-07-24;Hørsholm;50;223
2021-07-24;Rudersdal;105;230
2021-07-24;Egedal;152;240
2021-07-24;Frederikssund;110;250
2021-07-24;Greve;106;253
2021-07-24;Køge;168;259
2021-07-24;Halsnæs;88;260
2021-07-24;Roskilde;60;265
2021-07-24;Solrød;26;269
2021-07-24;Gribskov;93;270
2021-07-24;Odsherred;60;306
2021-07-24;Holbæk;219;316
2021-07-24;Faxe;51;320
2021-07-24;Kalundborg;156;326
2021-07-24;Ringsted;54;329
2021-07-24;Slagelse;270;330
2021-07-24;Stevns;39;336
2021-07-24;Sorø;115;340
2021-07-24;Lejre;43;350
2021-07-24;Lolland;69;360
2021-07-24;Næstved;43;370
2021-07-24;Guldborgsund;97;376
2021-07-24;Vordingborg;41;390
2021-07-24;Bornholm;128;400
2021-07-24;Middelfart;389;410
2021-07-24;Assens;131;420
2021-07-24;Faaborg-Midtfyn;96;430
2021-07-24;Kerteminde;26;440
2021-07-24;Nyborg;46;450
2021-07-24;Odense;329;461
2021-07-24;Svendborg;97;479
2021-07-24;Nordfyn;124;480
2021-07-24;Langeland;13;482
2021-07-24;Ærø;1;492
2021-07-24;Haderslev;131;510
2021-07-24;Billund;66;530
2021-07-24;Sønderborg;99;540
2021-07-24;Tønder;91;550
2021-07-24;Esbjerg;350;561
2021-07-24;Fanø;16;563
2021-07-24;Varde;358;573
2021-07-24;Vejen;622;575
2021-07-24;Aabenraa;167;580
2021-07-24;Fredericia;253;607
2021-07-24;Horsens;305;615
2021-07-24;Kolding;270;621
2021-07-24;Vejle;526;630
2021-07-24;Herning;12;657
2021-07-24;Holstebro;11;661
2021-07-24;Lemvig;3;665
2021-07-24;Struer;10;671
2021-07-24;Syddjurs;25;706
2021-07-24;Norddjurs;7;707
2021-07-24;Favrskov;65;710
2021-07-24;Odder;15;727
2021-07-24;Randers;42;730
2021-07-24;Silkeborg;33;740
2021-07-24;Samsø;1;741
2021-07-24;Skanderborg;94;746
2021-07-24;Århus;1394;751
2021-07-24;Ikast-Brande;13;756
2021-07-24;Ringkøbing-Skjern;18;760
2021-07-24;Hedensted;99;766
2021-07-24;Morsø;769;773
2021-07-24;Skive;133;779
2021-07-24;Thisted;78;787
2021-07-24;Viborg;17;791
2021-07-24;Brønderslev;154;810
2021-07-24;Frederikshavn;259;813
2021-07-24;Vesthimmerland;15;820
2021-07-24;Læsø;1;825
2021-07-24;Rebild;48;840
2021-07-24;Mariagerfjord;18;846
2021-07-24;Jammerbugt;290;849
2021-07-24;Aalborg;850;851
2021-07-24;Hjørring;515;860
2021-07-25;København;2552;101
2021-07-25;Frederiksberg;328;147
2021-07-25;Ballerup;140;151
2021-07-25;Brøndby;32;153
2021-07-25;Dragør;66;155
2021-07-25;Gentofte;183;157
2021-07-25;Gladsaxe;201;159
2021-07-25;Glostrup;32;161
2021-07-25;Herlev;86;163
2021-07-25;Albertslund;45;165
2021-07-25;Hvidovre;152;167
2021-07-25;Høje Tåstrup;76;169
2021-07-25;Lyngby-Taarbæk;140;173
2021-07-25;Rødovre;126;175
2021-07-25;Ishøj;12;183
2021-07-25;Tårnby;184;185
2021-07-25;Vallensbæk;18;187
2021-07-25;Furesø;124;190
2021-07-25;Allerød;99;201
2021-07-25;Fredensborg;70;210
2021-07-25;Helsingør;21;217
2021-07-25;Hillerød;215;219
2021-07-25;Hørsholm;44;223
2021-07-25;Rudersdal;96;230
2021-07-25;Egedal;163;240
2021-07-25;Frederikssund;110;250
2021-07-25;Greve;51;253
2021-07-25;Køge;212;259
2021-07-25;Halsnæs;92;260
2021-07-25;Roskilde;235;265
2021-07-25;Solrød;33;269
2021-07-25;Gribskov;121;270
2021-07-25;Odsherred;40;306
2021-07-25;Holbæk;177;316
2021-07-25;Faxe;81;320
2021-07-25;Kalundborg;107;326
2021-07-25;Ringsted;57;329
2021-07-25;Slagelse;362;330
2021-07-25;Stevns;51;336
2021-07-25;Sorø;67;340
2021-07-25;Lejre;63;350
2021-07-25;Lolland;25;360
2021-07-25;Næstved;303;370
2021-07-25;Guldborgsund;56;376
2021-07-25;Vordingborg;54;390
2021-07-25;Bornholm;110;400
2021-07-25;Middelfart;15;410
2021-07-25;Assens;45;420
2021-07-25;Faaborg-Midtfyn;91;430
2021-07-25;Kerteminde;15;440
2021-07-25;Nyborg;40;450
2021-07-25;Odense;311;461
2021-07-25;Svendborg;195;479
2021-07-25;Nordfyn;26;480
2021-07-25;Langeland;21;482
2021-07-25;Haderslev;55;510
2021-07-25;Billund;39;530
2021-07-25;Sønderborg;173;540
2021-07-25;Tønder;65;550
2021-07-25;Esbjerg;1344;561
2021-07-25;Fanø;16;563
2021-07-25;Varde;800;573
2021-07-25;Vejen;33;575
2021-07-25;Aabenraa;97;580
2021-07-25;Fredericia;29;607
2021-07-25;Horsens;222;615
2021-07-25;Kolding;268;621
2021-07-25;Vejle;48;630
2021-07-25;Herning;9;657
2021-07-25;Holstebro;2;661
2021-07-25;Struer;1;671
2021-07-25;Syddjurs;7;706
2021-07-25;Norddjurs;7;707
2021-07-25;Favrskov;13;710
2021-07-25;Odder;6;727
2021-07-25;Randers;12;730
2021-07-25;Silkeborg;27;740
2021-07-25;Skanderborg;142;746
2021-07-25;Århus;359;751
2021-07-25;Ikast-Brande;7;756
2021-07-25;Ringkøbing-Skjern;73;760
2021-07-25;Hedensted;32;766
2021-07-25;Morsø;4;773
2021-07-25;Skive;1;779
2021-07-25;Thisted;5;787
2021-07-25;Viborg;6;791
2021-07-25;Brønderslev;71;810
2021-07-25;Frederikshavn;7;813
2021-07-25;Vesthimmerland;13;820
2021-07-25;Rebild;27;840
2021-07-25;Mariagerfjord;6;846
2021-07-25;Jammerbugt;54;849
2021-07-25;Aalborg;725;851
2021-07-25;Hjørring;248;860
2021-07-26;København;2864;101
2021-07-26;Frederiksberg;474;147
2021-07-26;Ballerup;67;151
2021-07-26;Brøndby;28;153
2021-07-26;Dragør;20;155
2021-07-26;Gentofte;160;157
2021-07-26;Gladsaxe;114;159
2021-07-26;Glostrup;25;161
2021-07-26;Herlev;37;163
2021-07-26;Albertslund;29;165
2021-07-26;Hvidovre;103;167
2021-07-26;Høje Tåstrup;91;169
2021-07-26;Lyngby-Taarbæk;88;173
2021-07-26;Rødovre;66;175
2021-07-26;Ishøj;22;183
2021-07-26;Tårnby;73;185
2021-07-26;Vallensbæk;16;187
2021-07-26;Furesø;49;190
2021-07-26;Allerød;34;201
2021-07-26;Fredensborg;82;210
2021-07-26;Helsingør;254;217
2021-07-26;Hillerød;63;219
2021-07-26;Hørsholm;33;223
2021-07-26;Rudersdal;71;230
2021-07-26;Egedal;71;240
2021-07-26;Frederikssund;57;250
2021-07-26;Greve;122;253
2021-07-26;Køge;161;259
2021-07-26;Halsnæs;16;260
2021-07-26;Roskilde;334;265
2021-07-26;Solrød;35;269
2021-07-26;Gribskov;26;270
2021-07-26;Odsherred;79;306
2021-07-26;Holbæk;127;316
2021-07-26;Faxe;69;320
2021-07-26;Kalundborg;198;326
2021-07-26;Ringsted;67;329
2021-07-26;Slagelse;204;330
2021-07-26;Stevns;40;336
2021-07-26;Sorø;53;340
2021-07-26;Lejre;112;350
2021-07-26;Lolland;61;360
2021-07-26;Næstved;298;370
2021-07-26;Guldborgsund;151;376
2021-07-26;Vordingborg;70;390
2021-07-26;Bornholm;135;400
2021-07-26;Middelfart;381;410
2021-07-26;Assens;160;420
2021-07-26;Faaborg-Midtfyn;314;430
2021-07-26;Kerteminde;101;440
2021-07-26;Nyborg;129;450
2021-07-26;Odense;1698;461
2021-07-26;Svendborg;263;479
2021-07-26;Nordfyn;111;480
2021-07-26;Langeland;23;482
2021-07-26;Ærø;3;492
2021-07-26;Haderslev;111;510
2021-07-26;Billund;410;530
2021-07-26;Sønderborg;253;540
2021-07-26;Tønder;422;550
2021-07-26;Esbjerg;518;561
2021-07-26;Fanø;26;563
2021-07-26;Varde;396;573
2021-07-26;Vejen;85;575
2021-07-26;Aabenraa;200;580
2021-07-26;Fredericia;270;607
2021-07-26;Horsens;352;615
2021-07-26;Kolding;819;621
2021-07-26;Vejle;934;630
2021-07-26;Herning;746;657
2021-07-26;Holstebro;101;661
2021-07-26;Lemvig;202;665
2021-07-26;Struer;197;671
2021-07-26;Syddjurs;197;706
2021-07-26;Norddjurs;277;707
2021-07-26;Favrskov;365;710
2021-07-26;Odder;134;727
2021-07-26;Randers;912;730
2021-07-26;Silkeborg;524;740
2021-07-26;Samsø;2;741
2021-07-26;Skanderborg;292;746
2021-07-26;Århus;2490;751
2021-07-26;Ikast-Brande;275;756
2021-07-26;Ringkøbing-Skjern;139;760
2021-07-26;Hedensted;113;766
2021-07-26;Morsø;43;773
2021-07-26;Skive;237;779
2021-07-26;Thisted;159;787
2021-07-26;Viborg;648;791
2021-07-26;Brønderslev;96;810
2021-07-26;Frederikshavn;7;813
2021-07-26;Vesthimmerland;203;820
2021-07-26;Rebild;75;840
2021-07-26;Mariagerfjord;29;846
2021-07-26;Jammerbugt;63;849
2021-07-26;Aalborg;751;851
2021-07-26;Hjørring;446;860
2021-07-27;København;2045;101
2021-07-27;Frederiksberg;270;147
2021-07-27;Ballerup;177;151
2021-07-27;Brøndby;102;153
2021-07-27;Dragør;89;155
2021-07-27;Gentofte;188;157
2021-07-27;Gladsaxe;233;159
2021-07-27;Glostrup;72;161
2021-07-27;Herlev;96;163
2021-07-27;Albertslund;83;165
2021-07-27;Hvidovre;180;167
2021-07-27;Høje Tåstrup;137;169
2021-07-27;Lyngby-Taarbæk;203;173
2021-07-27;Rødovre;112;175
2021-07-27;Ishøj;50;183
2021-07-27;Tårnby;260;185
2021-07-27;Vallensbæk;41;187
2021-07-27;Furesø;178;190
2021-07-27;Allerød;101;201
2021-07-27;Fredensborg;158;210
2021-07-27;Helsingør;285;217
2021-07-27;Hillerød;162;219
2021-07-27;Hørsholm;102;223
2021-07-27;Rudersdal;239;230
2021-07-27;Egedal;153;240
2021-07-27;Frederikssund;135;250
2021-07-27;Greve;187;253
2021-07-27;Køge;159;259
2021-07-27;Halsnæs;110;260
2021-07-27;Roskilde;244;265
2021-07-27;Solrød;60;269
2021-07-27;Gribskov;111;270
2021-07-27;Odsherred;45;306
2021-07-27;Holbæk;204;316
2021-07-27;Faxe;98;320
2021-07-27;Kalundborg;97;326
2021-07-27;Ringsted;178;329
2021-07-27;Slagelse;220;330
2021-07-27;Stevns;118;336
2021-07-27;Sorø;60;340
2021-07-27;Lejre;58;350
2021-07-27;Lolland;95;360
2021-07-27;Næstved;275;370
2021-07-27;Guldborgsund;187;376
2021-07-27;Vordingborg;149;390
2021-07-27;Bornholm;95;400
2021-07-27;Middelfart;43;410
2021-07-27;Assens;184;420
2021-07-27;Faaborg-Midtfyn;180;430
2021-07-27;Kerteminde;146;440
2021-07-27;Nyborg;181;450
2021-07-27;Odense;1183;461
2021-07-27;Svendborg;171;479
2021-07-27;Nordfyn;158;480
2021-07-27;Langeland;15;482
2021-07-27;Ærø;3;492
2021-07-27;Haderslev;442;510
2021-07-27;Billund;14;530
2021-07-27;Sønderborg;97;540
2021-07-27;Tønder;83;550
2021-07-27;Esbjerg;1436;561
2021-07-27;Fanø;1;563
2021-07-27;Varde;9;573
2021-07-27;Vejen;52;575
2021-07-27;Aabenraa;140;580
2021-07-27;Fredericia;62;607
2021-07-27;Horsens;211;615
2021-07-27;Kolding;377;621
2021-07-27;Vejle;852;630
2021-07-27;Herning;188;657
2021-07-27;Holstebro;291;661
2021-07-27;Lemvig;13;665
2021-07-27;Struer;48;671
2021-07-27;Syddjurs;235;706
2021-07-27;Norddjurs;179;707
2021-07-27;Favrskov;286;710
2021-07-27;Odder;77;727
2021-07-27;Randers;734;730
2021-07-27;Silkeborg;382;740
2021-07-27;Skanderborg;261;746
2021-07-27;Århus;1457;751
2021-07-27;Ikast-Brande;30;756
2021-07-27;Ringkøbing-Skjern;175;760
2021-07-27;Hedensted;170;766
2021-07-27;Morsø;28;773
2021-07-27;Skive;114;779
2021-07-27;Thisted;155;787
2021-07-27;Viborg;390;791
2021-07-27;Brønderslev;669;810
2021-07-27;Frederikshavn;62;813
2021-07-27;Vesthimmerland;18;820
2021-07-27;Rebild;568;840
2021-07-27;Mariagerfjord;237;846
2021-07-27;Jammerbugt;359;849
2021-07-27;Aalborg;1031;851
2021-07-27;Hjørring;341;860
2021-07-28;København;1957;101
2021-07-28;Frederiksberg;283;147
2021-07-28;Ballerup;25;151
2021-07-28;Brøndby;80;153
2021-07-28;Dragør;35;155
2021-07-28;Gentofte;172;157
2021-07-28;Gladsaxe;86;159
2021-07-28;Glostrup;52;161
2021-07-28;Herlev;22;163
2021-07-28;Albertslund;67;165
2021-07-28;Hvidovre;99;167
2021-07-28;Høje Tåstrup;123;169
2021-07-28;Lyngby-Taarbæk;185;173
2021-07-28;Rødovre;68;175
2021-07-28;Ishøj;55;183
2021-07-28;Tårnby;98;185
2021-07-28;Vallensbæk;47;187
2021-07-28;Furesø;93;190
2021-07-28;Allerød;46;201
2021-07-28;Fredensborg;44;210
2021-07-28;Helsingør;36;217
2021-07-28;Hillerød;30;219
2021-07-28;Hørsholm;50;223
2021-07-28;Rudersdal;257;230
2021-07-28;Egedal;44;240
2021-07-28;Frederikssund;33;250
2021-07-28;Greve;147;253
2021-07-28;Køge;178;259
2021-07-28;Halsnæs;12;260
2021-07-28;Roskilde;137;265
2021-07-28;Solrød;40;269
2021-07-28;Gribskov;18;270
2021-07-28;Odsherred;34;306
2021-07-28;Holbæk;92;316
2021-07-28;Faxe;167;320
2021-07-28;Kalundborg;160;326
2021-07-28;Ringsted;111;329
2021-07-28;Slagelse;153;330
2021-07-28;Stevns;62;336
2021-07-28;Sorø;147;340
2021-07-28;Lejre;44;350
2021-07-28;Lolland;160;360
2021-07-28;Næstved;205;370
2021-07-28;Guldborgsund;169;376
2021-07-28;Vordingborg;96;390
2021-07-28;Bornholm;80;400
2021-07-28;Middelfart;64;410
2021-07-28;Assens;266;420
2021-07-28;Faaborg-Midtfyn;128;430
2021-07-28;Kerteminde;38;440
2021-07-28;Nyborg;59;450
2021-07-28;Odense;1259;461
2021-07-28;Svendborg;108;479
2021-07-28;Nordfyn;111;480
2021-07-28;Langeland;14;482
2021-07-28;Ærø;3;492
2021-07-28;Haderslev;98;510
2021-07-28;Billund;47;530
2021-07-28;Sønderborg;304;540
2021-07-28;Tønder;93;550
2021-07-28;Esbjerg;533;561
2021-07-28;Fanø;22;563
2021-07-28;Varde;412;573
2021-07-28;Vejen;48;575
2021-07-28;Aabenraa;167;580
2021-07-28;Fredericia;85;607
2021-07-28;Horsens;167;615
2021-07-28;Kolding;324;621
2021-07-28;Vejle;732;630
2021-07-28;Herning;703;657
2021-07-28;Holstebro;366;661
2021-07-28;Lemvig;216;665
2021-07-28;Struer;120;671
2021-07-28;Syddjurs;251;706
2021-07-28;Norddjurs;144;707
2021-07-28;Favrskov;200;710
2021-07-28;Odder;73;727
2021-07-28;Randers;366;730
2021-07-28;Silkeborg;451;740
2021-07-28;Samsø;40;741
2021-07-28;Skanderborg;146;746
2021-07-28;Århus;1309;751
2021-07-28;Ikast-Brande;521;756
2021-07-28;Ringkøbing-Skjern;189;760
2021-07-28;Hedensted;152;766
2021-07-28;Morsø;92;773
2021-07-28;Skive;208;779
2021-07-28;Thisted;324;787
2021-07-28;Viborg;383;791
2021-07-28;Brønderslev;74;810
2021-07-28;Frederikshavn;23;813
2021-07-28;Vesthimmerland;140;820
2021-07-28;Læsø;1;825
2021-07-28;Rebild;95;840
2021-07-28;Mariagerfjord;313;846
2021-07-28;Jammerbugt;93;849
2021-07-28;Aalborg;567;851
2021-07-28;Hjørring;98;860
2021-07-29;København;1763;101
2021-07-29;Frederiksberg;231;147
2021-07-29;Ballerup;193;151
2021-07-29;Brøndby;57;153
2021-07-29;Dragør;45;155
2021-07-29;Gentofte;172;157
2021-07-29;Gladsaxe;246;159
2021-07-29;Glostrup;54;161
2021-07-29;Herlev;115;163
2021-07-29;Albertslund;68;165
2021-07-29;Hvidovre;122;167
2021-07-29;Høje Tåstrup;136;169
2021-07-29;Lyngby-Taarbæk;150;173
2021-07-29;Rødovre;117;175
2021-07-29;Ishøj;42;183
2021-07-29;Tårnby;109;185
2021-07-29;Vallensbæk;34;187
2021-07-29;Furesø;136;190
2021-07-29;Allerød;84;201
2021-07-29;Fredensborg;122;210
2021-07-29;Helsingør;222;217
2021-07-29;Hillerød;187;219
2021-07-29;Hørsholm;49;223
2021-07-29;Rudersdal;100;230
2021-07-29;Egedal;205;240
2021-07-29;Frederikssund;187;250
2021-07-29;Greve;115;253
2021-07-29;Køge;102;259
2021-07-29;Halsnæs;85;260
2021-07-29;Roskilde;283;265
2021-07-29;Solrød;114;269
2021-07-29;Gribskov;143;270
2021-07-29;Odsherred;34;306
2021-07-29;Holbæk;137;316
2021-07-29;Faxe;109;320
2021-07-29;Kalundborg;44;326
2021-07-29;Ringsted;66;329
2021-07-29;Slagelse;178;330
2021-07-29;Stevns;16;336
2021-07-29;Sorø;46;340
2021-07-29;Lejre;68;350
2021-07-29;Lolland;60;360
2021-07-29;Næstved;136;370
2021-07-29;Guldborgsund;49;376
2021-07-29;Vordingborg;37;390
2021-07-29;Bornholm;70;400
2021-07-29;Middelfart;62;410
2021-07-29;Assens;143;420
2021-07-29;Faaborg-Midtfyn;191;430
2021-07-29;Kerteminde;52;440
2021-07-29;Nyborg;231;450
2021-07-29;Odense;1218;461
2021-07-29;Svendborg;137;479
2021-07-29;Nordfyn;126;480
2021-07-29;Langeland;15;482
2021-07-29;Ærø;2;492
2021-07-29;Haderslev;455;510
2021-07-29;Billund;75;530
2021-07-29;Sønderborg;209;540
2021-07-29;Tønder;75;550
2021-07-29;Esbjerg;625;561
2021-07-29;Fanø;6;563
2021-07-29;Varde;73;573
2021-07-29;Vejen;70;575
2021-07-29;Aabenraa;144;580
2021-07-29;Fredericia;346;607
2021-07-29;Horsens;170;615
2021-07-29;Kolding;278;621
2021-07-29;Vejle;588;630
2021-07-29;Herning;801;657
2021-07-29;Holstebro;312;661
2021-07-29;Lemvig;112;665
2021-07-29;Struer;193;671
2021-07-29;Syddjurs;172;706
2021-07-29;Norddjurs;130;707
2021-07-29;Favrskov;257;710
2021-07-29;Odder;25;727
2021-07-29;Randers;290;730
2021-07-29;Silkeborg;416;740
2021-07-29;Skanderborg;200;746
2021-07-29;Århus;1222;751
2021-07-29;Ikast-Brande;89;756
2021-07-29;Ringkøbing-Skjern;488;760
2021-07-29;Hedensted;126;766
2021-07-29;Morsø;31;773
2021-07-29;Skive;127;779
2021-07-29;Thisted;119;787
2021-07-29;Viborg;342;791
2021-07-29;Brønderslev;69;810
2021-07-29;Frederikshavn;16;813
2021-07-29;Vesthimmerland;22;820
2021-07-29;Læsø;1;825
2021-07-29;Rebild;76;840
2021-07-29;Mariagerfjord;171;846
2021-07-29;Jammerbugt;52;849
2021-07-29;Aalborg;794;851
2021-07-29;Hjørring;81;860
2021-07-30;København;1370;101
2021-07-30;Frederiksberg;229;147
2021-07-30;Ballerup;48;151
2021-07-30;Brøndby;62;153
2021-07-30;Dragør;13;155
2021-07-30;Gentofte;104;157
2021-07-30;Gladsaxe;98;159
2021-07-30;Glostrup;40;161
2021-07-30;Herlev;28;163
2021-07-30;Albertslund;38;165
2021-07-30;Hvidovre;82;167
2021-07-30;Høje Tåstrup;118;169
2021-07-30;Lyngby-Taarbæk;62;173
2021-07-30;Rødovre;68;175
2021-07-30;Ishøj;44;183
2021-07-30;Tårnby;40;185
2021-07-30;Vallensbæk;39;187
2021-07-30;Furesø;43;190
2021-07-30;Allerød;56;201
2021-07-30;Fredensborg;62;210
2021-07-30;Helsingør;32;217
2021-07-30;Hillerød;110;219
2021-07-30;Hørsholm;36;223
2021-07-30;Rudersdal;65;230
2021-07-30;Egedal;53;240
2021-07-30;Frederikssund;54;250
2021-07-30;Greve;108;253
2021-07-30;Køge;120;259
2021-07-30;Halsnæs;70;260
2021-07-30;Roskilde;152;265
2021-07-30;Solrød;32;269
2021-07-30;Gribskov;85;270
2021-07-30;Odsherred;108;306
2021-07-30;Holbæk;137;316
2021-07-30;Faxe;31;320
2021-07-30;Kalundborg;100;326
2021-07-30;Ringsted;74;329
2021-07-30;Slagelse;183;330
2021-07-30;Stevns;37;336
2021-07-30;Sorø;113;340
2021-07-30;Lejre;50;350
2021-07-30;Lolland;21;360
2021-07-30;Næstved;162;370
2021-07-30;Guldborgsund;54;376
2021-07-30;Vordingborg;59;390
2021-07-30;Bornholm;82;400
2021-07-30;Middelfart;187;410
2021-07-30;Assens;132;420
2021-07-30;Faaborg-Midtfyn;89;430
2021-07-30;Kerteminde;52;440
2021-07-30;Nyborg;58;450
2021-07-30;Odense;765;461
2021-07-30;Svendborg;119;479
2021-07-30;Nordfyn;117;480
2021-07-30;Langeland;174;482
2021-07-30;Ærø;122;492
2021-07-30;Haderslev;117;510
2021-07-30;Billund;23;530
2021-07-30;Sønderborg;322;540
2021-07-30;Tønder;88;550
2021-07-30;Esbjerg;178;561
2021-07-30;Fanø;6;563
2021-07-30;Varde;99;573
2021-07-30;Vejen;142;575
2021-07-30;Aabenraa;211;580
2021-07-30;Fredericia;128;607
2021-07-30;Horsens;241;615
2021-07-30;Kolding;378;621
2021-07-30;Vejle;226;630
2021-07-30;Herning;355;657
2021-07-30;Holstebro;631;661
2021-07-30;Lemvig;44;665
2021-07-30;Struer;42;671
2021-07-30;Syddjurs;165;706
2021-07-30;Norddjurs;126;707
2021-07-30;Favrskov;172;710
2021-07-30;Odder;58;727
2021-07-30;Randers;316;730
2021-07-30;Silkeborg;339;740
2021-07-30;Skanderborg;204;746
2021-07-30;Århus;959;751
2021-07-30;Ikast-Brande;46;756
2021-07-30;Ringkøbing-Skjern;84;760
2021-07-30;Hedensted;173;766
2021-07-30;Morsø;39;773
2021-07-30;Skive;212;779
2021-07-30;Thisted;138;787
2021-07-30;Viborg;408;791
2021-07-30;Brønderslev;89;810
2021-07-30;Frederikshavn;30;813
2021-07-30;Vesthimmerland;20;820
2021-07-30;Læsø;1;825
2021-07-30;Rebild;11;840
2021-07-30;Mariagerfjord;21;846
2021-07-30;Jammerbugt;54;849
2021-07-30;Aalborg;600;851
2021-07-30;Hjørring;159;860
2021-07-31;København;1037;101
2021-07-31;Frederiksberg;165;147
2021-07-31;Ballerup;24;151
2021-07-31;Brøndby;19;153
2021-07-31;Dragør;6;155
2021-07-31;Gentofte;91;157
2021-07-31;Gladsaxe;66;159
2021-07-31;Glostrup;13;161
2021-07-31;Herlev;16;163
2021-07-31;Albertslund;24;165
2021-07-31;Hvidovre;37;167
2021-07-31;Høje Tåstrup;14;169
2021-07-31;Lyngby-Taarbæk;62;173
2021-07-31;Rødovre;36;175
2021-07-31;Ishøj;11;183
2021-07-31;Tårnby;27;185
2021-07-31;Vallensbæk;8;187
2021-07-31;Furesø;43;190
2021-07-31;Allerød;67;201
2021-07-31;Fredensborg;61;210
2021-07-31;Helsingør;34;217
2021-07-31;Hillerød;105;219
2021-07-31;Hørsholm;32;223
2021-07-31;Rudersdal;54;230
2021-07-31;Egedal;40;240
2021-07-31;Frederikssund;60;250
2021-07-31;Greve;20;253
2021-07-31;Køge;118;259
2021-07-31;Halsnæs;61;260
2021-07-31;Roskilde;29;265
2021-07-31;Solrød;18;269
2021-07-31;Gribskov;60;270
2021-07-31;Odsherred;48;306
2021-07-31;Holbæk;205;316
2021-07-31;Faxe;41;320
2021-07-31;Kalundborg;80;326
2021-07-31;Ringsted;45;329
2021-07-31;Slagelse;95;330
2021-07-31;Stevns;30;336
2021-07-31;Sorø;52;340
2021-07-31;Lejre;30;350
2021-07-31;Lolland;38;360
2021-07-31;Næstved;16;370
2021-07-31;Guldborgsund;84;376
2021-07-31;Vordingborg;40;390
2021-07-31;Bornholm;63;400
2021-07-31;Middelfart;33;410
2021-07-31;Assens;39;420
2021-07-31;Faaborg-Midtfyn;68;430
2021-07-31;Kerteminde;11;440
2021-07-31;Nyborg;30;450
2021-07-31;Odense;106;461
2021-07-31;Svendborg;95;479
2021-07-31;Nordfyn;19;480
2021-07-31;Langeland;9;482
2021-07-31;Haderslev;29;510
2021-07-31;Billund;29;530
2021-07-31;Sønderborg;57;540
2021-07-31;Tønder;21;550
2021-07-31;Esbjerg;188;561
2021-07-31;Fanø;3;563
2021-07-31;Varde;127;573
2021-07-31;Vejen;347;575
2021-07-31;Aabenraa;11;580
2021-07-31;Fredericia;67;607
2021-07-31;Horsens;166;615
2021-07-31;Kolding;109;621
2021-07-31;Vejle;129;630
2021-07-31;Herning;3;657
2021-07-31;Holstebro;4;661
2021-07-31;Lemvig;1;665
2021-07-31;Struer;1;671
2021-07-31;Syddjurs;5;706
2021-07-31;Norddjurs;2;707
2021-07-31;Favrskov;34;710
2021-07-31;Odder;4;727
2021-07-31;Randers;4;730
2021-07-31;Silkeborg;10;740
2021-07-31;Skanderborg;36;746
2021-07-31;Århus;548;751
2021-07-31;Ikast-Brande;14;756
2021-07-31;Ringkøbing-Skjern;13;760
2021-07-31;Hedensted;34;766
2021-07-31;Morsø;31;773
2021-07-31;Skive;2;779
2021-07-31;Thisted;114;787
2021-07-31;Viborg;2;791
2021-07-31;Brønderslev;83;810
2021-07-31;Frederikshavn;25;813
2021-07-31;Vesthimmerland;3;820
2021-07-31;Rebild;28;840
2021-07-31;Mariagerfjord;3;846
2021-07-31;Jammerbugt;62;849
2021-07-31;Aalborg;241;851
2021-07-31;Hjørring;170;860
2021-08-01;København;1804;101
2021-08-01;Frederiksberg;318;147
2021-08-01;Ballerup;123;151
2021-08-01;Brøndby;68;153
2021-08-01;Dragør;12;155
2021-08-01;Gentofte;211;157
2021-08-01;Gladsaxe;171;159
2021-08-01;Glostrup;47;161
2021-08-01;Herlev;73;163
2021-08-01;Albertslund;60;165
2021-08-01;Hvidovre;113;167
2021-08-01;Høje Tåstrup;126;169
2021-08-01;Lyngby-Taarbæk;93;173
2021-08-01;Rødovre;102;175
2021-08-01;Ishøj;38;183
2021-08-01;Tårnby;24;185
2021-08-01;Vallensbæk;33;187
2021-08-01;Furesø;94;190
2021-08-01;Allerød;32;201
2021-08-01;Fredensborg;40;210
2021-08-01;Helsingør;37;217
2021-08-01;Hillerød;70;219
2021-08-01;Hørsholm;17;223
2021-08-01;Rudersdal;63;230
2021-08-01;Egedal;102;240
2021-08-01;Frederikssund;60;250
2021-08-01;Greve;132;253
2021-08-01;Køge;131;259
2021-08-01;Halsnæs;27;260
2021-08-01;Roskilde;233;265
2021-08-01;Solrød;41;269
2021-08-01;Gribskov;48;270
2021-08-01;Odsherred;23;306
2021-08-01;Holbæk;108;316
2021-08-01;Faxe;52;320
2021-08-01;Kalundborg;39;326
2021-08-01;Ringsted;50;329
2021-08-01;Slagelse;85;330
2021-08-01;Stevns;35;336
2021-08-01;Sorø;40;340
2021-08-01;Lejre;64;350
2021-08-01;Lolland;6;360
2021-08-01;Næstved;136;370
2021-08-01;Guldborgsund;53;376
2021-08-01;Vordingborg;22;390
2021-08-01;Bornholm;54;400
2021-08-01;Middelfart;63;410
2021-08-01;Assens;71;420
2021-08-01;Faaborg-Midtfyn;84;430
2021-08-01;Kerteminde;19;440
2021-08-01;Nyborg;41;450
2021-08-01;Odense;231;461
2021-08-01;Svendborg;123;479
2021-08-01;Nordfyn;32;480
2021-08-01;Langeland;10;482
2021-08-01;Ærø;1;492
2021-08-01;Haderslev;23;510
2021-08-01;Billund;15;530
2021-08-01;Sønderborg;105;540
2021-08-01;Tønder;10;550
2021-08-01;Esbjerg;418;561
2021-08-01;Varde;6;573
2021-08-01;Vejen;163;575
2021-08-01;Aabenraa;16;580
2021-08-01;Fredericia;77;607
2021-08-01;Horsens;65;615
2021-08-01;Kolding;117;621
2021-08-01;Vejle;107;630
2021-08-01;Herning;2;657
2021-08-01;Holstebro;2;661
2021-08-01;Lemvig;2;665
2021-08-01;Struer;3;671
2021-08-01;Syddjurs;14;706
2021-08-01;Norddjurs;2;707
2021-08-01;Favrskov;40;710
2021-08-01;Odder;5;727
2021-08-01;Randers;5;730
2021-08-01;Silkeborg;11;740
2021-08-01;Skanderborg;32;746
2021-08-01;Århus;595;751
2021-08-01;Ikast-Brande;6;756
2021-08-01;Ringkøbing-Skjern;6;760
2021-08-01;Hedensted;22;766
2021-08-01;Morsø;39;773
2021-08-01;Skive;2;779
2021-08-01;Thisted;125;787
2021-08-01;Viborg;1;791
2021-08-01;Brønderslev;47;810
2021-08-01;Frederikshavn;20;813
2021-08-01;Vesthimmerland;4;820
2021-08-01;Læsø;1;825
2021-08-01;Rebild;49;840
2021-08-01;Mariagerfjord;14;846
2021-08-01;Jammerbugt;91;849
2021-08-01;Aalborg;440;851
2021-08-01;Hjørring;134;860
2021-08-02;København;940;101
2021-08-02;Frederiksberg;126;147
2021-08-02;Ballerup;104;151
2021-08-02;Brøndby;78;153
2021-08-02;Dragør;11;155
2021-08-02;Gentofte;93;157
2021-08-02;Gladsaxe;139;159
2021-08-02;Glostrup;59;161
2021-08-02;Herlev;71;163
2021-08-02;Albertslund;77;165
2021-08-02;Hvidovre;114;167
2021-08-02;Høje Tåstrup;140;169
2021-08-02;Lyngby-Taarbæk;67;173
2021-08-02;Rødovre;86;175
2021-08-02;Ishøj;54;183
2021-08-02;Tårnby;19;185
2021-08-02;Vallensbæk;54;187
2021-08-02;Furesø;90;190
2021-08-02;Allerød;23;201
2021-08-02;Fredensborg;110;210
2021-08-02;Helsingør;242;217
2021-08-02;Hillerød;61;219
2021-08-02;Hørsholm;33;223
2021-08-02;Rudersdal;31;230
2021-08-02;Egedal;118;240
2021-08-02;Frederikssund;55;250
2021-08-02;Greve;167;253
2021-08-02;Køge;108;259
2021-08-02;Halsnæs;38;260
2021-08-02;Roskilde;229;265
2021-08-02;Solrød;49;269
2021-08-02;Gribskov;60;270
2021-08-02;Odsherred;32;306
2021-08-02;Holbæk;95;316
2021-08-02;Faxe;88;320
2021-08-02;Kalundborg;186;326
2021-08-02;Ringsted;63;329
2021-08-02;Slagelse;225;330
2021-08-02;Stevns;92;336
2021-08-02;Sorø;50;340
2021-08-02;Lejre;90;350
2021-08-02;Lolland;70;360
2021-08-02;Næstved;244;370
2021-08-02;Guldborgsund;134;376
2021-08-02;Vordingborg;64;390
2021-08-02;Bornholm;102;400
2021-08-02;Middelfart;71;410
2021-08-02;Assens;167;420
2021-08-02;Faaborg-Midtfyn;296;430
2021-08-02;Kerteminde;58;440
2021-08-02;Nyborg;66;450
2021-08-02;Odense;658;461
2021-08-02;Svendborg;171;479
2021-08-02;Nordfyn;98;480
2021-08-02;Langeland;19;482
2021-08-02;Haderslev;83;510
2021-08-02;Billund;5;530
2021-08-02;Sønderborg;148;540
2021-08-02;Tønder;555;550
2021-08-02;Esbjerg;407;561
2021-08-02;Fanø;3;563
2021-08-02;Varde;14;573
2021-08-02;Vejen;22;575
2021-08-02;Aabenraa;234;580
2021-08-02;Fredericia;72;607
2021-08-02;Horsens;525;615
2021-08-02;Kolding;692;621
2021-08-02;Vejle;694;630
2021-08-02;Herning;387;657
2021-08-02;Holstebro;266;661
2021-08-02;Lemvig;114;665
2021-08-02;Struer;26;671
2021-08-02;Syddjurs;193;706
2021-08-02;Norddjurs;156;707
2021-08-02;Favrskov;168;710
2021-08-02;Odder;79;727
2021-08-02;Randers;443;730
2021-08-02;Silkeborg;478;740
2021-08-02;Skanderborg;157;746
2021-08-02;Århus;1002;751
2021-08-02;Ikast-Brande;243;756
2021-08-02;Ringkøbing-Skjern;356;760
2021-08-02;Hedensted;198;766
2021-08-02;Morsø;8;773
2021-08-02;Skive;181;779
2021-08-02;Thisted;3;787
2021-08-02;Viborg;555;791
2021-08-02;Brønderslev;42;810
2021-08-02;Frederikshavn;6;813
2021-08-02;Vesthimmerland;217;820
2021-08-02;Rebild;125;840
2021-08-02;Mariagerfjord;51;846
2021-08-02;Jammerbugt;107;849
2021-08-02;Aalborg;568;851
2021-08-02;Hjørring;9;860
2021-08-03;København;707;101
2021-08-03;Frederiksberg;92;147
2021-08-03;Ballerup;31;151
2021-08-03;Brøndby;59;153
2021-08-03;Dragør;4;155
2021-08-03;Gentofte;136;157
2021-08-03;Gladsaxe;68;159
2021-08-03;Glostrup;42;161
2021-08-03;Herlev;18;163
2021-08-03;Albertslund;43;165
2021-08-03;Hvidovre;82;167
2021-08-03;Høje Tåstrup;80;169
2021-08-03;Lyngby-Taarbæk;264;173
2021-08-03;Rødovre;49;175
2021-08-03;Ishøj;33;183
2021-08-03;Tårnby;26;185
2021-08-03;Vallensbæk;28;187
2021-08-03;Furesø;132;190
2021-08-03;Allerød;100;201
2021-08-03;Fredensborg;108;210
2021-08-03;Helsingør;192;217
2021-08-03;Hillerød;135;219
2021-08-03;Hørsholm;91;223
2021-08-03;Rudersdal;355;230
2021-08-03;Egedal;40;240
2021-08-03;Frederikssund;83;250
2021-08-03;Greve;118;253
2021-08-03;Køge;143;259
2021-08-03;Halsnæs;62;260
2021-08-03;Roskilde;182;265
2021-08-03;Solrød;37;269
2021-08-03;Gribskov;80;270
2021-08-03;Odsherred;84;306
2021-08-03;Holbæk;180;316
2021-08-03;Faxe;60;320
2021-08-03;Kalundborg;104;326
2021-08-03;Ringsted;109;329
2021-08-03;Slagelse;135;330
2021-08-03;Stevns;28;336
2021-08-03;Sorø;43;340
2021-08-03;Lejre;42;350
2021-08-03;Lolland;64;360
2021-08-03;Næstved;151;370
2021-08-03;Guldborgsund;170;376
2021-08-03;Vordingborg;142;390
2021-08-03;Bornholm;58;400
2021-08-03;Middelfart;65;410
2021-08-03;Assens;89;420
2021-08-03;Faaborg-Midtfyn;110;430
2021-08-03;Kerteminde;46;440
2021-08-03;Nyborg;54;450
2021-08-03;Odense;644;461
2021-08-03;Svendborg;134;479
2021-08-03;Nordfyn;102;480
2021-08-03;Langeland;14;482
2021-08-03;Ærø;4;492
2021-08-03;Haderslev;531;510
2021-08-03;Billund;17;530
2021-08-03;Sønderborg;76;540
2021-08-03;Tønder;27;550
2021-08-03;Esbjerg;92;561
2021-08-03;Fanø;2;563
2021-08-03;Varde;3;573
2021-08-03;Vejen;30;575
2021-08-03;Aabenraa;115;580
2021-08-03;Fredericia;77;607
2021-08-03;Horsens;175;615
2021-08-03;Kolding;125;621
2021-08-03;Vejle;223;630
2021-08-03;Herning;629;657
2021-08-03;Holstebro;480;661
2021-08-03;Lemvig;32;665
2021-08-03;Struer;74;671
2021-08-03;Syddjurs;136;706
2021-08-03;Norddjurs;117;707
2021-08-03;Favrskov;232;710
2021-08-03;Odder;89;727
2021-08-03;Randers;408;730
2021-08-03;Silkeborg;436;740
2021-08-03;Samsø;1;741
2021-08-03;Skanderborg;143;746
2021-08-03;Århus;1436;751
2021-08-03;Ikast-Brande;230;756
2021-08-03;Ringkøbing-Skjern;81;760
2021-08-03;Hedensted;98;766
2021-08-03;Morsø;14;773
2021-08-03;Skive;107;779
2021-08-03;Thisted;2;787
2021-08-03;Viborg;271;791
2021-08-03;Brønderslev;58;810
2021-08-03;Frederikshavn;594;813
2021-08-03;Vesthimmerland;15;820
2021-08-03;Læsø;3;825
2021-08-03;Rebild;3;840
2021-08-03;Mariagerfjord;18;846
2021-08-03;Jammerbugt;10;849
2021-08-03;Aalborg;54;851
2021-08-03;Hjørring;33;860
2021-08-04;København;1110;101
2021-08-04;Frederiksberg;150;147
2021-08-04;Ballerup;11;151
2021-08-04;Brøndby;37;153
2021-08-04;Dragør;45;155
2021-08-04;Gentofte;163;157
2021-08-04;Gladsaxe;69;159
2021-08-04;Glostrup;25;161
2021-08-04;Herlev;7;163
2021-08-04;Albertslund;29;165
2021-08-04;Hvidovre;80;167
2021-08-04;Høje Tåstrup;70;169
2021-08-04;Lyngby-Taarbæk;202;173
2021-08-04;Rødovre;36;175
2021-08-04;Ishøj;44;183
2021-08-04;Tårnby;105;185
2021-08-04;Vallensbæk;31;187
2021-08-04;Furesø;101;190
2021-08-04;Allerød;69;201
2021-08-04;Fredensborg;72;210
2021-08-04;Helsingør;24;217
2021-08-04;Hillerød;94;219
2021-08-04;Hørsholm;84;223
2021-08-04;Rudersdal;285;230
2021-08-04;Egedal;32;240
2021-08-04;Frederikssund;43;250
2021-08-04;Greve;125;253
2021-08-04;Køge;72;259
2021-08-04;Halsnæs;54;260
2021-08-04;Roskilde;61;265
2021-08-04;Solrød;61;269
2021-08-04;Gribskov;66;270
2021-08-04;Odsherred;23;306
2021-08-04;Holbæk;68;316
2021-08-04;Faxe;86;320
2021-08-04;Kalundborg;95;326
2021-08-04;Ringsted;43;329
2021-08-04;Slagelse;112;330
2021-08-04;Stevns;73;336
2021-08-04;Sorø;86;340
2021-08-04;Lejre;17;350
2021-08-04;Lolland;87;360
2021-08-04;Næstved;270;370
2021-08-04;Guldborgsund;79;376
2021-08-04;Vordingborg;104;390
2021-08-04;Bornholm;60;400
2021-08-04;Middelfart;52;410
2021-08-04;Assens;220;420
2021-08-04;Faaborg-Midtfyn;63;430
2021-08-04;Kerteminde;78;440
2021-08-04;Nyborg;74;450
2021-08-04;Odense;361;461
2021-08-04;Svendborg;73;479
2021-08-04;Nordfyn;75;480
2021-08-04;Langeland;1;482
2021-08-04;Haderslev;52;510
2021-08-04;Billund;28;530
2021-08-04;Sønderborg;94;540
2021-08-04;Tønder;50;550
2021-08-04;Esbjerg;438;561
2021-08-04;Fanø;18;563
2021-08-04;Varde;321;573
2021-08-04;Vejen;27;575
2021-08-04;Aabenraa;79;580
2021-08-04;Fredericia;54;607
2021-08-04;Horsens;153;615
2021-08-04;Kolding;105;621
2021-08-04;Vejle;123;630
2021-08-04;Herning;73;657
2021-08-04;Holstebro;195;661
2021-08-04;Lemvig;78;665
2021-08-04;Struer;21;671
2021-08-04;Syddjurs;121;706
2021-08-04;Norddjurs;116;707
2021-08-04;Favrskov;241;710
2021-08-04;Odder;31;727
2021-08-04;Randers;257;730
2021-08-04;Silkeborg;418;740
2021-08-04;Samsø;37;741
2021-08-04;Skanderborg;111;746
2021-08-04;Århus;1400;751
2021-08-04;Ikast-Brande;119;756
2021-08-04;Ringkøbing-Skjern;272;760
2021-08-04;Hedensted;143;766
2021-08-04;Morsø;88;773
2021-08-04;Skive;77;779
2021-08-04;Thisted;171;787
2021-08-04;Viborg;206;791
2021-08-04;Frederikshavn;1;813
2021-08-04;Vesthimmerland;5;820
2021-08-04;Rebild;2;840
2021-08-04;Mariagerfjord;12;846
2021-08-04;Jammerbugt;28;849
2021-08-04;Aalborg;27;851
2021-08-04;Hjørring;2;860
2021-08-05;København;1259;101
2021-08-05;Frederiksberg;187;147
2021-08-05;Ballerup;150;151
2021-08-05;Brøndby;43;153
2021-08-05;Dragør;52;155
2021-08-05;Gentofte;143;157
2021-08-05;Gladsaxe;166;159
2021-08-05;Glostrup;47;161
2021-08-05;Herlev;94;163
2021-08-05;Albertslund;62;165
2021-08-05;Hvidovre;78;167
2021-08-05;Høje Tåstrup;80;169
2021-08-05;Lyngby-Taarbæk;75;173
2021-08-05;Rødovre;76;175
2021-08-05;Ishøj;38;183
2021-08-05;Tårnby;115;185
2021-08-05;Vallensbæk;26;187
2021-08-05;Furesø;75;190
2021-08-05;Allerød;62;201
2021-08-05;Fredensborg;107;210
2021-08-05;Helsingør;204;217
2021-08-05;Hillerød;88;219
2021-08-05;Hørsholm;33;223
2021-08-05;Rudersdal;58;230
2021-08-05;Egedal;147;240
2021-08-05;Frederikssund;117;250
2021-08-05;Greve;63;253
2021-08-05;Køge;67;259
2021-08-05;Halsnæs;57;260
2021-08-05;Roskilde;103;265
2021-08-05;Solrød;46;269
2021-08-05;Gribskov;54;270
2021-08-05;Odsherred;17;306
2021-08-05;Holbæk;68;316
2021-08-05;Faxe;111;320
2021-08-05;Kalundborg;53;326
2021-08-05;Ringsted;164;329
2021-08-05;Slagelse;148;330
2021-08-05;Stevns;20;336
2021-08-05;Sorø;47;340
2021-08-05;Lejre;35;350
2021-08-05;Lolland;91;360
2021-08-05;Næstved;172;370
2021-08-05;Guldborgsund;69;376
2021-08-05;Vordingborg;93;390
2021-08-05;Bornholm;63;400
2021-08-05;Middelfart;39;410
2021-08-05;Assens;73;420
2021-08-05;Faaborg-Midtfyn;133;430
2021-08-05;Kerteminde;105;440
2021-08-05;Nyborg;235;450
2021-08-05;Odense;372;461
2021-08-05;Svendborg;98;479
2021-08-05;Nordfyn;67;480
2021-08-05;Langeland;6;482
2021-08-05;Ærø;2;492
2021-08-05;Haderslev;479;510
2021-08-05;Billund;23;530
2021-08-05;Sønderborg;188;540
2021-08-05;Tønder;71;550
2021-08-05;Esbjerg;163;561
2021-08-05;Fanø;9;563
2021-08-05;Varde;60;573
2021-08-05;Vejen;276;575
2021-08-05;Aabenraa;88;580
2021-08-05;Fredericia;57;607
2021-08-05;Horsens;191;615
2021-08-05;Kolding;144;621
2021-08-05;Vejle;406;630
2021-08-05;Herning;265;657
2021-08-05;Holstebro;184;661
2021-08-05;Lemvig;11;665
2021-08-05;Struer;190;671
2021-08-05;Syddjurs;138;706
2021-08-05;Norddjurs;23;707
2021-08-05;Favrskov;108;710
2021-08-05;Odder;41;727
2021-08-05;Randers;204;730
2021-08-05;Silkeborg;346;740
2021-08-05;Skanderborg;92;746
2021-08-05;Århus;678;751
2021-08-05;Ikast-Brande;56;756
2021-08-05;Ringkøbing-Skjern;155;760
2021-08-05;Hedensted;88;766
2021-08-05;Morsø;29;773
2021-08-05;Skive;79;779
2021-08-05;Thisted;106;787
2021-08-05;Viborg;224;791
2021-08-05;Brønderslev;2;810
2021-08-05;Frederikshavn;2;813
2021-08-05;Vesthimmerland;5;820
2021-08-05;Rebild;2;840
2021-08-05;Mariagerfjord;14;846
2021-08-05;Jammerbugt;19;849
2021-08-05;Aalborg;23;851
2021-08-05;Hjørring;4;860
2021-08-06;København;809;101
2021-08-06;Frederiksberg;111;147
2021-08-06;Ballerup;129;151
2021-08-06;Brøndby;46;153
2021-08-06;Dragør;27;155
2021-08-06;Gentofte;78;157
2021-08-06;Gladsaxe;163;159
2021-08-06;Glostrup;40;161
2021-08-06;Herlev;80;163
2021-08-06;Albertslund;43;165
2021-08-06;Hvidovre;83;167
2021-08-06;Høje Tåstrup;79;169
2021-08-06;Lyngby-Taarbæk;65;173
2021-08-06;Rødovre;85;175
2021-08-06;Ishøj;44;183
2021-08-06;Tårnby;61;185
2021-08-06;Vallensbæk;30;187
2021-08-06;Furesø;73;190
2021-08-06;Allerød;56;201
2021-08-06;Fredensborg;22;210
2021-08-06;Helsingør;28;217
2021-08-06;Hillerød;71;219
2021-08-06;Hørsholm;27;223
2021-08-06;Rudersdal;46;230
2021-08-06;Egedal;104;240
2021-08-06;Frederikssund;50;250
2021-08-06;Greve;67;253
2021-08-06;Køge;42;259
2021-08-06;Halsnæs;33;260
2021-08-06;Roskilde;66;265
2021-08-06;Solrød;43;269
2021-08-06;Gribskov;47;270
2021-08-06;Odsherred;42;306
2021-08-06;Holbæk;80;316
2021-08-06;Faxe;36;320
2021-08-06;Kalundborg;67;326
2021-08-06;Ringsted;45;329
2021-08-06;Slagelse;79;330
2021-08-06;Stevns;24;336
2021-08-06;Sorø;32;340
2021-08-06;Lejre;16;350
2021-08-06;Lolland;4;360
2021-08-06;Næstved;219;370
2021-08-06;Guldborgsund;9;376
2021-08-06;Vordingborg;66;390
2021-08-06;Bornholm;52;400
2021-08-06;Middelfart;24;410
2021-08-06;Assens;76;420
2021-08-06;Faaborg-Midtfyn;68;430
2021-08-06;Kerteminde;58;440
2021-08-06;Nyborg;58;450
2021-08-06;Odense;344;461
2021-08-06;Svendborg;84;479
2021-08-06;Nordfyn;52;480
2021-08-06;Langeland;116;482
2021-08-06;Ærø;100;492
2021-08-06;Haderslev;38;510
2021-08-06;Billund;15;530
2021-08-06;Sønderborg;122;540
2021-08-06;Tønder;46;550
2021-08-06;Esbjerg;137;561
2021-08-06;Fanø;6;563
2021-08-06;Varde;44;573
2021-08-06;Vejen;92;575
2021-08-06;Aabenraa;105;580
2021-08-06;Fredericia;37;607
2021-08-06;Horsens;183;615
2021-08-06;Kolding;180;621
2021-08-06;Vejle;386;630
2021-08-06;Herning;374;657
2021-08-06;Holstebro;22;661
2021-08-06;Lemvig;4;665
2021-08-06;Struer;6;671
2021-08-06;Syddjurs;111;706
2021-08-06;Norddjurs;104;707
2021-08-06;Favrskov;161;710
2021-08-06;Odder;57;727
2021-08-06;Randers;243;730
2021-08-06;Silkeborg;431;740
2021-08-06;Samsø;1;741
2021-08-06;Skanderborg;75;746
2021-08-06;Århus;1039;751
2021-08-06;Ikast-Brande;73;756
2021-08-06;Ringkøbing-Skjern;45;760
2021-08-06;Hedensted;111;766
2021-08-06;Morsø;11;773
2021-08-06;Skive;103;779
2021-08-06;Thisted;7;787
2021-08-06;Viborg;282;791
2021-08-06;Brønderslev;2;810
2021-08-06;Frederikshavn;3;813
2021-08-06;Vesthimmerland;186;820
2021-08-06;Rebild;131;840
2021-08-06;Mariagerfjord;411;846
2021-08-06;Jammerbugt;28;849
2021-08-06;Aalborg;85;851
2021-08-06;Hjørring;4;860
2021-08-07;København;652;101
2021-08-07;Frederiksberg;99;147
2021-08-07;Ballerup;19;151
2021-08-07;Brøndby;45;153
2021-08-07;Dragør;19;155
2021-08-07;Gentofte;79;157
2021-08-07;Gladsaxe;35;159
2021-08-07;Glostrup;16;161
2021-08-07;Herlev;16;163
2021-08-07;Albertslund;25;165
2021-08-07;Hvidovre;76;167
2021-08-07;Høje Tåstrup;75;169
2021-08-07;Lyngby-Taarbæk;44;173
2021-08-07;Rødovre;35;175
2021-08-07;Ishøj;34;183
2021-08-07;Tårnby;55;185
2021-08-07;Vallensbæk;20;187
2021-08-07;Furesø;18;190
2021-08-07;Allerød;32;201
2021-08-07;Fredensborg;37;210
2021-08-07;Helsingør;15;217
2021-08-07;Hillerød;68;219
2021-08-07;Hørsholm;18;223
2021-08-07;Rudersdal;43;230
2021-08-07;Egedal;27;240
2021-08-07;Frederikssund;45;250
2021-08-07;Greve;79;253
2021-08-07;Køge;144;259
2021-08-07;Halsnæs;32;260
2021-08-07;Roskilde;276;265
2021-08-07;Solrød;42;269
2021-08-07;Gribskov;41;270
2021-08-07;Odsherred;39;306
2021-08-07;Holbæk;111;316
2021-08-07;Faxe;38;320
2021-08-07;Kalundborg;82;326
2021-08-07;Ringsted;43;329
2021-08-07;Slagelse;160;330
2021-08-07;Stevns;47;336
2021-08-07;Sorø;63;340
2021-08-07;Lejre;60;350
2021-08-07;Lolland;87;360
2021-08-07;Næstved;122;370
2021-08-07;Guldborgsund;153;376
2021-08-07;Vordingborg;69;390
2021-08-07;Bornholm;37;400
2021-08-07;Middelfart;37;410
2021-08-07;Assens;67;420
2021-08-07;Faaborg-Midtfyn;59;430
2021-08-07;Kerteminde;27;440
2021-08-07;Nyborg;44;450
2021-08-07;Odense;305;461
2021-08-07;Svendborg;102;479
2021-08-07;Nordfyn;62;480
2021-08-07;Langeland;12;482
2021-08-07;Ærø;1;492
2021-08-07;Haderslev;33;510
2021-08-07;Billund;309;530
2021-08-07;Sønderborg;90;540
2021-08-07;Tønder;34;550
2021-08-07;Esbjerg;96;561
2021-08-07;Fanø;3;563
2021-08-07;Varde;44;573
2021-08-07;Vejen;30;575
2021-08-07;Aabenraa;103;580
2021-08-07;Fredericia;42;607
2021-08-07;Horsens;129;615
2021-08-07;Kolding;144;621
2021-08-07;Vejle;458;630
2021-08-07;Herning;2;657
2021-08-07;Holstebro;3;661
2021-08-07;Lemvig;1;665
2021-08-07;Struer;3;671
2021-08-07;Syddjurs;15;706
2021-08-07;Norddjurs;4;707
2021-08-07;Favrskov;50;710
2021-08-07;Odder;5;727
2021-08-07;Randers;9;730
2021-08-07;Silkeborg;10;740
2021-08-07;Samsø;1;741
2021-08-07;Skanderborg;45;746
2021-08-07;Århus;691;751
2021-08-07;Ikast-Brande;16;756
2021-08-07;Ringkøbing-Skjern;10;760
2021-08-07;Hedensted;34;766
2021-08-07;Morsø;48;773
2021-08-07;Skive;3;779
2021-08-07;Thisted;132;787
2021-08-07;Viborg;4;791
2021-08-07;Brønderslev;146;810
2021-08-07;Frederikshavn;32;813
2021-08-07;Vesthimmerland;2;820
2021-08-07;Læsø;1;825
2021-08-07;Rebild;3;840
2021-08-07;Mariagerfjord;3;846
2021-08-07;Jammerbugt;66;849
2021-08-07;Aalborg;425;851
2021-08-07;Hjørring;391;860
2021-08-08;København;206;101
2021-08-08;Frederiksberg;37;147
2021-08-08;Ballerup;7;151
2021-08-08;Brøndby;22;153
2021-08-08;Dragør;2;155
2021-08-08;Gentofte;22;157
2021-08-08;Gladsaxe;14;159
2021-08-08;Glostrup;17;161
2021-08-08;Herlev;4;163
2021-08-08;Albertslund;32;165
2021-08-08;Hvidovre;39;167
2021-08-08;Høje Tåstrup;56;169
2021-08-08;Lyngby-Taarbæk;3;173
2021-08-08;Rødovre;9;175
2021-08-08;Ishøj;33;183
2021-08-08;Tårnby;4;185
2021-08-08;Vallensbæk;10;187
2021-08-08;Furesø;5;190
2021-08-08;Allerød;2;201
2021-08-08;Fredensborg;3;210
2021-08-08;Helsingør;3;217
2021-08-08;Hillerød;4;219
2021-08-08;Hørsholm;1;223
2021-08-08;Rudersdal;8;230
2021-08-08;Egedal;19;240
2021-08-08;Frederikssund;11;250
2021-08-08;Greve;37;253
2021-08-08;Køge;89;259
2021-08-08;Roskilde;188;265
2021-08-08;Solrød;27;269
2021-08-08;Gribskov;4;270
2021-08-08;Odsherred;21;306
2021-08-08;Holbæk;175;316
2021-08-08;Faxe;39;320
2021-08-08;Kalundborg;54;326
2021-08-08;Ringsted;46;329
2021-08-08;Slagelse;82;330
2021-08-08;Stevns;26;336
2021-08-08;Sorø;44;340
2021-08-08;Lejre;31;350
2021-08-08;Lolland;7;360
2021-08-08;Næstved;129;370
2021-08-08;Guldborgsund;11;376
2021-08-08;Vordingborg;25;390
2021-08-08;Bornholm;3;400
2021-08-08;Middelfart;52;410
2021-08-08;Assens;62;420
2021-08-08;Faaborg-Midtfyn;36;430
2021-08-08;Kerteminde;33;440
2021-08-08;Nyborg;40;450
2021-08-08;Odense;364;461
2021-08-08;Svendborg;6;479
2021-08-08;Nordfyn;59;480
2021-08-08;Haderslev;33;510
2021-08-08;Billund;13;530
2021-08-08;Sønderborg;93;540
2021-08-08;Tønder;26;550
2021-08-08;Esbjerg;152;561
2021-08-08;Fanø;7;563
2021-08-08;Varde;375;573
2021-08-08;Vejen;43;575
2021-08-08;Aabenraa;44;580
2021-08-08;Fredericia;42;607
2021-08-08;Horsens;101;615
2021-08-08;Kolding;153;621
2021-08-08;Vejle;59;630
2021-08-08;Herning;3;657
2021-08-08;Struer;1;671
2021-08-08;Syddjurs;2;706
2021-08-08;Favrskov;6;710
2021-08-08;Odder;2;727
2021-08-08;Randers;3;730
2021-08-08;Silkeborg;5;740
2021-08-08;Skanderborg;17;746
2021-08-08;Århus;247;751
2021-08-08;Ikast-Brande;2;756
2021-08-08;Ringkøbing-Skjern;34;760
2021-08-08;Hedensted;14;766
2021-08-08;Morsø;28;773
2021-08-08;Skive;2;779
2021-08-08;Thisted;79;787
2021-08-08;Viborg;4;791
2021-08-08;Brønderslev;1;810
2021-08-08;Vesthimmerland;109;820
2021-08-08;Rebild;59;840
2021-08-08;Mariagerfjord;30;846
2021-08-08;Jammerbugt;23;849
2021-08-08;Aalborg;43;851
2021-08-08;Hjørring;2;860
2021-08-09;København;714;101
2021-08-09;Frederiksberg;89;147
2021-08-09;Ballerup;196;151
2021-08-09;Brøndby;35;153
2021-08-09;Dragør;11;155
2021-08-09;Gentofte;139;157
2021-08-09;Gladsaxe;275;159
2021-08-09;Glostrup;49;161
2021-08-09;Herlev;101;163
2021-08-09;Albertslund;60;165
2021-08-09;Hvidovre;44;167
2021-08-09;Høje Tåstrup;89;169
2021-08-09;Lyngby-Taarbæk;81;173
2021-08-09;Rødovre;94;175
2021-08-09;Ishøj;22;183
2021-08-09;Tårnby;43;185
2021-08-09;Vallensbæk;20;187
2021-08-09;Furesø;96;190
2021-08-09;Allerød;29;201
2021-08-09;Fredensborg;75;210
2021-08-09;Helsingør;159;217
2021-08-09;Hillerød;82;219
2021-08-09;Hørsholm;30;223
2021-08-09;Rudersdal;39;230
2021-08-09;Egedal;143;240
2021-08-09;Frederikssund;59;250
2021-08-09;Greve;77;253
2021-08-09;Køge;84;259
2021-08-09;Halsnæs;36;260
2021-08-09;Roskilde;215;265
2021-08-09;Solrød;21;269
2021-08-09;Gribskov;37;270
2021-08-09;Odsherred;81;306
2021-08-09;Holbæk;111;316
2021-08-09;Faxe;37;320
2021-08-09;Kalundborg;54;326
2021-08-09;Ringsted;33;329
2021-08-09;Slagelse;111;330
2021-08-09;Stevns;28;336
2021-08-09;Sorø;42;340
2021-08-09;Lejre;85;350
2021-08-09;Lolland;22;360
2021-08-09;Næstved;132;370
2021-08-09;Guldborgsund;87;376
2021-08-09;Vordingborg;78;390
2021-08-09;Bornholm;3;400
2021-08-09;Middelfart;64;410
2021-08-09;Assens;28;420
2021-08-09;Faaborg-Midtfyn;185;430
2021-08-09;Kerteminde;8;440
2021-08-09;Nyborg;31;450
2021-08-09;Odense;82;461
2021-08-09;Svendborg;58;479
2021-08-09;Nordfyn;18;480
2021-08-09;Langeland;5;482
2021-08-09;Haderslev;11;510
2021-08-09;Billund;153;530
2021-08-09;Sønderborg;92;540
2021-08-09;Tønder;329;550
2021-08-09;Esbjerg;167;561
2021-08-09;Fanø;8;563
2021-08-09;Varde;64;573
2021-08-09;Vejen;27;575
2021-08-09;Aabenraa;91;580
2021-08-09;Fredericia;368;607
2021-08-09;Horsens;104;615
2021-08-09;Kolding;55;621
2021-08-09;Vejle;138;630
2021-08-09;Herning;106;657
2021-08-09;Holstebro;117;661
2021-08-09;Lemvig;75;665
2021-08-09;Struer;16;671
2021-08-09;Syddjurs;99;706
2021-08-09;Norddjurs;87;707
2021-08-09;Favrskov;101;710
2021-08-09;Odder;23;727
2021-08-09;Randers;201;730
2021-08-09;Silkeborg;244;740
2021-08-09;Samsø;1;741
2021-08-09;Skanderborg;270;746
2021-08-09;Århus;704;751
2021-08-09;Ikast-Brande;61;756
2021-08-09;Ringkøbing-Skjern;196;760
2021-08-09;Hedensted;76;766
2021-08-09;Morsø;24;773
2021-08-09;Skive;54;779
2021-08-09;Thisted;52;787
2021-08-09;Viborg;206;791
2021-08-09;Brønderslev;32;810
2021-08-09;Frederikshavn;9;813
2021-08-09;Vesthimmerland;10;820
2021-08-09;Læsø;1;825
2021-08-09;Rebild;76;840
2021-08-09;Mariagerfjord;32;846
2021-08-09;Jammerbugt;71;849
2021-08-09;Aalborg;842;851
2021-08-09;Hjørring;5;860
2021-08-10;København;1606;101
2021-08-10;Frederiksberg;222;147
2021-08-10;Ballerup;74;151
2021-08-10;Brøndby;28;153
2021-08-10;Dragør;30;155
2021-08-10;Gentofte;166;157
2021-08-10;Gladsaxe;154;159
2021-08-10;Glostrup;25;161
2021-08-10;Herlev;76;163
2021-08-10;Albertslund;56;165
2021-08-10;Hvidovre;62;167
2021-08-10;Høje Tåstrup;61;169
2021-08-10;Lyngby-Taarbæk;159;173
2021-08-10;Rødovre;71;175
2021-08-10;Ishøj;24;183
2021-08-10;Tårnby;107;185
2021-08-10;Vallensbæk;13;187
2021-08-10;Furesø;90;190
2021-08-10;Allerød;45;201
2021-08-10;Fredensborg;66;210
2021-08-10;Helsingør;112;217
2021-08-10;Hillerød;81;219
2021-08-10;Hørsholm;45;223
2021-08-10;Rudersdal;225;230
2021-08-10;Egedal;67;240
2021-08-10;Frederikssund;42;250
2021-08-10;Greve;64;253
2021-08-10;Køge;75;259
2021-08-10;Halsnæs;38;260
2021-08-10;Roskilde;120;265
2021-08-10;Solrød;22;269
2021-08-10;Gribskov;57;270
2021-08-10;Odsherred;43;306
2021-08-10;Holbæk;137;316
2021-08-10;Faxe;37;320
2021-08-10;Kalundborg;66;326
2021-08-10;Ringsted;83;329
2021-08-10;Slagelse;125;330
2021-08-10;Stevns;33;336
2021-08-10;Sorø;56;340
2021-08-10;Lejre;29;350
2021-08-10;Lolland;77;360
2021-08-10;Næstved;94;370
2021-08-10;Guldborgsund;75;376
2021-08-10;Vordingborg;135;390
2021-08-10;Bornholm;67;400
2021-08-10;Middelfart;7;410
2021-08-10;Assens;25;420
2021-08-10;Faaborg-Midtfyn;32;430
2021-08-10;Kerteminde;17;440
2021-08-10;Nyborg;22;450
2021-08-10;Odense;482;461
2021-08-10;Svendborg;123;479
2021-08-10;Nordfyn;18;480
2021-08-10;Langeland;18;482
2021-08-10;Ærø;17;492
2021-08-10;Haderslev;299;510
2021-08-10;Billund;5;530
2021-08-10;Sønderborg;109;540
2021-08-10;Tønder;20;550
2021-08-10;Esbjerg;147;561
2021-08-10;Varde;7;573
2021-08-10;Vejen;6;575
2021-08-10;Aabenraa;104;580
2021-08-10;Fredericia;14;607
2021-08-10;Horsens;79;615
2021-08-10;Kolding;48;621
2021-08-10;Vejle;80;630
2021-08-10;Herning;221;657
2021-08-10;Holstebro;77;661
2021-08-10;Lemvig;6;665
2021-08-10;Struer;6;671
2021-08-10;Syddjurs;77;706
2021-08-10;Norddjurs;49;707
2021-08-10;Favrskov;76;710
2021-08-10;Odder;35;727
2021-08-10;Randers;245;730
2021-08-10;Silkeborg;233;740
2021-08-10;Skanderborg;102;746
2021-08-10;Århus;676;751
2021-08-10;Ikast-Brande;163;756
2021-08-10;Ringkøbing-Skjern;142;760
2021-08-10;Hedensted;18;766
2021-08-10;Morsø;14;773
2021-08-10;Skive;67;779
2021-08-10;Thisted;11;787
2021-08-10;Viborg;149;791
2021-08-10;Brønderslev;72;810
2021-08-10;Frederikshavn;332;813
2021-08-10;Vesthimmerland;7;820
2021-08-10;Læsø;1;825
2021-08-10;Mariagerfjord;27;846
2021-08-10;Jammerbugt;29;849
2021-08-10;Aalborg;41;851
2021-08-10;Hjørring;232;860
2021-08-11;København;344;101
2021-08-11;Frederiksberg;57;147
2021-08-11;Ballerup;59;151
2021-08-11;Brøndby;26;153
2021-08-11;Dragør;4;155
2021-08-11;Gentofte;106;157
2021-08-11;Gladsaxe;103;159
2021-08-11;Glostrup;24;161
2021-08-11;Herlev;43;163
2021-08-11;Albertslund;36;165
2021-08-11;Hvidovre;26;167
2021-08-11;Høje Tåstrup;46;169
2021-08-11;Lyngby-Taarbæk;152;173
2021-08-11;Rødovre;47;175
2021-08-11;Ishøj;21;183
2021-08-11;Tårnby;7;185
2021-08-11;Vallensbæk;15;187
2021-08-11;Furesø;69;190
2021-08-11;Allerød;25;201
2021-08-11;Fredensborg;23;210
2021-08-11;Helsingør;4;217
2021-08-11;Hillerød;41;219
2021-08-11;Hørsholm;46;223
2021-08-11;Rudersdal;168;230
2021-08-11;Egedal;52;240
2021-08-11;Frederikssund;33;250
2021-08-11;Greve;57;253
2021-08-11;Køge;70;259
2021-08-11;Halsnæs;14;260
2021-08-11;Roskilde;170;265
2021-08-11;Solrød;22;269
2021-08-11;Gribskov;31;270
2021-08-11;Odsherred;27;306
2021-08-11;Holbæk;102;316
2021-08-11;Faxe;35;320
2021-08-11;Kalundborg;77;326
2021-08-11;Ringsted;21;329
2021-08-11;Slagelse;92;330
2021-08-11;Stevns;21;336
2021-08-11;Sorø;30;340
2021-08-11;Lejre;43;350
2021-08-11;Lolland;32;360
2021-08-11;Næstved;117;370
2021-08-11;Guldborgsund;43;376
2021-08-11;Vordingborg;31;390
2021-08-11;Bornholm;26;400
2021-08-11;Middelfart;295;410
2021-08-11;Assens;249;420
2021-08-11;Faaborg-Midtfyn;29;430
2021-08-11;Kerteminde;8;440
2021-08-11;Nyborg;7;450
2021-08-11;Odense;156;461
2021-08-11;Svendborg;71;479
2021-08-11;Nordfyn;42;480
2021-08-11;Langeland;14;482
2021-08-11;Haderslev;19;510
2021-08-11;Billund;8;530
2021-08-11;Sønderborg;118;540
2021-08-11;Tønder;20;550
2021-08-11;Esbjerg;124;561
2021-08-11;Fanø;4;563
2021-08-11;Varde;151;573
2021-08-11;Vejen;15;575
2021-08-11;Aabenraa;81;580
2021-08-11;Fredericia;86;607
2021-08-11;Horsens;72;615
2021-08-11;Kolding;14;621
2021-08-11;Vejle;106;630
2021-08-11;Herning;63;657
2021-08-11;Holstebro;236;661
2021-08-11;Lemvig;31;665
2021-08-11;Struer;86;671
2021-08-11;Syddjurs;69;706
2021-08-11;Norddjurs;38;707
2021-08-11;Favrskov;68;710
2021-08-11;Odder;36;727
2021-08-11;Randers;143;730
2021-08-11;Silkeborg;162;740
2021-08-11;Samsø;24;741
2021-08-11;Skanderborg;96;746
2021-08-11;Århus;513;751
2021-08-11;Ikast-Brande;52;756
2021-08-11;Ringkøbing-Skjern;17;760
2021-08-11;Hedensted;49;766
2021-08-11;Morsø;10;773
2021-08-11;Skive;51;779
2021-08-11;Thisted;4;787
2021-08-11;Viborg;121;791
2021-08-11;Frederikshavn;2;813
2021-08-11;Vesthimmerland;2;820
2021-08-11;Rebild;4;840
2021-08-11;Mariagerfjord;26;846
2021-08-11;Jammerbugt;7;849
2021-08-11;Aalborg;14;851
2021-08-11;Hjørring;5;860
2021-08-12;København;224;101
2021-08-12;Frederiksberg;39;147
2021-08-12;Ballerup;46;151
2021-08-12;Brøndby;38;153
2021-08-12;Dragør;1;155
2021-08-12;Gentofte;42;157
2021-08-12;Gladsaxe;51;159
2021-08-12;Glostrup;14;161
2021-08-12;Herlev;29;163
2021-08-12;Albertslund;36;165
2021-08-12;Hvidovre;34;167
2021-08-12;Høje Tåstrup;67;169
2021-08-12;Lyngby-Taarbæk;38;173
2021-08-12;Rødovre;29;175
2021-08-12;Ishøj;27;183
2021-08-12;Tårnby;10;185
2021-08-12;Vallensbæk;21;187
2021-08-12;Furesø;35;190
2021-08-12;Allerød;18;201
2021-08-12;Fredensborg;43;210
2021-08-12;Helsingør;126;217
2021-08-12;Hillerød;39;219
2021-08-12;Hørsholm;12;223
2021-08-12;Rudersdal;29;230
2021-08-12;Egedal;76;240
2021-08-12;Frederikssund;243;250
2021-08-12;Greve;47;253
2021-08-12;Køge;56;259
2021-08-12;Halsnæs;63;260
2021-08-12;Roskilde;90;265
2021-08-12;Solrød;25;269
2021-08-12;Gribskov;36;270
2021-08-12;Odsherred;33;306
2021-08-12;Holbæk;99;316
2021-08-12;Faxe;45;320
2021-08-12;Kalundborg;24;326
2021-08-12;Ringsted;61;329
2021-08-12;Slagelse;77;330
2021-08-12;Stevns;25;336
2021-08-12;Sorø;33;340
2021-08-12;Lejre;24;350
2021-08-12;Lolland;29;360
2021-08-12;Næstved;55;370
2021-08-12;Guldborgsund;70;376
2021-08-12;Vordingborg;44;390
2021-08-12;Bornholm;30;400
2021-08-12;Middelfart;2;410
2021-08-12;Assens;16;420
2021-08-12;Faaborg-Midtfyn;19;430
2021-08-12;Kerteminde;9;440
2021-08-12;Nyborg;20;450
2021-08-12;Odense;199;461
2021-08-12;Svendborg;58;479
2021-08-12;Nordfyn;8;480
2021-08-12;Langeland;8;482
2021-08-12;Ærø;1;492
2021-08-12;Haderslev;153;510
2021-08-12;Billund;70;530
2021-08-12;Sønderborg;11;540
2021-08-12;Tønder;20;550
2021-08-12;Esbjerg;176;561
2021-08-12;Varde;8;573
2021-08-12;Vejen;11;575
2021-08-12;Aabenraa;10;580
2021-08-12;Fredericia;9;607
2021-08-12;Horsens;104;615
2021-08-12;Kolding;241;621
2021-08-12;Vejle;39;630
2021-08-12;Herning;173;657
2021-08-12;Holstebro;142;661
2021-08-12;Lemvig;9;665
2021-08-12;Struer;33;671
2021-08-12;Syddjurs;14;706
2021-08-12;Norddjurs;39;707
2021-08-12;Favrskov;46;710
2021-08-12;Odder;19;727
2021-08-12;Randers;71;730
2021-08-12;Silkeborg;134;740
2021-08-12;Skanderborg;69;746
2021-08-12;Århus;482;751
2021-08-12;Ikast-Brande;86;756
2021-08-12;Ringkøbing-Skjern;128;760
2021-08-12;Hedensted;33;766
2021-08-12;Morsø;9;773
2021-08-12;Skive;53;779
2021-08-12;Viborg;127;791
2021-08-12;Brønderslev;55;810
2021-08-12;Frederikshavn;14;813
2021-08-12;Vesthimmerland;147;820
2021-08-12;Læsø;1;825
2021-08-12;Rebild;82;840
2021-08-12;Mariagerfjord;32;846
2021-08-12;Jammerbugt;64;849
2021-08-12;Aalborg;319;851
2021-08-12;Hjørring;117;860
2021-08-13;København;262;101
2021-08-13;Frederiksberg;38;147
2021-08-13;Ballerup;53;151
2021-08-13;Brøndby;27;153
2021-08-13;Dragør;6;155
2021-08-13;Gentofte;42;157
2021-08-13;Gladsaxe;68;159
2021-08-13;Glostrup;26;161
2021-08-13;Herlev;41;163
2021-08-13;Albertslund;23;165
2021-08-13;Hvidovre;43;167
2021-08-13;Høje Tåstrup;67;169
2021-08-13;Lyngby-Taarbæk;41;173
2021-08-13;Rødovre;37;175
2021-08-13;Ishøj;44;183
2021-08-13;Tårnby;8;185
2021-08-13;Vallensbæk;14;187
2021-08-13;Furesø;30;190
2021-08-13;Allerød;19;201
2021-08-13;Fredensborg;23;210
2021-08-13;Helsingør;6;217
2021-08-13;Hillerød;56;219
2021-08-13;Hørsholm;14;223
2021-08-13;Rudersdal;25;230
2021-08-13;Egedal;39;240
2021-08-13;Frederikssund;26;250
2021-08-13;Greve;32;253
2021-08-13;Køge;66;259
2021-08-13;Halsnæs;14;260
2021-08-13;Roskilde;116;265
2021-08-13;Solrød;22;269
2021-08-13;Gribskov;31;270
2021-08-13;Odsherred;35;306
2021-08-13;Holbæk;59;316
2021-08-13;Faxe;36;320
2021-08-13;Kalundborg;24;326
2021-08-13;Ringsted;30;329
2021-08-13;Slagelse;84;330
2021-08-13;Stevns;23;336
2021-08-13;Sorø;29;340
2021-08-13;Lejre;18;350
2021-08-13;Lolland;21;360
2021-08-13;Næstved;114;370
2021-08-13;Guldborgsund;22;376
2021-08-13;Vordingborg;30;390
2021-08-13;Bornholm;72;400
2021-08-13;Middelfart;24;410
2021-08-13;Assens;14;420
2021-08-13;Faaborg-Midtfyn;57;430
2021-08-13;Kerteminde;15;440
2021-08-13;Nyborg;19;450
2021-08-13;Odense;250;461
2021-08-13;Svendborg;71;479
2021-08-13;Nordfyn;16;480
2021-08-13;Langeland;15;482
2021-08-13;Ærø;49;492
2021-08-13;Haderslev;16;510
2021-08-13;Billund;25;530
2021-08-13;Sønderborg;16;540
2021-08-13;Tønder;4;550
2021-08-13;Esbjerg;381;561
2021-08-13;Fanø;3;563
2021-08-13;Varde;24;573
2021-08-13;Vejen;155;575
2021-08-13;Fredericia;43;607
2021-08-13;Horsens;78;615
2021-08-13;Kolding;98;621
2021-08-13;Vejle;137;630
2021-08-13;Herning;257;657
2021-08-13;Holstebro;30;661
2021-08-13;Lemvig;3;665
2021-08-13;Struer;8;671
2021-08-13;Syddjurs;127;706
2021-08-13;Norddjurs;60;707
2021-08-13;Favrskov;90;710
2021-08-13;Odder;31;727
2021-08-13;Randers;104;730
2021-08-13;Silkeborg;184;740
2021-08-13;Samsø;1;741
2021-08-13;Skanderborg;118;746
2021-08-13;Århus;620;751
2021-08-13;Ikast-Brande;47;756
2021-08-13;Ringkøbing-Skjern;52;760
2021-08-13;Hedensted;58;766
2021-08-13;Morsø;9;773
2021-08-13;Skive;82;779
2021-08-13;Thisted;3;787
2021-08-13;Viborg;175;791
2021-08-13;Brønderslev;70;810
2021-08-13;Frederikshavn;10;813
2021-08-13;Vesthimmerland;11;820
2021-08-13;Rebild;4;840
2021-08-13;Mariagerfjord;18;846
2021-08-13;Jammerbugt;17;849
2021-08-13;Aalborg;645;851
2021-08-13;Hjørring;148;860
2021-08-14;København;915;101
2021-08-14;Frederiksberg;153;147
2021-08-14;Ballerup;58;151
2021-08-14;Brøndby;12;153
2021-08-14;Dragør;16;155
2021-08-14;Gentofte;88;157
2021-08-14;Gladsaxe;90;159
2021-08-14;Glostrup;14;161
2021-08-14;Herlev;33;163
2021-08-14;Albertslund;13;165
2021-08-14;Hvidovre;51;167
2021-08-14;Høje Tåstrup;36;169
2021-08-14;Lyngby-Taarbæk;43;173
2021-08-14;Rødovre;50;175
2021-08-14;Ishøj;4;183
2021-08-14;Tårnby;78;185
2021-08-14;Vallensbæk;2;187
2021-08-14;Furesø;46;190
2021-08-14;Allerød;24;201
2021-08-14;Fredensborg;25;210
2021-08-14;Helsingør;18;217
2021-08-14;Hillerød;38;219
2021-08-14;Hørsholm;28;223
2021-08-14;Rudersdal;35;230
2021-08-14;Egedal;59;240
2021-08-14;Frederikssund;20;250
2021-08-14;Greve;20;253
2021-08-14;Køge;32;259
2021-08-14;Halsnæs;24;260
2021-08-14;Roskilde;156;265
2021-08-14;Solrød;14;269
2021-08-14;Gribskov;32;270
2021-08-14;Odsherred;17;306
2021-08-14;Holbæk;91;316
2021-08-14;Faxe;25;320
2021-08-14;Kalundborg;30;326
2021-08-14;Ringsted;26;329
2021-08-14;Slagelse;51;330
2021-08-14;Stevns;19;336
2021-08-14;Sorø;23;340
2021-08-14;Lejre;31;350
2021-08-14;Lolland;41;360
2021-08-14;Næstved;72;370
2021-08-14;Guldborgsund;79;376
2021-08-14;Vordingborg;48;390
2021-08-14;Bornholm;42;400
2021-08-14;Middelfart;23;410
2021-08-14;Assens;8;420
2021-08-14;Faaborg-Midtfyn;27;430
2021-08-14;Kerteminde;3;440
2021-08-14;Nyborg;8;450
2021-08-14;Odense;28;461
2021-08-14;Svendborg;45;479
2021-08-14;Nordfyn;3;480
2021-08-14;Langeland;4;482
2021-08-14;Haderslev;33;510
2021-08-14;Billund;7;530
2021-08-14;Sønderborg;55;540
2021-08-14;Tønder;13;550
2021-08-14;Esbjerg;103;561
2021-08-14;Fanø;2;563
2021-08-14;Varde;39;573
2021-08-14;Vejen;129;575
2021-08-14;Aabenraa;32;580
2021-08-14;Fredericia;46;607
2021-08-14;Horsens;73;615
2021-08-14;Kolding;91;621
2021-08-14;Vejle;267;630
2021-08-14;Herning;3;657
2021-08-14;Lemvig;2;665
2021-08-14;Syddjurs;2;706
2021-08-14;Norddjurs;1;707
2021-08-14;Favrskov;23;710
2021-08-14;Randers;6;730
2021-08-14;Silkeborg;9;740
2021-08-14;Skanderborg;56;746
2021-08-14;Århus;250;751
2021-08-14;Ikast-Brande;1;756
2021-08-14;Ringkøbing-Skjern;7;760
2021-08-14;Hedensted;11;766
2021-08-14;Skive;3;779
2021-08-14;Thisted;1;787
2021-08-14;Viborg;3;791
2021-08-14;Brønderslev;1;810
2021-08-14;Frederikshavn;2;813
2021-08-14;Vesthimmerland;3;820
2021-08-14;Rebild;9;840
2021-08-14;Mariagerfjord;65;846
2021-08-14;Aalborg;13;851
2021-08-14;Hjørring;3;860
2021-08-15;København;1115;101
2021-08-15;Frederiksberg;188;147
2021-08-15;Ballerup;24;151
2021-08-15;Brøndby;52;153
2021-08-15;Dragør;29;155
2021-08-15;Gentofte;97;157
2021-08-15;Gladsaxe;38;159
2021-08-15;Glostrup;19;161
2021-08-15;Herlev;14;163
2021-08-15;Albertslund;38;165
2021-08-15;Hvidovre;85;167
2021-08-15;Høje Tåstrup;76;169
2021-08-15;Lyngby-Taarbæk;46;173
2021-08-15;Rødovre;47;175
2021-08-15;Ishøj;36;183
2021-08-15;Tårnby;90;185
2021-08-15;Vallensbæk;21;187
2021-08-15;Furesø;31;190
2021-08-15;Allerød;22;201
2021-08-15;Fredensborg;30;210
2021-08-15;Helsingør;17;217
2021-08-15;Hillerød;44;219
2021-08-15;Hørsholm;14;223
2021-08-15;Rudersdal;41;230
2021-08-15;Egedal;16;240
2021-08-15;Frederikssund;26;250
2021-08-15;Greve;55;253
2021-08-15;Køge;30;259
2021-08-15;Halsnæs;21;260
2021-08-15;Roskilde;65;265
2021-08-15;Solrød;25;269
2021-08-15;Gribskov;22;270
2021-08-15;Odsherred;12;306
2021-08-15;Holbæk;56;316
2021-08-15;Faxe;3;320
2021-08-15;Kalundborg;21;326
2021-08-15;Ringsted;15;329
2021-08-15;Slagelse;46;330
2021-08-15;Stevns;18;336
2021-08-15;Sorø;16;340
2021-08-15;Lejre;19;350
2021-08-15;Lolland;4;360
2021-08-15;Næstved;38;370
2021-08-15;Guldborgsund;29;376
2021-08-15;Vordingborg;5;390
2021-08-15;Bornholm;2;400
2021-08-15;Middelfart;20;410
2021-08-15;Assens;22;420
2021-08-15;Faaborg-Midtfyn;51;430
2021-08-15;Kerteminde;12;440
2021-08-15;Nyborg;21;450
2021-08-15;Odense;126;461
2021-08-15;Svendborg;69;479
2021-08-15;Nordfyn;20;480
2021-08-15;Langeland;8;482
2021-08-15;Haderslev;25;510
2021-08-15;Billund;24;530
2021-08-15;Sønderborg;47;540
2021-08-15;Tønder;11;550
2021-08-15;Esbjerg;96;561
2021-08-15;Fanø;2;563
2021-08-15;Varde;159;573
2021-08-15;Vejen;24;575
2021-08-15;Aabenraa;30;580
2021-08-15;Fredericia;30;607
2021-08-15;Horsens;62;615
2021-08-15;Kolding;45;621
2021-08-15;Vejle;86;630
2021-08-15;Herning;3;657
2021-08-15;Holstebro;1;661
2021-08-15;Syddjurs;3;706
2021-08-15;Norddjurs;1;707
2021-08-15;Favrskov;16;710
2021-08-15;Odder;3;727
2021-08-15;Randers;8;730
2021-08-15;Silkeborg;3;740
2021-08-15;Skanderborg;56;746
2021-08-15;Århus;167;751
2021-08-15;Ikast-Brande;5;756
2021-08-15;Ringkøbing-Skjern;34;760
2021-08-15;Hedensted;12;766
2021-08-15;Morsø;26;773
2021-08-15;Skive;4;779
2021-08-15;Thisted;103;787
2021-08-15;Viborg;4;791
2021-08-15;Brønderslev;26;810
2021-08-15;Frederikshavn;182;813
2021-08-15;Vesthimmerland;5;820
2021-08-15;Rebild;9;840
2021-08-15;Mariagerfjord;54;846
2021-08-15;Jammerbugt;11;849
2021-08-15;Aalborg;20;851
2021-08-15;Hjørring;12;860
2021-08-16;København;1418;101
2021-08-16;Frederiksberg;188;147
2021-08-16;Ballerup;77;151
2021-08-16;Brøndby;43;153
2021-08-16;Dragør;14;155
2021-08-16;Gentofte;88;157
2021-08-16;Gladsaxe;98;159
2021-08-16;Glostrup;33;161
2021-08-16;Herlev;34;163
2021-08-16;Albertslund;43;165
2021-08-16;Hvidovre;68;167
2021-08-16;Høje Tåstrup;62;169
2021-08-16;Lyngby-Taarbæk;50;173
2021-08-16;Rødovre;66;175
2021-08-16;Ishøj;44;183
2021-08-16;Tårnby;76;185
2021-08-16;Vallensbæk;17;187
2021-08-16;Furesø;51;190
2021-08-16;Allerød;20;201
2021-08-16;Fredensborg;66;210
2021-08-16;Helsingør;185;217
2021-08-16;Hillerød;50;219
2021-08-16;Hørsholm;21;223
2021-08-16;Rudersdal;32;230
2021-08-16;Egedal;51;240
2021-08-16;Frederikssund;27;250
2021-08-16;Greve;71;253
2021-08-16;Køge;65;259
2021-08-16;Halsnæs;32;260
2021-08-16;Roskilde;92;265
2021-08-16;Solrød;17;269
2021-08-16;Gribskov;42;270
2021-08-16;Odsherred;31;306
2021-08-16;Holbæk;71;316
2021-08-16;Faxe;27;320
2021-08-16;Kalundborg;44;326
2021-08-16;Ringsted;31;329
2021-08-16;Slagelse;71;330
2021-08-16;Stevns;23;336
2021-08-16;Sorø;16;340
2021-08-16;Lejre;36;350
2021-08-16;Lolland;21;360
2021-08-16;Næstved;49;370
2021-08-16;Guldborgsund;61;376
2021-08-16;Vordingborg;28;390
2021-08-16;Bornholm;41;400
2021-08-16;Middelfart;48;410
2021-08-16;Assens;37;420
2021-08-16;Faaborg-Midtfyn;84;430
2021-08-16;Kerteminde;21;440
2021-08-16;Nyborg;21;450
2021-08-16;Odense;284;461
2021-08-16;Svendborg;52;479
2021-08-16;Nordfyn;21;480
2021-08-16;Langeland;3;482
2021-08-16;Ærø;2;492
2021-08-16;Haderslev;25;510
2021-08-16;Billund;8;530
2021-08-16;Sønderborg;121;540
2021-08-16;Tønder;225;550
2021-08-16;Esbjerg;140;561
2021-08-16;Fanø;3;563
2021-08-16;Varde;16;573
2021-08-16;Vejen;29;575
2021-08-16;Aabenraa;81;580
2021-08-16;Fredericia;59;607
2021-08-16;Horsens;159;615
2021-08-16;Kolding;269;621
2021-08-16;Vejle;158;630
2021-08-16;Herning;31;657
2021-08-16;Holstebro;12;661
2021-08-16;Lemvig;14;665
2021-08-16;Struer;2;671
2021-08-16;Syddjurs;31;706
2021-08-16;Norddjurs;53;707
2021-08-16;Favrskov;40;710
2021-08-16;Odder;17;727
2021-08-16;Randers;199;730
2021-08-16;Silkeborg;153;740
2021-08-16;Skanderborg;57;746
2021-08-16;Århus;374;751
2021-08-16;Ikast-Brande;14;756
2021-08-16;Ringkøbing-Skjern;10;760
2021-08-16;Hedensted;61;766
2021-08-16;Skive;14;779
2021-08-16;Viborg;106;791
2021-08-16;Brønderslev;42;810
2021-08-16;Frederikshavn;72;813
2021-08-16;Vesthimmerland;2;820
2021-08-16;Rebild;8;840
2021-08-16;Mariagerfjord;11;846
2021-08-16;Jammerbugt;16;849
2021-08-16;Aalborg;195;851
2021-08-16;Hjørring;77;860
2021-08-17;København;1148;101
2021-08-17;Frederiksberg;173;147
2021-08-17;Ballerup;44;151
2021-08-17;Brøndby;30;153
2021-08-17;Dragør;27;155
2021-08-17;Gentofte;109;157
2021-08-17;Gladsaxe;62;159
2021-08-17;Glostrup;24;161
2021-08-17;Herlev;33;163
2021-08-17;Albertslund;21;165
2021-08-17;Hvidovre;61;167
2021-08-17;Høje Tåstrup;45;169
2021-08-17;Lyngby-Taarbæk;119;173
2021-08-17;Rødovre;43;175
2021-08-17;Ishøj;16;183
2021-08-17;Tårnby;66;185
2021-08-17;Vallensbæk;12;187
2021-08-17;Furesø;59;190
2021-08-17;Allerød;26;201
2021-08-17;Fredensborg;29;210
2021-08-17;Helsingør;42;217
2021-08-17;Hillerød;48;219
2021-08-17;Hørsholm;25;223
2021-08-17;Rudersdal;120;230
2021-08-17;Egedal;42;240
2021-08-17;Frederikssund;18;250
2021-08-17;Greve;40;253
2021-08-17;Køge;61;259
2021-08-17;Halsnæs;15;260
2021-08-17;Roskilde;66;265
2021-08-17;Solrød;11;269
2021-08-17;Gribskov;24;270
2021-08-17;Odsherred;20;306
2021-08-17;Holbæk;54;316
2021-08-17;Faxe;26;320
2021-08-17;Kalundborg;32;326
2021-08-17;Ringsted;39;329
2021-08-17;Slagelse;51;330
2021-08-17;Stevns;15;336
2021-08-17;Sorø;15;340
2021-08-17;Lejre;14;350
2021-08-17;Lolland;10;360
2021-08-17;Næstved;92;370
2021-08-17;Guldborgsund;57;376
2021-08-17;Vordingborg;81;390
2021-08-17;Bornholm;37;400
2021-08-17;Middelfart;22;410
2021-08-17;Assens;28;420
2021-08-17;Faaborg-Midtfyn;30;430
2021-08-17;Kerteminde;22;440
2021-08-17;Nyborg;49;450
2021-08-17;Odense;278;461
2021-08-17;Svendborg;42;479
2021-08-17;Nordfyn;18;480
2021-08-17;Langeland;4;482
2021-08-17;Ærø;2;492
2021-08-17;Haderslev;217;510
2021-08-17;Billund;9;530
2021-08-17;Sønderborg;77;540
2021-08-17;Tønder;19;550
2021-08-17;Esbjerg;111;561
2021-08-17;Fanø;1;563
2021-08-17;Varde;16;573
2021-08-17;Vejen;22;575
2021-08-17;Aabenraa;71;580
2021-08-17;Fredericia;34;607
2021-08-17;Horsens;70;615
2021-08-17;Kolding;76;621
2021-08-17;Vejle;101;630
2021-08-17;Herning;54;657
2021-08-17;Holstebro;20;661
2021-08-17;Lemvig;2;665
2021-08-17;Struer;6;671
2021-08-17;Syddjurs;73;706
2021-08-17;Norddjurs;21;707
2021-08-17;Favrskov;65;710
2021-08-17;Odder;17;727
2021-08-17;Randers;123;730
2021-08-17;Silkeborg;125;740
2021-08-17;Skanderborg;98;746
2021-08-17;Århus;621;751
2021-08-17;Ikast-Brande;9;756
2021-08-17;Ringkøbing-Skjern;145;760
2021-08-17;Hedensted;42;766
2021-08-17;Morsø;1;773
2021-08-17;Skive;13;779
2021-08-17;Thisted;1;787
2021-08-17;Viborg;68;791
2021-08-17;Brønderslev;105;810
2021-08-17;Frederikshavn;121;813
2021-08-17;Vesthimmerland;15;820
2021-08-17;Læsø;1;825
2021-08-17;Rebild;53;840
2021-08-17;Mariagerfjord;70;846
2021-08-17;Jammerbugt;58;849
2021-08-17;Aalborg;575;851
2021-08-17;Hjørring;159;860
2021-08-18;København;804;101
2021-08-18;Frederiksberg;111;147
2021-08-18;Ballerup;50;151
2021-08-18;Brøndby;25;153
2021-08-18;Dragør;12;155
2021-08-18;Gentofte;83;157
2021-08-18;Gladsaxe;58;159
2021-08-18;Glostrup;13;161
2021-08-18;Herlev;29;163
2021-08-18;Albertslund;24;165
2021-08-18;Hvidovre;48;167
2021-08-18;Høje Tåstrup;38;169
2021-08-18;Lyngby-Taarbæk;77;173
2021-08-18;Rødovre;31;175
2021-08-18;Ishøj;35;183
2021-08-18;Tårnby;36;185
2021-08-18;Vallensbæk;14;187
2021-08-18;Furesø;47;190
2021-08-18;Allerød;14;201
2021-08-18;Fredensborg;29;210
2021-08-18;Helsingør;7;217
2021-08-18;Hillerød;50;219
2021-08-18;Hørsholm;22;223
2021-08-18;Rudersdal;69;230
2021-08-18;Egedal;31;240
2021-08-18;Frederikssund;12;250
2021-08-18;Greve;52;253
2021-08-18;Køge;45;259
2021-08-18;Halsnæs;15;260
2021-08-18;Roskilde;67;265
2021-08-18;Solrød;40;269
2021-08-18;Gribskov;21;270
2021-08-18;Odsherred;18;306
2021-08-18;Holbæk;55;316
2021-08-18;Faxe;37;320
2021-08-18;Kalundborg;49;326
2021-08-18;Ringsted;12;329
2021-08-18;Slagelse;65;330
2021-08-18;Stevns;25;336
2021-08-18;Sorø;27;340
2021-08-18;Lejre;20;350
2021-08-18;Lolland;53;360
2021-08-18;Næstved;60;370
2021-08-18;Guldborgsund;33;376
2021-08-18;Vordingborg;33;390
2021-08-18;Bornholm;17;400
2021-08-18;Middelfart;27;410
2021-08-18;Assens;152;420
2021-08-18;Faaborg-Midtfyn;44;430
2021-08-18;Kerteminde;39;440
2021-08-18;Nyborg;14;450
2021-08-18;Odense;330;461
2021-08-18;Svendborg;24;479
2021-08-18;Nordfyn;43;480
2021-08-18;Langeland;1;482
2021-08-18;Ærø;1;492
2021-08-18;Haderslev;11;510
2021-08-18;Billund;4;530
2021-08-18;Sønderborg;53;540
2021-08-18;Tønder;19;550
2021-08-18;Esbjerg;123;561
2021-08-18;Fanø;4;563
2021-08-18;Varde;44;573
2021-08-18;Vejen;12;575
2021-08-18;Aabenraa;42;580
2021-08-18;Fredericia;27;607
2021-08-18;Horsens;147;615
2021-08-18;Kolding;40;621
2021-08-18;Vejle;58;630
2021-08-18;Herning;137;657
2021-08-18;Holstebro;23;661
2021-08-18;Lemvig;10;665
2021-08-18;Struer;61;671
2021-08-18;Syddjurs;53;706
2021-08-18;Norddjurs;23;707
2021-08-18;Favrskov;29;710
2021-08-18;Odder;34;727
2021-08-18;Randers;68;730
2021-08-18;Silkeborg;126;740
2021-08-18;Samsø;16;741
2021-08-18;Skanderborg;99;746
2021-08-18;Århus;346;751
2021-08-18;Ikast-Brande;34;756
2021-08-18;Ringkøbing-Skjern;78;760
2021-08-18;Hedensted;78;766
2021-08-18;Morsø;37;773
2021-08-18;Skive;46;779
2021-08-18;Thisted;102;787
2021-08-18;Viborg;74;791
2021-08-18;Brønderslev;4;810
2021-08-18;Frederikshavn;24;813
2021-08-18;Vesthimmerland;117;820
2021-08-18;Rebild;45;840
2021-08-18;Mariagerfjord;44;846
2021-08-18;Jammerbugt;29;849
2021-08-18;Aalborg;52;851
2021-08-18;Hjørring;1;860
2021-08-19;København;831;101
2021-08-19;Frederiksberg;118;147
2021-08-19;Ballerup;21;151
2021-08-19;Brøndby;18;153
2021-08-19;Dragør;19;155
2021-08-19;Gentofte;46;157
2021-08-19;Gladsaxe;41;159
2021-08-19;Glostrup;21;161
2021-08-19;Herlev;21;163
2021-08-19;Albertslund;18;165
2021-08-19;Hvidovre;38;167
2021-08-19;Høje Tåstrup;33;169
2021-08-19;Lyngby-Taarbæk;31;173
2021-08-19;Rødovre;25;175
2021-08-19;Ishøj;27;183
2021-08-19;Tårnby;34;185
2021-08-19;Vallensbæk;10;187
2021-08-19;Furesø;19;190
2021-08-19;Allerød;6;201
2021-08-19;Fredensborg;36;210
2021-08-19;Helsingør;101;217
2021-08-19;Hillerød;11;219
2021-08-19;Hørsholm;6;223
2021-08-19;Rudersdal;25;230
2021-08-19;Egedal;48;240
2021-08-19;Frederikssund;230;250
2021-08-19;Greve;19;253
2021-08-19;Køge;47;259
2021-08-19;Halsnæs;44;260
2021-08-19;Roskilde;69;265
2021-08-19;Solrød;12;269
2021-08-19;Gribskov;13;270
2021-08-19;Odsherred;3;306
2021-08-19;Holbæk;13;316
2021-08-19;Faxe;26;320
2021-08-19;Kalundborg;23;326
2021-08-19;Ringsted;52;329
2021-08-19;Slagelse;70;330
2021-08-19;Stevns;11;336
2021-08-19;Sorø;25;340
2021-08-19;Lejre;18;350
2021-08-19;Lolland;50;360
2021-08-19;Næstved;53;370
2021-08-19;Guldborgsund;47;376
2021-08-19;Vordingborg;25;390
2021-08-19;Bornholm;12;400
2021-08-19;Middelfart;11;410
2021-08-19;Assens;45;420
2021-08-19;Faaborg-Midtfyn;97;430
2021-08-19;Kerteminde;37;440
2021-08-19;Nyborg;185;450
2021-08-19;Odense;307;461
2021-08-19;Svendborg;66;479
2021-08-19;Nordfyn;41;480
2021-08-19;Langeland;7;482
2021-08-19;Haderslev;133;510
2021-08-19;Billund;87;530
2021-08-19;Sønderborg;67;540
2021-08-19;Tønder;31;550
2021-08-19;Esbjerg;75;561
2021-08-19;Fanø;2;563
2021-08-19;Varde;18;573
2021-08-19;Vejen;18;575
2021-08-19;Aabenraa;38;580
2021-08-19;Fredericia;32;607
2021-08-19;Horsens;74;615
2021-08-19;Kolding;109;621
2021-08-19;Vejle;108;630
2021-08-19;Herning;146;657
2021-08-19;Holstebro;195;661
2021-08-19;Lemvig;82;665
2021-08-19;Struer;24;671
2021-08-19;Syddjurs;34;706
2021-08-19;Norddjurs;29;707
2021-08-19;Favrskov;31;710
2021-08-19;Odder;20;727
2021-08-19;Randers;65;730
2021-08-19;Silkeborg;104;740
2021-08-19;Samsø;1;741
2021-08-19;Skanderborg;57;746
2021-08-19;Århus;325;751
2021-08-19;Ikast-Brande;105;756
2021-08-19;Ringkøbing-Skjern;47;760
2021-08-19;Hedensted;27;766
2021-08-19;Morsø;6;773
2021-08-19;Skive;37;779
2021-08-19;Thisted;1;787
2021-08-19;Viborg;75;791
2021-08-19;Brønderslev;63;810
2021-08-19;Frederikshavn;10;813
2021-08-19;Vesthimmerland;39;820
2021-08-19;Læsø;19;825
2021-08-19;Rebild;33;840
2021-08-19;Mariagerfjord;41;846
2021-08-19;Jammerbugt;33;849
2021-08-19;Aalborg;360;851
2021-08-19;Hjørring;137;860
2021-08-20;København;737;101
2021-08-20;Frederiksberg;120;147
2021-08-20;Ballerup;72;151
2021-08-20;Brøndby;36;153
2021-08-20;Dragør;14;155
2021-08-20;Gentofte;63;157
2021-08-20;Gladsaxe;78;159
2021-08-20;Glostrup;26;161
2021-08-20;Herlev;31;163
2021-08-20;Albertslund;40;165
2021-08-20;Hvidovre;57;167
2021-08-20;Høje Tåstrup;66;169
2021-08-20;Lyngby-Taarbæk;42;173
2021-08-20;Rødovre;29;175
2021-08-20;Ishøj;40;183
2021-08-20;Tårnby;45;185
2021-08-20;Vallensbæk;25;187
2021-08-20;Furesø;32;190
2021-08-20;Allerød;31;201
2021-08-20;Fredensborg;21;210
2021-08-20;Helsingør;21;217
2021-08-20;Hillerød;44;219
2021-08-20;Hørsholm;19;223
2021-08-20;Rudersdal;43;230
2021-08-20;Egedal;34;240
2021-08-20;Frederikssund;26;250
2021-08-20;Greve;45;253
2021-08-20;Køge;38;259
2021-08-20;Halsnæs;25;260
2021-08-20;Roskilde;117;265
2021-08-20;Solrød;26;269
2021-08-20;Gribskov;39;270
2021-08-20;Odsherred;29;306
2021-08-20;Holbæk;44;316
2021-08-20;Faxe;26;320
2021-08-20;Kalundborg;24;326
2021-08-20;Ringsted;31;329
2021-08-20;Slagelse;134;330
2021-08-20;Stevns;12;336
2021-08-20;Sorø;33;340
2021-08-20;Lejre;26;350
2021-08-20;Lolland;17;360
2021-08-20;Næstved;80;370
2021-08-20;Guldborgsund;34;376
2021-08-20;Vordingborg;25;390
2021-08-20;Bornholm;14;400
2021-08-20;Middelfart;18;410
2021-08-20;Assens;28;420
2021-08-20;Faaborg-Midtfyn;48;430
2021-08-20;Kerteminde;47;440
2021-08-20;Nyborg;16;450
2021-08-20;Odense;305;461
2021-08-20;Svendborg;59;479
2021-08-20;Nordfyn;30;480
2021-08-20;Langeland;13;482
2021-08-20;Ærø;1;492
2021-08-20;Haderslev;29;510
2021-08-20;Billund;3;530
2021-08-20;Sønderborg;57;540
2021-08-20;Tønder;14;550
2021-08-20;Esbjerg;110;561
2021-08-20;Fanø;3;563
2021-08-20;Varde;19;573
2021-08-20;Vejen;83;575
2021-08-20;Aabenraa;49;580
2021-08-20;Fredericia;20;607
2021-08-20;Horsens;52;615
2021-08-20;Kolding;57;621
2021-08-20;Vejle;66;630
2021-08-20;Herning;144;657
2021-08-20;Holstebro;40;661
2021-08-20;Struer;1;671
2021-08-20;Syddjurs;43;706
2021-08-20;Norddjurs;32;707
2021-08-20;Favrskov;30;710
2021-08-20;Odder;19;727
2021-08-20;Randers;83;730
2021-08-20;Silkeborg;85;740
2021-08-20;Samsø;1;741
2021-08-20;Skanderborg;55;746
2021-08-20;Århus;311;751
2021-08-20;Ikast-Brande;24;756
2021-08-20;Ringkøbing-Skjern;30;760
2021-08-20;Hedensted;24;766
2021-08-20;Morsø;2;773
2021-08-20;Skive;31;779
2021-08-20;Thisted;1;787
2021-08-20;Viborg;110;791
2021-08-20;Brønderslev;11;810
2021-08-20;Frederikshavn;52;813
2021-08-20;Vesthimmerland;4;820
2021-08-20;Rebild;9;840
2021-08-20;Mariagerfjord;54;846
2021-08-20;Jammerbugt;3;849
2021-08-20;Aalborg;30;851
2021-08-20;Hjørring;9;860
2021-08-21;København;632;101
2021-08-21;Frederiksberg;79;147
2021-08-21;Ballerup;43;151
2021-08-21;Brøndby;36;153
2021-08-21;Dragør;16;155
2021-08-21;Gentofte;56;157
2021-08-21;Gladsaxe;61;159
2021-08-21;Glostrup;26;161
2021-08-21;Herlev;24;163
2021-08-21;Albertslund;31;165
2021-08-21;Hvidovre;39;167
2021-08-21;Høje Tåstrup;53;169
2021-08-21;Lyngby-Taarbæk;39;173
2021-08-21;Rødovre;37;175
2021-08-21;Ishøj;19;183
2021-08-21;Tårnby;32;185
2021-08-21;Vallensbæk;15;187
2021-08-21;Furesø;28;190
2021-08-21;Allerød;11;201
2021-08-21;Fredensborg;27;210
2021-08-21;Helsingør;6;217
2021-08-21;Hillerød;19;219
2021-08-21;Hørsholm;14;223
2021-08-21;Rudersdal;26;230
2021-08-21;Egedal;33;240
2021-08-21;Frederikssund;20;250
2021-08-21;Greve;43;253
2021-08-21;Køge;32;259
2021-08-21;Halsnæs;13;260
2021-08-21;Roskilde;78;265
2021-08-21;Solrød;8;269
2021-08-21;Gribskov;19;270
2021-08-21;Odsherred;17;306
2021-08-21;Holbæk;50;316
2021-08-21;Faxe;9;320
2021-08-21;Kalundborg;30;326
2021-08-21;Ringsted;12;329
2021-08-21;Slagelse;34;330
2021-08-21;Stevns;7;336
2021-08-21;Sorø;17;340
2021-08-21;Lejre;7;350
2021-08-21;Lolland;42;360
2021-08-21;Næstved;31;370
2021-08-21;Guldborgsund;53;376
2021-08-21;Vordingborg;22;390
2021-08-21;Bornholm;21;400
2021-08-21;Middelfart;20;410
2021-08-21;Assens;8;420
2021-08-21;Faaborg-Midtfyn;31;430
2021-08-21;Kerteminde;3;440
2021-08-21;Nyborg;15;450
2021-08-21;Odense;189;461
2021-08-21;Svendborg;45;479
2021-08-21;Nordfyn;12;480
2021-08-21;Langeland;11;482
2021-08-21;Ærø;2;492
2021-08-21;Haderslev;45;510
2021-08-21;Billund;4;530
2021-08-21;Sønderborg;43;540
2021-08-21;Tønder;15;550
2021-08-21;Esbjerg;70;561
2021-08-21;Fanø;1;563
2021-08-21;Varde;34;573
2021-08-21;Vejen;56;575
2021-08-21;Aabenraa;29;580
2021-08-21;Fredericia;36;607
2021-08-21;Horsens;86;615
2021-08-21;Kolding;176;621
2021-08-21;Vejle;186;630
2021-08-21;Herning;4;657
2021-08-21;Holstebro;28;661
2021-08-21;Lemvig;1;665
2021-08-21;Struer;6;671
2021-08-21;Syddjurs;6;706
2021-08-21;Norddjurs;2;707
2021-08-21;Favrskov;18;710
2021-08-21;Odder;4;727
2021-08-21;Randers;4;730
2021-08-21;Silkeborg;4;740
2021-08-21;Samsø;1;741
2021-08-21;Skanderborg;16;746
2021-08-21;Århus;265;751
2021-08-21;Ikast-Brande;6;756
2021-08-21;Ringkøbing-Skjern;12;760
2021-08-21;Hedensted;16;766
2021-08-21;Morsø;26;773
2021-08-21;Skive;1;779
2021-08-21;Thisted;94;787
2021-08-21;Viborg;2;791
2021-08-21;Brønderslev;68;810
2021-08-21;Frederikshavn;56;813
2021-08-21;Vesthimmerland;97;820
2021-08-21;Rebild;56;840
2021-08-21;Mariagerfjord;11;846
2021-08-21;Jammerbugt;93;849
2021-08-21;Aalborg;474;851
2021-08-21;Hjørring;87;860
2021-08-22;København;451;101
2021-08-22;Frederiksberg;77;147
2021-08-22;Ballerup;24;151
2021-08-22;Brøndby;7;153
2021-08-22;Dragør;12;155
2021-08-22;Gentofte;61;157
2021-08-22;Gladsaxe;61;159
2021-08-22;Glostrup;10;161
2021-08-22;Herlev;26;163
2021-08-22;Albertslund;12;165
2021-08-22;Hvidovre;32;167
2021-08-22;Høje Tåstrup;14;169
2021-08-22;Lyngby-Taarbæk;36;173
2021-08-22;Rødovre;33;175
2021-08-22;Ishøj;8;183
2021-08-22;Tårnby;35;185
2021-08-22;Vallensbæk;4;187
2021-08-22;Furesø;32;190
2021-08-22;Allerød;24;201
2021-08-22;Fredensborg;17;210
2021-08-22;Helsingør;7;217
2021-08-22;Hillerød;37;219
2021-08-22;Hørsholm;14;223
2021-08-22;Rudersdal;35;230
2021-08-22;Egedal;32;240
2021-08-22;Frederikssund;23;250
2021-08-22;Greve;14;253
2021-08-22;Køge;38;259
2021-08-22;Halsnæs;14;260
2021-08-22;Roskilde;61;265
2021-08-22;Solrød;15;269
2021-08-22;Gribskov;29;270
2021-08-22;Odsherred;10;306
2021-08-22;Holbæk;38;316
2021-08-22;Faxe;19;320
2021-08-22;Kalundborg;9;326
2021-08-22;Ringsted;11;329
2021-08-22;Slagelse;40;330
2021-08-22;Stevns;8;336
2021-08-22;Sorø;18;340
2021-08-22;Lejre;15;350
2021-08-22;Lolland;8;360
2021-08-22;Næstved;47;370
2021-08-22;Guldborgsund;9;376
2021-08-22;Vordingborg;5;390
2021-08-22;Bornholm;8;400
2021-08-22;Middelfart;26;410
2021-08-22;Assens;25;420
2021-08-22;Faaborg-Midtfyn;30;430
2021-08-22;Kerteminde;30;440
2021-08-22;Nyborg;22;450
2021-08-22;Odense;223;461
2021-08-22;Svendborg;60;479
2021-08-22;Nordfyn;30;480
2021-08-22;Langeland;3;482
2021-08-22;Haderslev;26;510
2021-08-22;Billund;9;530
2021-08-22;Sønderborg;50;540
2021-08-22;Tønder;14;550
2021-08-22;Esbjerg;50;561
2021-08-22;Fanø;4;563
2021-08-22;Varde;52;573
2021-08-22;Vejen;24;575
2021-08-22;Aabenraa;33;580
2021-08-22;Fredericia;39;607
2021-08-22;Horsens;73;615
2021-08-22;Kolding;102;621
2021-08-22;Vejle;141;630
2021-08-22;Holstebro;2;661
2021-08-22;Syddjurs;3;706
2021-08-22;Norddjurs;2;707
2021-08-22;Favrskov;20;710
2021-08-22;Odder;5;727
2021-08-22;Randers;4;730
2021-08-22;Silkeborg;3;740
2021-08-22;Skanderborg;12;746
2021-08-22;Århus;184;751
2021-08-22;Ikast-Brande;5;756
2021-08-22;Ringkøbing-Skjern;8;760
2021-08-22;Hedensted;8;766
2021-08-22;Viborg;2;791
2021-08-22;Brønderslev;4;810
2021-08-22;Frederikshavn;2;813
2021-08-22;Rebild;2;840
2021-08-22;Mariagerfjord;2;846
2021-08-22;Aalborg;160;851
2021-08-22;Hjørring;5;860
2021-08-23;København;1016;101
2021-08-23;Frederiksberg;114;147
2021-08-23;Ballerup;40;151
2021-08-23;Brøndby;72;153
2021-08-23;Dragør;13;155
2021-08-23;Gentofte;59;157
2021-08-23;Gladsaxe;67;159
2021-08-23;Glostrup;17;161
2021-08-23;Herlev;29;163
2021-08-23;Albertslund;35;165
2021-08-23;Hvidovre;72;167
2021-08-23;Høje Tåstrup;73;169
2021-08-23;Lyngby-Taarbæk;34;173
2021-08-23;Rødovre;48;175
2021-08-23;Ishøj;25;183
2021-08-23;Tårnby;60;185
2021-08-23;Vallensbæk;21;187
2021-08-23;Furesø;31;190
2021-08-23;Allerød;17;201
2021-08-23;Fredensborg;62;210
2021-08-23;Helsingør;166;217
2021-08-23;Hillerød;36;219
2021-08-23;Hørsholm;33;223
2021-08-23;Rudersdal;45;230
2021-08-23;Egedal;29;240
2021-08-23;Frederikssund;33;250
2021-08-23;Greve;64;253
2021-08-23;Køge;42;259
2021-08-23;Halsnæs;14;260
2021-08-23;Roskilde;93;265
2021-08-23;Solrød;23;269
2021-08-23;Gribskov;43;270
2021-08-23;Odsherred;42;306
2021-08-23;Holbæk;91;316
2021-08-23;Faxe;27;320
2021-08-23;Kalundborg;79;326
2021-08-23;Ringsted;19;329
2021-08-23;Slagelse;51;330
2021-08-23;Stevns;18;336
2021-08-23;Sorø;6;340
2021-08-23;Lejre;33;350
2021-08-23;Lolland;25;360
2021-08-23;Næstved;64;370
2021-08-23;Guldborgsund;59;376
2021-08-23;Vordingborg;21;390
2021-08-23;Bornholm;11;400
2021-08-23;Middelfart;35;410
2021-08-23;Assens;52;420
2021-08-23;Faaborg-Midtfyn;35;430
2021-08-23;Kerteminde;31;440
2021-08-23;Nyborg;10;450
2021-08-23;Odense;190;461
2021-08-23;Svendborg;40;479
2021-08-23;Nordfyn;45;480
2021-08-23;Langeland;5;482
2021-08-23;Haderslev;29;510
2021-08-23;Billund;18;530
2021-08-23;Sønderborg;53;540
2021-08-23;Tønder;19;550
2021-08-23;Esbjerg;161;561
2021-08-23;Fanø;2;563
2021-08-23;Varde;36;573
2021-08-23;Vejen;24;575
2021-08-23;Aabenraa;37;580
2021-08-23;Fredericia;50;607
2021-08-23;Horsens;71;615
2021-08-23;Kolding;218;621
2021-08-23;Vejle;138;630
2021-08-23;Herning;109;657
2021-08-23;Holstebro;62;661
2021-08-23;Lemvig;43;665
2021-08-23;Struer;6;671
2021-08-23;Syddjurs;73;706
2021-08-23;Norddjurs;43;707
2021-08-23;Favrskov;44;710
2021-08-23;Odder;12;727
2021-08-23;Randers;140;730
2021-08-23;Silkeborg;110;740
2021-08-23;Samsø;1;741
2021-08-23;Skanderborg;43;746
2021-08-23;Århus;196;751
2021-08-23;Ikast-Brande;66;756
2021-08-23;Ringkøbing-Skjern;24;760
2021-08-23;Hedensted;37;766
2021-08-23;Morsø;3;773
2021-08-23;Skive;19;779
2021-08-23;Thisted;3;787
2021-08-23;Viborg;86;791
2021-08-23;Brønderslev;3;810
2021-08-23;Frederikshavn;2;813
2021-08-23;Vesthimmerland;31;820
2021-08-23;Rebild;19;840
2021-08-23;Mariagerfjord;7;846
2021-08-23;Jammerbugt;7;849
2021-08-23;Aalborg;119;851
2021-08-23;Hjørring;6;860
2021-08-24;København;722;101
2021-08-24;Frederiksberg;75;147
2021-08-24;Ballerup;32;151
2021-08-24;Brøndby;83;153
2021-08-24;Dragør;12;155
2021-08-24;Gentofte;55;157
2021-08-24;Gladsaxe;63;159
2021-08-24;Glostrup;22;161
2021-08-24;Herlev;19;163
2021-08-24;Albertslund;21;165
2021-08-24;Hvidovre;66;167
2021-08-24;Høje Tåstrup;74;169
2021-08-24;Lyngby-Taarbæk;52;173
2021-08-24;Rødovre;47;175
2021-08-24;Ishøj;20;183
2021-08-24;Tårnby;35;185
2021-08-24;Vallensbæk;5;187
2021-08-24;Furesø;25;190
2021-08-24;Allerød;11;201
2021-08-24;Fredensborg;35;210
2021-08-24;Helsingør;53;217
2021-08-24;Hillerød;47;219
2021-08-24;Hørsholm;21;223
2021-08-24;Rudersdal;57;230
2021-08-24;Egedal;42;240
2021-08-24;Frederikssund;23;250
2021-08-24;Greve;64;253
2021-08-24;Køge;77;259
2021-08-24;Halsnæs;24;260
2021-08-24;Roskilde;75;265
2021-08-24;Solrød;14;269
2021-08-24;Gribskov;35;270
2021-08-24;Odsherred;25;306
2021-08-24;Holbæk;79;316
2021-08-24;Faxe;23;320
2021-08-24;Kalundborg;47;326
2021-08-24;Ringsted;51;329
2021-08-24;Slagelse;74;330
2021-08-24;Stevns;24;336
2021-08-24;Sorø;18;340
2021-08-24;Lejre;19;350
2021-08-24;Lolland;13;360
2021-08-24;Næstved;72;370
2021-08-24;Guldborgsund;63;376
2021-08-24;Vordingborg;62;390
2021-08-24;Bornholm;45;400
2021-08-24;Middelfart;25;410
2021-08-24;Assens;28;420
2021-08-24;Faaborg-Midtfyn;39;430
2021-08-24;Kerteminde;37;440
2021-08-24;Nyborg;28;450
2021-08-24;Odense;292;461
2021-08-24;Svendborg;59;479
2021-08-24;Nordfyn;35;480
2021-08-24;Langeland;10;482
2021-08-24;Haderslev;51;510
2021-08-24;Billund;15;530
2021-08-24;Sønderborg;73;540
2021-08-24;Tønder;29;550
2021-08-24;Esbjerg;142;561
2021-08-24;Fanø;3;563
2021-08-24;Varde;20;573
2021-08-24;Vejen;19;575
2021-08-24;Aabenraa;55;580
2021-08-24;Fredericia;51;607
2021-08-24;Horsens;72;615
2021-08-24;Kolding;77;621
2021-08-24;Vejle;128;630
2021-08-24;Herning;130;657
2021-08-24;Holstebro;9;661
2021-08-24;Lemvig;4;665
2021-08-24;Struer;14;671
2021-08-24;Syddjurs;34;706
2021-08-24;Norddjurs;9;707
2021-08-24;Favrskov;46;710
2021-08-24;Odder;23;727
2021-08-24;Randers;69;730
2021-08-24;Silkeborg;114;740
2021-08-24;Skanderborg;94;746
2021-08-24;Århus;488;751
2021-08-24;Ikast-Brande;85;756
2021-08-24;Ringkøbing-Skjern;65;760
2021-08-24;Hedensted;25;766
2021-08-24;Morsø;7;773
2021-08-24;Skive;28;779
2021-08-24;Thisted;13;787
2021-08-24;Viborg;75;791
2021-08-24;Brønderslev;28;810
2021-08-24;Frederikshavn;79;813
2021-08-24;Vesthimmerland;51;820
2021-08-24;Rebild;53;840
2021-08-24;Mariagerfjord;10;846
2021-08-24;Jammerbugt;37;849
2021-08-24;Aalborg;280;851
2021-08-24;Hjørring;47;860
2021-08-25;København;706;101
2021-08-25;Frederiksberg;85;147
2021-08-25;Ballerup;37;151
2021-08-25;Brøndby;20;153
2021-08-25;Dragør;11;155
2021-08-25;Gentofte;58;157
2021-08-25;Gladsaxe;54;159
2021-08-25;Glostrup;26;161
2021-08-25;Herlev;23;163
2021-08-25;Albertslund;16;165
2021-08-25;Hvidovre;27;167
2021-08-25;Høje Tåstrup;29;169
2021-08-25;Lyngby-Taarbæk;55;173
2021-08-25;Rødovre;26;175
2021-08-25;Ishøj;24;183
2021-08-25;Tårnby;41;185
2021-08-25;Vallensbæk;18;187
2021-08-25;Furesø;31;190
2021-08-25;Allerød;18;201
2021-08-25;Fredensborg;28;210
2021-08-25;Helsingør;6;217
2021-08-25;Hillerød;32;219
2021-08-25;Hørsholm;11;223
2021-08-25;Rudersdal;51;230
2021-08-25;Egedal;29;240
2021-08-25;Frederikssund;22;250
2021-08-25;Greve;34;253
2021-08-25;Køge;32;259
2021-08-25;Halsnæs;12;260
2021-08-25;Roskilde;69;265
2021-08-25;Solrød;23;269
2021-08-25;Gribskov;16;270
2021-08-25;Odsherred;13;306
2021-08-25;Holbæk;78;316
2021-08-25;Faxe;38;320
2021-08-25;Kalundborg;102;326
2021-08-25;Ringsted;13;329
2021-08-25;Slagelse;94;330
2021-08-25;Stevns;15;336
2021-08-25;Sorø;44;340
2021-08-25;Lejre;25;350
2021-08-25;Lolland;59;360
2021-08-25;Næstved;46;370
2021-08-25;Guldborgsund;35;376
2021-08-25;Vordingborg;78;390
2021-08-25;Bornholm;41;400
2021-08-25;Middelfart;24;410
2021-08-25;Assens;121;420
2021-08-25;Faaborg-Midtfyn;51;430
2021-08-25;Kerteminde;17;440
2021-08-25;Nyborg;17;450
2021-08-25;Odense;131;461
2021-08-25;Svendborg;112;479
2021-08-25;Nordfyn;12;480
2021-08-25;Langeland;11;482
2021-08-25;Ærø;4;492
2021-08-25;Haderslev;28;510
2021-08-25;Billund;21;530
2021-08-25;Sønderborg;45;540
2021-08-25;Tønder;22;550
2021-08-25;Esbjerg;106;561
2021-08-25;Fanø;3;563
2021-08-25;Varde;49;573
2021-08-25;Vejen;16;575
2021-08-25;Aabenraa;40;580
2021-08-25;Fredericia;37;607
2021-08-25;Horsens;106;615
2021-08-25;Kolding;42;621
2021-08-25;Vejle;114;630
2021-08-25;Herning;61;657
2021-08-25;Holstebro;192;661
2021-08-25;Lemvig;6;665
2021-08-25;Struer;43;671
2021-08-25;Syddjurs;27;706
2021-08-25;Norddjurs;23;707
2021-08-25;Favrskov;17;710
2021-08-25;Odder;37;727
2021-08-25;Randers;74;730
2021-08-25;Silkeborg;79;740
2021-08-25;Samsø;12;741
2021-08-25;Skanderborg;44;746
2021-08-25;Århus;216;751
2021-08-25;Ikast-Brande;11;756
2021-08-25;Ringkøbing-Skjern;87;760
2021-08-25;Hedensted;57;766
2021-08-25;Morsø;15;773
2021-08-25;Skive;25;779
2021-08-25;Thisted;63;787
2021-08-25;Viborg;77;791
2021-08-25;Brønderslev;18;810
2021-08-25;Frederikshavn;61;813
2021-08-25;Vesthimmerland;1;820
2021-08-25;Rebild;17;840
2021-08-25;Mariagerfjord;86;846
2021-08-25;Jammerbugt;9;849
2021-08-25;Aalborg;116;851
2021-08-25;Hjørring;19;860
2021-08-26;København;597;101
2021-08-26;Frederiksberg;74;147
2021-08-26;Ballerup;32;151
2021-08-26;Brøndby;28;153
2021-08-26;Dragør;10;155
2021-08-26;Gentofte;43;157
2021-08-26;Gladsaxe;39;159
2021-08-26;Glostrup;11;161
2021-08-26;Herlev;18;163
2021-08-26;Albertslund;11;165
2021-08-26;Hvidovre;64;167
2021-08-26;Høje Tåstrup;36;169
2021-08-26;Lyngby-Taarbæk;42;173
2021-08-26;Rødovre;28;175
2021-08-26;Ishøj;27;183
2021-08-26;Tårnby;41;185
2021-08-26;Vallensbæk;14;187
2021-08-26;Furesø;22;190
2021-08-26;Allerød;16;201
2021-08-26;Fredensborg;21;210
2021-08-26;Helsingør;78;217
2021-08-26;Hillerød;32;219
2021-08-26;Hørsholm;11;223
2021-08-26;Rudersdal;23;230
2021-08-26;Egedal;28;240
2021-08-26;Frederikssund;39;250
2021-08-26;Greve;30;253
2021-08-26;Køge;33;259
2021-08-26;Halsnæs;18;260
2021-08-26;Roskilde;60;265
2021-08-26;Solrød;12;269
2021-08-26;Gribskov;15;270
2021-08-26;Odsherred;16;306
2021-08-26;Holbæk;54;316
2021-08-26;Faxe;24;320
2021-08-26;Kalundborg;28;326
2021-08-26;Ringsted;53;329
2021-08-26;Slagelse;70;330
2021-08-26;Stevns;7;336
2021-08-26;Sorø;29;340
2021-08-26;Lejre;17;350
2021-08-26;Lolland;44;360
2021-08-26;Næstved;58;370
2021-08-26;Guldborgsund;46;376
2021-08-26;Vordingborg;58;390
2021-08-26;Bornholm;23;400
2021-08-26;Middelfart;25;410
2021-08-26;Assens;22;420
2021-08-26;Faaborg-Midtfyn;19;430
2021-08-26;Kerteminde;22;440
2021-08-26;Nyborg;123;450
2021-08-26;Odense;149;461
2021-08-26;Svendborg;34;479
2021-08-26;Nordfyn;21;480
2021-08-26;Langeland;2;482
2021-08-26;Ærø;1;492
2021-08-26;Haderslev;35;510
2021-08-26;Billund;25;530
2021-08-26;Sønderborg;38;540
2021-08-26;Tønder;18;550
2021-08-26;Esbjerg;88;561
2021-08-26;Fanø;2;563
2021-08-26;Varde;20;573
2021-08-26;Vejen;12;575
2021-08-26;Aabenraa;37;580
2021-08-26;Fredericia;78;607
2021-08-26;Horsens;102;615
2021-08-26;Kolding;72;621
2021-08-26;Vejle;181;630
2021-08-26;Herning;26;657
2021-08-26;Holstebro;31;661
2021-08-26;Lemvig;19;665
2021-08-26;Struer;6;671
2021-08-26;Syddjurs;37;706
2021-08-26;Norddjurs;7;707
2021-08-26;Favrskov;40;710
2021-08-26;Odder;15;727
2021-08-26;Randers;65;730
2021-08-26;Silkeborg;88;740
2021-08-26;Samsø;1;741
2021-08-26;Skanderborg;31;746
2021-08-26;Århus;276;751
2021-08-26;Ikast-Brande;17;756
2021-08-26;Ringkøbing-Skjern;17;760
2021-08-26;Hedensted;22;766
2021-08-26;Morsø;13;773
2021-08-26;Skive;74;779
2021-08-26;Thisted;46;787
2021-08-26;Viborg;81;791
2021-08-26;Brønderslev;16;810
2021-08-26;Frederikshavn;1;813
2021-08-26;Vesthimmerland;6;820
2021-08-26;Rebild;19;840
2021-08-26;Mariagerfjord;49;846
2021-08-26;Jammerbugt;33;849
2021-08-26;Aalborg;252;851
2021-08-26;Hjørring;2;860
2021-08-27;København;605;101
2021-08-27;Frederiksberg;69;147
2021-08-27;Ballerup;30;151
2021-08-27;Brøndby;29;153
2021-08-27;Dragør;10;155
2021-08-27;Gentofte;50;157
2021-08-27;Gladsaxe;47;159
2021-08-27;Glostrup;18;161
2021-08-27;Herlev;12;163
2021-08-27;Albertslund;24;165
2021-08-27;Hvidovre;51;167
2021-08-27;Høje Tåstrup;46;169
2021-08-27;Lyngby-Taarbæk;40;173
2021-08-27;Rødovre;37;175
2021-08-27;Ishøj;23;183
2021-08-27;Tårnby;44;185
2021-08-27;Vallensbæk;17;187
2021-08-27;Furesø;24;190
2021-08-27;Allerød;16;201
2021-08-27;Fredensborg;26;210
2021-08-27;Helsingør;9;217
2021-08-27;Hillerød;30;219
2021-08-27;Hørsholm;9;223
2021-08-27;Rudersdal;24;230
2021-08-27;Egedal;30;240
2021-08-27;Frederikssund;31;250
2021-08-27;Greve;49;253
2021-08-27;Køge;52;259
2021-08-27;Halsnæs;17;260
2021-08-27;Roskilde;93;265
2021-08-27;Solrød;20;269
2021-08-27;Gribskov;23;270
2021-08-27;Odsherred;16;306
2021-08-27;Holbæk;33;316
2021-08-27;Faxe;20;320
2021-08-27;Kalundborg;18;326
2021-08-27;Ringsted;21;329
2021-08-27;Slagelse;55;330
2021-08-27;Stevns;18;336
2021-08-27;Sorø;21;340
2021-08-27;Lejre;25;350
2021-08-27;Lolland;7;360
2021-08-27;Næstved;73;370
2021-08-27;Guldborgsund;9;376
2021-08-27;Vordingborg;11;390
2021-08-27;Bornholm;37;400
2021-08-27;Middelfart;32;410
2021-08-27;Assens;30;420
2021-08-27;Faaborg-Midtfyn;35;430
2021-08-27;Kerteminde;29;440
2021-08-27;Nyborg;21;450
2021-08-27;Odense;285;461
2021-08-27;Svendborg;42;479
2021-08-27;Nordfyn;40;480
2021-08-27;Langeland;6;482
2021-08-27;Ærø;19;492
2021-08-27;Haderslev;51;510
2021-08-27;Billund;10;530
2021-08-27;Sønderborg;64;540
2021-08-27;Tønder;17;550
2021-08-27;Esbjerg;97;561
2021-08-27;Fanø;6;563
2021-08-27;Varde;29;573
2021-08-27;Vejen;43;575
2021-08-27;Aabenraa;49;580
2021-08-27;Fredericia;72;607
2021-08-27;Horsens;39;615
2021-08-27;Kolding;109;621
2021-08-27;Vejle;88;630
2021-08-27;Herning;40;657
2021-08-27;Holstebro;12;661
2021-08-27;Lemvig;1;665
2021-08-27;Syddjurs;49;706
2021-08-27;Norddjurs;43;707
2021-08-27;Favrskov;25;710
2021-08-27;Odder;21;727
2021-08-27;Randers;66;730
2021-08-27;Silkeborg;91;740
2021-08-27;Samsø;3;741
2021-08-27;Skanderborg;72;746
2021-08-27;Århus;306;751
2021-08-27;Ikast-Brande;18;756
2021-08-27;Ringkøbing-Skjern;14;760
2021-08-27;Hedensted;46;766
2021-08-27;Morsø;23;773
2021-08-27;Skive;41;779
2021-08-27;Thisted;40;787
2021-08-27;Viborg;94;791
2021-08-27;Brønderslev;55;810
2021-08-27;Frederikshavn;12;813
2021-08-27;Vesthimmerland;11;820
2021-08-27;Rebild;20;840
2021-08-27;Mariagerfjord;10;846
2021-08-27;Jammerbugt;34;849
2021-08-27;Aalborg;180;851
2021-08-27;Hjørring;131;860
2021-08-28;København;416;101
2021-08-28;Frederiksberg;66;147
2021-08-28;Ballerup;30;151
2021-08-28;Brøndby;14;153
2021-08-28;Dragør;10;155
2021-08-28;Gentofte;52;157
2021-08-28;Gladsaxe;43;159
2021-08-28;Glostrup;7;161
2021-08-28;Herlev;17;163
2021-08-28;Albertslund;19;165
2021-08-28;Hvidovre;25;167
2021-08-28;Høje Tåstrup;27;169
2021-08-28;Lyngby-Taarbæk;38;173
2021-08-28;Rødovre;26;175
2021-08-28;Ishøj;13;183
2021-08-28;Tårnby;18;185
2021-08-28;Vallensbæk;11;187
2021-08-28;Furesø;18;190
2021-08-28;Allerød;11;201
2021-08-28;Fredensborg;10;210
2021-08-28;Helsingør;12;217
2021-08-28;Hillerød;23;219
2021-08-28;Hørsholm;13;223
2021-08-28;Rudersdal;33;230
2021-08-28;Egedal;22;240
2021-08-28;Frederikssund;13;250
2021-08-28;Greve;26;253
2021-08-28;Køge;21;259
2021-08-28;Halsnæs;16;260
2021-08-28;Roskilde;38;265
2021-08-28;Solrød;12;269
2021-08-28;Gribskov;22;270
2021-08-28;Holbæk;7;316
2021-08-28;Faxe;8;320
2021-08-28;Kalundborg;12;326
2021-08-28;Ringsted;3;329
2021-08-28;Slagelse;25;330
2021-08-28;Stevns;8;336
2021-08-28;Sorø;12;340
2021-08-28;Lejre;5;350
2021-08-28;Lolland;23;360
2021-08-28;Næstved;20;370
2021-08-28;Guldborgsund;67;376
2021-08-28;Vordingborg;25;390
2021-08-28;Bornholm;29;400
2021-08-28;Middelfart;32;410
2021-08-28;Assens;29;420
2021-08-28;Faaborg-Midtfyn;27;430
2021-08-28;Kerteminde;14;440
2021-08-28;Nyborg;8;450
2021-08-28;Odense;221;461
2021-08-28;Svendborg;6;479
2021-08-28;Nordfyn;23;480
2021-08-28;Haderslev;39;510
2021-08-28;Billund;5;530
2021-08-28;Sønderborg;50;540
2021-08-28;Tønder;20;550
2021-08-28;Esbjerg;32;561
2021-08-28;Fanø;1;563
2021-08-28;Varde;21;573
2021-08-28;Vejen;30;575
2021-08-28;Aabenraa;34;580
2021-08-28;Fredericia;26;607
2021-08-28;Horsens;76;615
2021-08-28;Kolding;34;621
2021-08-28;Vejle;52;630
2021-08-28;Herning;1;657
2021-08-28;Holstebro;1;661
2021-08-28;Syddjurs;1;706
2021-08-28;Norddjurs;1;707
2021-08-28;Favrskov;4;710
2021-08-28;Odder;5;727
2021-08-28;Silkeborg;2;740
2021-08-28;Skanderborg;12;746
2021-08-28;Århus;114;751
2021-08-28;Ikast-Brande;4;756
2021-08-28;Ringkøbing-Skjern;7;760
2021-08-28;Hedensted;8;766
2021-08-28;Morsø;35;773
2021-08-28;Skive;6;779
2021-08-28;Thisted;28;787
2021-08-28;Viborg;1;791
2021-08-28;Brønderslev;27;810
2021-08-28;Frederikshavn;8;813
2021-08-28;Vesthimmerland;6;820
2021-08-28;Rebild;14;840
2021-08-28;Mariagerfjord;6;846
2021-08-28;Jammerbugt;33;849
2021-08-28;Aalborg;194;851
2021-08-28;Hjørring;51;860
2021-08-29;København;439;101
2021-08-29;Frederiksberg;75;147
2021-08-29;Ballerup;21;151
2021-08-29;Brøndby;12;153
2021-08-29;Dragør;12;155
2021-08-29;Gentofte;59;157
2021-08-29;Gladsaxe;60;159
2021-08-29;Glostrup;10;161
2021-08-29;Herlev;16;163
2021-08-29;Albertslund;22;165
2021-08-29;Hvidovre;27;167
2021-08-29;Høje Tåstrup;26;169
2021-08-29;Lyngby-Taarbæk;47;173
2021-08-29;Rødovre;18;175
2021-08-29;Ishøj;14;183
2021-08-29;Tårnby;23;185
2021-08-29;Vallensbæk;13;187
2021-08-29;Furesø;19;190
2021-08-29;Allerød;17;201
2021-08-29;Fredensborg;27;210
2021-08-29;Helsingør;20;217
2021-08-29;Hillerød;28;219
2021-08-29;Hørsholm;10;223
2021-08-29;Rudersdal;39;230
2021-08-29;Egedal;19;240
2021-08-29;Frederikssund;20;250
2021-08-29;Greve;18;253
2021-08-29;Køge;29;259
2021-08-29;Halsnæs;8;260
2021-08-29;Roskilde;38;265
2021-08-29;Solrød;11;269
2021-08-29;Gribskov;26;270
2021-08-29;Odsherred;9;306
2021-08-29;Holbæk;48;316
2021-08-29;Faxe;6;320
2021-08-29;Kalundborg;6;326
2021-08-29;Ringsted;5;329
2021-08-29;Slagelse;31;330
2021-08-29;Stevns;3;336
2021-08-29;Sorø;7;340
2021-08-29;Lejre;14;350
2021-08-29;Lolland;4;360
2021-08-29;Næstved;8;370
2021-08-29;Guldborgsund;3;376
2021-08-29;Vordingborg;1;390
2021-08-29;Bornholm;18;400
2021-08-29;Middelfart;27;410
2021-08-29;Assens;11;420
2021-08-29;Faaborg-Midtfyn;8;430
2021-08-29;Kerteminde;4;440
2021-08-29;Nyborg;2;450
2021-08-29;Odense;72;461
2021-08-29;Svendborg;18;479
2021-08-29;Nordfyn;5;480
2021-08-29;Langeland;1;482
2021-08-29;Haderslev;33;510
2021-08-29;Billund;8;530
2021-08-29;Sønderborg;43;540
2021-08-29;Tønder;21;550
2021-08-29;Esbjerg;47;561
2021-08-29;Fanø;1;563
2021-08-29;Varde;29;573
2021-08-29;Vejen;28;575
2021-08-29;Aabenraa;37;580
2021-08-29;Fredericia;32;607
2021-08-29;Horsens;44;615
2021-08-29;Kolding;49;621
2021-08-29;Vejle;35;630
2021-08-29;Herning;1;657
2021-08-29;Syddjurs;1;706
2021-08-29;Favrskov;4;710
2021-08-29;Odder;2;727
2021-08-29;Silkeborg;2;740
2021-08-29;Skanderborg;13;746
2021-08-29;Århus;60;751
2021-08-29;Ikast-Brande;3;756
2021-08-29;Ringkøbing-Skjern;1;760
2021-08-29;Hedensted;4;766
2021-08-29;Thisted;5;787
2021-08-29;Viborg;2;791
2021-08-29;Brønderslev;26;810
2021-08-29;Frederikshavn;8;813
2021-08-29;Vesthimmerland;7;820
2021-08-29;Rebild;18;840
2021-08-29;Mariagerfjord;33;846
2021-08-29;Jammerbugt;25;849
2021-08-29;Aalborg;183;851
2021-08-29;Hjørring;68;860
2021-08-30;København;625;101
2021-08-30;Frederiksberg;84;147
2021-08-30;Ballerup;19;151
2021-08-30;Brøndby;58;153
2021-08-30;Dragør;8;155
2021-08-30;Gentofte;59;157
2021-08-30;Gladsaxe;30;159
2021-08-30;Glostrup;10;161
2021-08-30;Herlev;17;163
2021-08-30;Albertslund;34;165
2021-08-30;Hvidovre;32;167
2021-08-30;Høje Tåstrup;78;169
2021-08-30;Lyngby-Taarbæk;12;173
2021-08-30;Rødovre;34;175
2021-08-30;Ishøj;25;183
2021-08-30;Tårnby;20;185
2021-08-30;Vallensbæk;18;187
2021-08-30;Furesø;6;190
2021-08-30;Allerød;3;201
2021-08-30;Fredensborg;17;210
2021-08-30;Helsingør;45;217
2021-08-30;Hillerød;7;219
2021-08-30;Hørsholm;2;223
2021-08-30;Rudersdal;17;230
2021-08-30;Egedal;16;240
2021-08-30;Frederikssund;10;250
2021-08-30;Greve;55;253
2021-08-30;Køge;47;259
2021-08-30;Halsnæs;14;260
2021-08-30;Roskilde;49;265
2021-08-30;Solrød;21;269
2021-08-30;Gribskov;6;270
2021-08-30;Odsherred;23;306
2021-08-30;Holbæk;55;316
2021-08-30;Faxe;13;320
2021-08-30;Kalundborg;41;326
2021-08-30;Ringsted;9;329
2021-08-30;Slagelse;34;330
2021-08-30;Stevns;12;336
2021-08-30;Sorø;9;340
2021-08-30;Lejre;25;350
2021-08-30;Lolland;13;360
2021-08-30;Næstved;17;370
2021-08-30;Guldborgsund;42;376
2021-08-30;Vordingborg;24;390
2021-08-30;Bornholm;19;400
2021-08-30;Middelfart;45;410
2021-08-30;Assens;27;420
2021-08-30;Faaborg-Midtfyn;39;430
2021-08-30;Kerteminde;20;440
2021-08-30;Nyborg;15;450
2021-08-30;Odense;155;461
2021-08-30;Svendborg;50;479
2021-08-30;Nordfyn;18;480
2021-08-30;Haderslev;23;510
2021-08-30;Billund;12;530
2021-08-30;Sønderborg;16;540
2021-08-30;Tønder;16;550
2021-08-30;Esbjerg;63;561
2021-08-30;Fanø;2;563
2021-08-30;Varde;24;573
2021-08-30;Vejen;27;575
2021-08-30;Aabenraa;10;580
2021-08-30;Fredericia;73;607
2021-08-30;Horsens;61;615
2021-08-30;Kolding;98;621
2021-08-30;Vejle;56;630
2021-08-30;Herning;82;657
2021-08-30;Holstebro;57;661
2021-08-30;Lemvig;89;665
2021-08-30;Struer;67;671
2021-08-30;Syddjurs;71;706
2021-08-30;Norddjurs;45;707
2021-08-30;Favrskov;52;710
2021-08-30;Odder;12;727
2021-08-30;Randers;164;730
2021-08-30;Silkeborg;100;740
2021-08-30;Samsø;1;741
2021-08-30;Skanderborg;26;746
2021-08-30;Århus;237;751
2021-08-30;Ikast-Brande;22;756
2021-08-30;Ringkøbing-Skjern;25;760
2021-08-30;Hedensted;16;766
2021-08-30;Morsø;12;773
2021-08-30;Skive;19;779
2021-08-30;Thisted;43;787
2021-08-30;Viborg;83;791
2021-08-30;Brønderslev;7;810
2021-08-30;Vesthimmerland;43;820
2021-08-30;Rebild;13;840
2021-08-30;Mariagerfjord;8;846
2021-08-30;Jammerbugt;20;849
2021-08-30;Aalborg;123;851
2021-08-30;Hjørring;2;860
2021-08-31;København;382;101
2021-08-31;Frederiksberg;52;147
2021-08-31;Ballerup;47;151
2021-08-31;Brøndby;57;153
2021-08-31;Dragør;9;155
2021-08-31;Gentofte;42;157
2021-08-31;Gladsaxe;51;159
2021-08-31;Glostrup;22;161
2021-08-31;Herlev;18;163
2021-08-31;Albertslund;38;165
2021-08-31;Hvidovre;39;167
2021-08-31;Høje Tåstrup;30;169
2021-08-31;Lyngby-Taarbæk;27;173
2021-08-31;Rødovre;27;175
2021-08-31;Ishøj;13;183
2021-08-31;Tårnby;16;185
2021-08-31;Vallensbæk;10;187
2021-08-31;Furesø;22;190
2021-08-31;Allerød;17;201
2021-08-31;Fredensborg;22;210
2021-08-31;Helsingør;57;217
2021-08-31;Hillerød;39;219
2021-08-31;Hørsholm;17;223
2021-08-31;Rudersdal;57;230
2021-08-31;Egedal;26;240
2021-08-31;Frederikssund;23;250
2021-08-31;Greve;44;253
2021-08-31;Køge;10;259
2021-08-31;Halsnæs;18;260
2021-08-31;Roskilde;47;265
2021-08-31;Solrød;9;269
2021-08-31;Gribskov;29;270
2021-08-31;Odsherred;9;306
2021-08-31;Holbæk;33;316
2021-08-31;Faxe;16;320
2021-08-31;Kalundborg;32;326
2021-08-31;Ringsted;29;329
2021-08-31;Slagelse;35;330
2021-08-31;Stevns;13;336
2021-08-31;Sorø;16;340
2021-08-31;Lejre;4;350
2021-08-31;Lolland;10;360
2021-08-31;Næstved;34;370
2021-08-31;Guldborgsund;31;376
2021-08-31;Vordingborg;39;390
2021-08-31;Bornholm;13;400
2021-08-31;Middelfart;18;410
2021-08-31;Assens;15;420
2021-08-31;Faaborg-Midtfyn;16;430
2021-08-31;Kerteminde;21;440
2021-08-31;Nyborg;11;450
2021-08-31;Odense;121;461
2021-08-31;Svendborg;30;479
2021-08-31;Nordfyn;31;480
2021-08-31;Haderslev;34;510
2021-08-31;Billund;5;530
2021-08-31;Sønderborg;50;540
2021-08-31;Tønder;13;550
2021-08-31;Esbjerg;81;561
2021-08-31;Fanø;1;563
2021-08-31;Varde;12;573
2021-08-31;Vejen;10;575
2021-08-31;Aabenraa;26;580
2021-08-31;Fredericia;20;607
2021-08-31;Horsens;39;615
2021-08-31;Kolding;34;621
2021-08-31;Vejle;67;630
2021-08-31;Herning;45;657
2021-08-31;Holstebro;7;661
2021-08-31;Lemvig;1;665
2021-08-31;Struer;2;671
2021-08-31;Syddjurs;33;706
2021-08-31;Norddjurs;4;707
2021-08-31;Favrskov;26;710
2021-08-31;Odder;9;727
2021-08-31;Randers;55;730
2021-08-31;Silkeborg;72;740
2021-08-31;Skanderborg;23;746
2021-08-31;Århus;442;751
2021-08-31;Ikast-Brande;45;756
2021-08-31;Ringkøbing-Skjern;47;760
2021-08-31;Hedensted;22;766
2021-08-31;Morsø;4;773
2021-08-31;Skive;13;779
2021-08-31;Thisted;3;787
2021-08-31;Viborg;78;791
2021-08-31;Brønderslev;45;810
2021-08-31;Frederikshavn;11;813
2021-08-31;Vesthimmerland;9;820
2021-08-31;Rebild;34;840
2021-08-31;Mariagerfjord;43;846
2021-08-31;Jammerbugt;80;849
2021-08-31;Aalborg;174;851
2021-08-31;Hjørring;61;860
2021-09-01;København;418;101
2021-09-01;Frederiksberg;51;147
2021-09-01;Ballerup;19;151
2021-09-01;Brøndby;12;153
2021-09-01;Dragør;11;155
2021-09-01;Gentofte;36;157
2021-09-01;Gladsaxe;44;159
2021-09-01;Glostrup;30;161
2021-09-01;Herlev;17;163
2021-09-01;Albertslund;28;165
2021-09-01;Hvidovre;27;167
2021-09-01;Høje Tåstrup;19;169
2021-09-01;Lyngby-Taarbæk;24;173
2021-09-01;Rødovre;28;175
2021-09-01;Ishøj;15;183
2021-09-01;Tårnby;28;185
2021-09-01;Vallensbæk;13;187
2021-09-01;Furesø;20;190
2021-09-01;Allerød;6;201
2021-09-01;Fredensborg;17;210
2021-09-01;Helsingør;10;217
2021-09-01;Hillerød;24;219
2021-09-01;Hørsholm;10;223
2021-09-01;Rudersdal;44;230
2021-09-01;Egedal;26;240
2021-09-01;Frederikssund;9;250
2021-09-01;Greve;33;253
2021-09-01;Køge;11;259
2021-09-01;Halsnæs;9;260
2021-09-01;Roskilde;21;265
2021-09-01;Solrød;10;269
2021-09-01;Gribskov;21;270
2021-09-01;Odsherred;11;306
2021-09-01;Holbæk;30;316
2021-09-01;Faxe;30;320
2021-09-01;Kalundborg;41;326
2021-09-01;Ringsted;9;329
2021-09-01;Slagelse;41;330
2021-09-01;Stevns;8;336
2021-09-01;Sorø;20;340
2021-09-01;Lejre;11;350
2021-09-01;Lolland;43;360
2021-09-01;Næstved;64;370
2021-09-01;Guldborgsund;18;376
2021-09-01;Vordingborg;32;390
2021-09-01;Bornholm;22;400
2021-09-01;Middelfart;19;410
2021-09-01;Assens;22;420
2021-09-01;Faaborg-Midtfyn;30;430
2021-09-01;Kerteminde;14;440
2021-09-01;Nyborg;12;450
2021-09-01;Odense;147;461
2021-09-01;Svendborg;38;479
2021-09-01;Nordfyn;9;480
2021-09-01;Langeland;53;482
2021-09-01;Ærø;1;492
2021-09-01;Haderslev;19;510
2021-09-01;Billund;1;530
2021-09-01;Sønderborg;37;540
2021-09-01;Tønder;40;550
2021-09-01;Esbjerg;76;561
2021-09-01;Varde;24;573
2021-09-01;Vejen;7;575
2021-09-01;Aabenraa;20;580
2021-09-01;Fredericia;14;607
2021-09-01;Horsens;66;615
2021-09-01;Kolding;20;621
2021-09-01;Vejle;40;630
2021-09-01;Herning;23;657
2021-09-01;Holstebro;84;661
2021-09-01;Lemvig;3;665
2021-09-01;Struer;8;671
2021-09-01;Syddjurs;16;706
2021-09-01;Norddjurs;23;707
2021-09-01;Favrskov;20;710
2021-09-01;Odder;15;727
2021-09-01;Randers;51;730
2021-09-01;Silkeborg;52;740
2021-09-01;Samsø;7;741
2021-09-01;Skanderborg;45;746
2021-09-01;Århus;183;751
2021-09-01;Ikast-Brande;19;756
2021-09-01;Ringkøbing-Skjern;83;760
2021-09-01;Hedensted;26;766
2021-09-01;Morsø;4;773
2021-09-01;Skive;12;779
2021-09-01;Viborg;47;791
2021-09-01;Brønderslev;5;810
2021-09-01;Frederikshavn;60;813
2021-09-01;Vesthimmerland;5;820
2021-09-01;Mariagerfjord;2;846
2021-09-01;Jammerbugt;4;849
2021-09-01;Aalborg;5;851
2021-09-01;Hjørring;3;860
2021-09-02;København;360;101
2021-09-02;Frederiksberg;55;147
2021-09-02;Ballerup;11;151
2021-09-02;Brøndby;11;153
2021-09-02;Dragør;4;155
2021-09-02;Gentofte;42;157
2021-09-02;Gladsaxe;39;159
2021-09-02;Glostrup;6;161
2021-09-02;Herlev;18;163
2021-09-02;Albertslund;13;165
2021-09-02;Hvidovre;18;167
2021-09-02;Høje Tåstrup;23;169
2021-09-02;Lyngby-Taarbæk;19;173
2021-09-02;Rødovre;26;175
2021-09-02;Ishøj;10;183
2021-09-02;Tårnby;25;185
2021-09-02;Vallensbæk;9;187
2021-09-02;Furesø;20;190
2021-09-02;Allerød;3;201
2021-09-02;Fredensborg;18;210
2021-09-02;Helsingør;59;217
2021-09-02;Hillerød;15;219
2021-09-02;Hørsholm;14;223
2021-09-02;Rudersdal;26;230
2021-09-02;Egedal;22;240
2021-09-02;Frederikssund;46;250
2021-09-02;Greve;22;253
2021-09-02;Køge;44;259
2021-09-02;Halsnæs;14;260
2021-09-02;Roskilde;34;265
2021-09-02;Solrød;12;269
2021-09-02;Gribskov;10;270
2021-09-02;Odsherred;14;306
2021-09-02;Holbæk;46;316
2021-09-02;Faxe;12;320
2021-09-02;Kalundborg;19;326
2021-09-02;Ringsted;36;329
2021-09-02;Slagelse;34;330
2021-09-02;Stevns;12;336
2021-09-02;Sorø;14;340
2021-09-02;Lejre;19;350
2021-09-02;Lolland;30;360
2021-09-02;Næstved;28;370
2021-09-02;Guldborgsund;25;376
2021-09-02;Vordingborg;13;390
2021-09-02;Bornholm;14;400
2021-09-02;Middelfart;18;410
2021-09-02;Assens;21;420
2021-09-02;Faaborg-Midtfyn;21;430
2021-09-02;Kerteminde;8;440
2021-09-02;Nyborg;20;450
2021-09-02;Odense;185;461
2021-09-02;Svendborg;23;479
2021-09-02;Nordfyn;11;480
2021-09-02;Langeland;2;482
2021-09-02;Ærø;1;492
2021-09-02;Haderslev;30;510
2021-09-02;Billund;4;530
2021-09-02;Sønderborg;28;540
2021-09-02;Tønder;18;550
2021-09-02;Esbjerg;28;561
2021-09-02;Varde;11;573
2021-09-02;Vejen;24;575
2021-09-02;Aabenraa;22;580
2021-09-02;Fredericia;76;607
2021-09-02;Horsens;44;615
2021-09-02;Kolding;24;621
2021-09-02;Vejle;48;630
2021-09-02;Herning;122;657
2021-09-02;Holstebro;27;661
2021-09-02;Lemvig;22;665
2021-09-02;Struer;17;671
2021-09-02;Syddjurs;15;706
2021-09-02;Norddjurs;18;707
2021-09-02;Favrskov;22;710
2021-09-02;Odder;18;727
2021-09-02;Randers;89;730
2021-09-02;Silkeborg;47;740
2021-09-02;Samsø;1;741
2021-09-02;Skanderborg;15;746
2021-09-02;Århus;196;751
2021-09-02;Ikast-Brande;50;756
2021-09-02;Ringkøbing-Skjern;43;760
2021-09-02;Hedensted;22;766
2021-09-02;Morsø;8;773
2021-09-02;Skive;52;779
2021-09-02;Viborg;46;791
2021-09-02;Brønderslev;3;810
2021-09-02;Frederikshavn;33;813
2021-09-02;Vesthimmerland;1;820
2021-09-02;Rebild;2;840
2021-09-02;Mariagerfjord;10;846
2021-09-02;Jammerbugt;2;849
2021-09-02;Aalborg;7;851
2021-09-02;Hjørring;2;860
2021-09-03;København;456;101
2021-09-03;Frederiksberg;49;147
2021-09-03;Ballerup;25;151
2021-09-03;Brøndby;15;153
2021-09-03;Dragør;7;155
2021-09-03;Gentofte;21;157
2021-09-03;Gladsaxe;33;159
2021-09-03;Glostrup;21;161
2021-09-03;Herlev;7;163
2021-09-03;Albertslund;24;165
2021-09-03;Hvidovre;30;167
2021-09-03;Høje Tåstrup;37;169
2021-09-03;Lyngby-Taarbæk;33;173
2021-09-03;Rødovre;21;175
2021-09-03;Ishøj;15;183
2021-09-03;Tårnby;21;185
2021-09-03;Vallensbæk;14;187
2021-09-03;Furesø;17;190
2021-09-03;Allerød;13;201
2021-09-03;Fredensborg;15;210
2021-09-03;Helsingør;16;217
2021-09-03;Hillerød;26;219
2021-09-03;Hørsholm;8;223
2021-09-03;Rudersdal;28;230
2021-09-03;Egedal;19;240
2021-09-03;Frederikssund;25;250
2021-09-03;Greve;22;253
2021-09-03;Køge;30;259
2021-09-03;Halsnæs;22;260
2021-09-03;Roskilde;36;265
2021-09-03;Solrød;19;269
2021-09-03;Gribskov;21;270
2021-09-03;Odsherred;17;306
2021-09-03;Holbæk;35;316
2021-09-03;Faxe;21;320
2021-09-03;Kalundborg;11;326
2021-09-03;Ringsted;21;329
2021-09-03;Slagelse;47;330
2021-09-03;Stevns;9;336
2021-09-03;Sorø;21;340
2021-09-03;Lejre;11;350
2021-09-03;Lolland;8;360
2021-09-03;Næstved;30;370
2021-09-03;Guldborgsund;5;376
2021-09-03;Vordingborg;7;390
2021-09-03;Bornholm;24;400
2021-09-03;Middelfart;20;410
2021-09-03;Assens;18;420
2021-09-03;Faaborg-Midtfyn;17;430
2021-09-03;Kerteminde;9;440
2021-09-03;Nyborg;15;450
2021-09-03;Odense;97;461
2021-09-03;Svendborg;32;479
2021-09-03;Nordfyn;11;480
2021-09-03;Langeland;7;482
2021-09-03;Ærø;19;492
2021-09-03;Haderslev;27;510
2021-09-03;Billund;4;530
2021-09-03;Sønderborg;28;540
2021-09-03;Tønder;13;550
2021-09-03;Esbjerg;54;561
2021-09-03;Varde;22;573
2021-09-03;Vejen;13;575
2021-09-03;Aabenraa;34;580
2021-09-03;Fredericia;10;607
2021-09-03;Horsens;66;615
2021-09-03;Kolding;29;621
2021-09-03;Vejle;52;630
2021-09-03;Herning;60;657
2021-09-03;Holstebro;10;661
2021-09-03;Lemvig;1;665
2021-09-03;Syddjurs;19;706
2021-09-03;Norddjurs;25;707
2021-09-03;Favrskov;26;710
2021-09-03;Odder;12;727
2021-09-03;Randers;48;730
2021-09-03;Silkeborg;77;740
2021-09-03;Skanderborg;17;746
2021-09-03;Århus;176;751
2021-09-03;Ikast-Brande;22;756
2021-09-03;Ringkøbing-Skjern;20;760
2021-09-03;Hedensted;26;766
2021-09-03;Morsø;1;773
2021-09-03;Skive;11;779
2021-09-03;Viborg;77;791
2021-09-03;Brønderslev;2;810
2021-09-03;Frederikshavn;3;813
2021-09-03;Vesthimmerland;3;820
2021-09-03;Rebild;1;840
2021-09-03;Jammerbugt;1;849
2021-09-03;Aalborg;6;851
2021-09-03;Hjørring;9;860
2021-09-04;København;308;101
2021-09-04;Frederiksberg;42;147
2021-09-04;Ballerup;26;151
2021-09-04;Brøndby;16;153
2021-09-04;Dragør;5;155
2021-09-04;Gentofte;49;157
2021-09-04;Gladsaxe;36;159
2021-09-04;Glostrup;9;161
2021-09-04;Herlev;19;163
2021-09-04;Albertslund;13;165
2021-09-04;Hvidovre;22;167
2021-09-04;Høje Tåstrup;19;169
2021-09-04;Lyngby-Taarbæk;32;173
2021-09-04;Rødovre;21;175
2021-09-04;Ishøj;16;183
2021-09-04;Tårnby;12;185
2021-09-04;Vallensbæk;7;187
2021-09-04;Furesø;21;190
2021-09-04;Allerød;7;201
2021-09-04;Fredensborg;10;210
2021-09-04;Helsingør;14;217
2021-09-04;Hillerød;13;219
2021-09-04;Hørsholm;10;223
2021-09-04;Rudersdal;30;230
2021-09-04;Egedal;18;240
2021-09-04;Frederikssund;14;250
2021-09-04;Greve;25;253
2021-09-04;Køge;8;259
2021-09-04;Halsnæs;9;260
2021-09-04;Roskilde;27;265
2021-09-04;Solrød;5;269
2021-09-04;Gribskov;8;270
2021-09-04;Odsherred;7;306
2021-09-04;Holbæk;23;316
2021-09-04;Faxe;5;320
2021-09-04;Kalundborg;13;326
2021-09-04;Ringsted;9;329
2021-09-04;Slagelse;20;330
2021-09-04;Stevns;5;336
2021-09-04;Sorø;5;340
2021-09-04;Lejre;5;350
2021-09-04;Lolland;18;360
2021-09-04;Næstved;14;370
2021-09-04;Guldborgsund;21;376
2021-09-04;Vordingborg;11;390
2021-09-04;Bornholm;9;400
2021-09-04;Middelfart;11;410
2021-09-04;Assens;7;420
2021-09-04;Faaborg-Midtfyn;17;430
2021-09-04;Kerteminde;2;440
2021-09-04;Nyborg;4;450
2021-09-04;Odense;65;461
2021-09-04;Svendborg;25;479
2021-09-04;Nordfyn;20;480
2021-09-04;Haderslev;29;510
2021-09-04;Billund;7;530
2021-09-04;Sønderborg;6;540
2021-09-04;Tønder;19;550
2021-09-04;Esbjerg;18;561
2021-09-04;Fanø;1;563
2021-09-04;Varde;10;573
2021-09-04;Vejen;15;575
2021-09-04;Aabenraa;29;580
2021-09-04;Fredericia;24;607
2021-09-04;Horsens;4;615
2021-09-04;Kolding;18;621
2021-09-04;Vejle;37;630
2021-09-04;Holstebro;1;661
2021-09-04;Syddjurs;4;706
2021-09-04;Favrskov;3;710
2021-09-04;Randers;1;730
2021-09-04;Silkeborg;1;740
2021-09-04;Skanderborg;2;746
2021-09-04;Århus;36;751
2021-09-04;Ikast-Brande;2;756
2021-09-04;Ringkøbing-Skjern;3;760
2021-09-04;Hedensted;4;766
2021-09-04;Viborg;1;791
2021-09-04;Brønderslev;24;810
2021-09-04;Frederikshavn;6;813
2021-09-04;Vesthimmerland;30;820
2021-09-04;Rebild;16;840
2021-09-04;Mariagerfjord;5;846
2021-09-04;Jammerbugt;25;849
2021-09-04;Aalborg;206;851
2021-09-04;Hjørring;61;860
2021-09-05;København;418;101
2021-09-05;Frederiksberg;70;147
2021-09-05;Ballerup;28;151
2021-09-05;Brøndby;22;153
2021-09-05;Dragør;12;155
2021-09-05;Gentofte;45;157
2021-09-05;Gladsaxe;36;159
2021-09-05;Glostrup;10;161
2021-09-05;Herlev;20;163
2021-09-05;Albertslund;10;165
2021-09-05;Hvidovre;31;167
2021-09-05;Høje Tåstrup;37;169
2021-09-05;Lyngby-Taarbæk;29;173
2021-09-05;Rødovre;19;175
2021-09-05;Ishøj;8;183
2021-09-05;Tårnby;33;185
2021-09-05;Vallensbæk;8;187
2021-09-05;Furesø;19;190
2021-09-05;Allerød;14;201
2021-09-05;Fredensborg;13;210
2021-09-05;Helsingør;20;217
2021-09-05;Hillerød;30;219
2021-09-05;Hørsholm;10;223
2021-09-05;Rudersdal;29;230
2021-09-05;Egedal;29;240
2021-09-05;Frederikssund;16;250
2021-09-05;Greve;29;253
2021-09-05;Køge;26;259
2021-09-05;Halsnæs;12;260
2021-09-05;Roskilde;24;265
2021-09-05;Solrød;8;269
2021-09-05;Gribskov;11;270
2021-09-05;Holbæk;18;316
2021-09-05;Faxe;8;320
2021-09-05;Kalundborg;6;326
2021-09-05;Ringsted;8;329
2021-09-05;Slagelse;31;330
2021-09-05;Stevns;7;336
2021-09-05;Sorø;8;340
2021-09-05;Lejre;9;350
2021-09-05;Lolland;2;360
2021-09-05;Næstved;29;370
2021-09-05;Guldborgsund;3;376
2021-09-05;Vordingborg;4;390
2021-09-05;Bornholm;7;400
2021-09-05;Middelfart;9;410
2021-09-05;Assens;10;420
2021-09-05;Faaborg-Midtfyn;16;430
2021-09-05;Kerteminde;4;440
2021-09-05;Nyborg;12;450
2021-09-05;Odense;65;461
2021-09-05;Svendborg;17;479
2021-09-05;Nordfyn;10;480
2021-09-05;Haderslev;11;510
2021-09-05;Billund;4;530
2021-09-05;Sønderborg;9;540
2021-09-05;Tønder;2;550
2021-09-05;Esbjerg;19;561
2021-09-05;Varde;58;573
2021-09-05;Vejen;13;575
2021-09-05;Aabenraa;4;580
2021-09-05;Fredericia;13;607
2021-09-05;Horsens;2;615
2021-09-05;Kolding;24;621
2021-09-05;Vejle;30;630
2021-09-05;Herning;2;657
2021-09-05;Holstebro;1;661
2021-09-05;Struer;4;671
2021-09-05;Syddjurs;1;706
2021-09-05;Norddjurs;1;707
2021-09-05;Favrskov;5;710
2021-09-05;Randers;2;730
2021-09-05;Silkeborg;2;740
2021-09-05;Skanderborg;3;746
2021-09-05;Århus;26;751
2021-09-05;Ikast-Brande;2;756
2021-09-05;Ringkøbing-Skjern;14;760
2021-09-05;Morsø;36;773
2021-09-05;Skive;3;779
2021-09-05;Thisted;86;787
2021-09-05;Brønderslev;32;810
2021-09-05;Frederikshavn;50;813
2021-09-05;Vesthimmerland;4;820
2021-09-05;Læsø;1;825
2021-09-05;Rebild;20;840
2021-09-05;Mariagerfjord;2;846
2021-09-05;Jammerbugt;24;849
2021-09-05;Aalborg;149;851
2021-09-05;Hjørring;41;860
2021-09-06;København;214;101
2021-09-06;Frederiksberg;25;147
2021-09-06;Ballerup;11;151
2021-09-06;Brøndby;3;153
2021-09-06;Dragør;8;155
2021-09-06;Gentofte;14;157
2021-09-06;Gladsaxe;52;159
2021-09-06;Glostrup;6;161
2021-09-06;Herlev;9;163
2021-09-06;Albertslund;5;165
2021-09-06;Hvidovre;23;167
2021-09-06;Høje Tåstrup;26;169
2021-09-06;Lyngby-Taarbæk;22;173
2021-09-06;Rødovre;28;175
2021-09-06;Ishøj;9;183
2021-09-06;Tårnby;17;185
2021-09-06;Vallensbæk;6;187
2021-09-06;Furesø;16;190
2021-09-06;Allerød;5;201
2021-09-06;Fredensborg;9;210
2021-09-06;Helsingør;37;217
2021-09-06;Hillerød;11;219
2021-09-06;Hørsholm;13;223
2021-09-06;Rudersdal;23;230
2021-09-06;Egedal;12;240
2021-09-06;Frederikssund;14;250
2021-09-06;Greve;26;253
2021-09-06;Køge;23;259
2021-09-06;Halsnæs;9;260
2021-09-06;Roskilde;42;265
2021-09-06;Solrød;7;269
2021-09-06;Gribskov;17;270
2021-09-06;Odsherred;17;306
2021-09-06;Holbæk;26;316
2021-09-06;Faxe;11;320
2021-09-06;Kalundborg;26;326
2021-09-06;Ringsted;5;329
2021-09-06;Slagelse;33;330
2021-09-06;Stevns;8;336
2021-09-06;Sorø;8;340
2021-09-06;Lejre;11;350
2021-09-06;Lolland;16;360
2021-09-06;Næstved;43;370
2021-09-06;Guldborgsund;30;376
2021-09-06;Vordingborg;13;390
2021-09-06;Bornholm;16;400
2021-09-06;Middelfart;36;410
2021-09-06;Assens;6;420
2021-09-06;Faaborg-Midtfyn;21;430
2021-09-06;Kerteminde;11;440
2021-09-06;Nyborg;10;450
2021-09-06;Odense;116;461
2021-09-06;Svendborg;3;479
2021-09-06;Nordfyn;11;480
2021-09-06;Haderslev;26;510
2021-09-06;Billund;36;530
2021-09-06;Sønderborg;40;540
2021-09-06;Tønder;19;550
2021-09-06;Esbjerg;54;561
2021-09-06;Fanø;2;563
2021-09-06;Varde;11;573
2021-09-06;Vejen;18;575
2021-09-06;Aabenraa;28;580
2021-09-06;Fredericia;13;607
2021-09-06;Horsens;59;615
2021-09-06;Kolding;30;621
2021-09-06;Vejle;53;630
2021-09-06;Herning;24;657
2021-09-06;Holstebro;8;661
2021-09-06;Lemvig;2;665
2021-09-06;Struer;4;671
2021-09-06;Syddjurs;14;706
2021-09-06;Norddjurs;22;707
2021-09-06;Favrskov;36;710
2021-09-06;Odder;9;727
2021-09-06;Randers;72;730
2021-09-06;Silkeborg;43;740
2021-09-06;Skanderborg;31;746
2021-09-06;Århus;80;751
2021-09-06;Ikast-Brande;13;756
2021-09-06;Ringkøbing-Skjern;6;760
2021-09-06;Hedensted;13;766
2021-09-06;Morsø;18;773
2021-09-06;Skive;26;779
2021-09-06;Thisted;9;787
2021-09-06;Viborg;56;791
2021-09-06;Brønderslev;2;810
2021-09-06;Frederikshavn;1;813
2021-09-06;Vesthimmerland;5;820
2021-09-06;Rebild;4;840
2021-09-06;Mariagerfjord;5;846
2021-09-06;Jammerbugt;2;849
2021-09-06;Aalborg;45;851
2021-09-07;København;238;101
2021-09-07;Frederiksberg;25;147
2021-09-07;Ballerup;17;151
2021-09-07;Brøndby;9;153
2021-09-07;Dragør;7;155
2021-09-07;Gentofte;24;157
2021-09-07;Gladsaxe;33;159
2021-09-07;Glostrup;9;161
2021-09-07;Herlev;8;163
2021-09-07;Albertslund;9;165
2021-09-07;Hvidovre;11;167
2021-09-07;Høje Tåstrup;18;169
2021-09-07;Lyngby-Taarbæk;19;173
2021-09-07;Rødovre;15;175
2021-09-07;Ishøj;13;183
2021-09-07;Tårnby;16;185
2021-09-07;Vallensbæk;6;187
2021-09-07;Furesø;12;190
2021-09-07;Allerød;3;201
2021-09-07;Fredensborg;17;210
2021-09-07;Helsingør;47;217
2021-09-07;Hillerød;20;219
2021-09-07;Hørsholm;5;223
2021-09-07;Rudersdal;17;230
2021-09-07;Egedal;7;240
2021-09-07;Frederikssund;20;250
2021-09-07;Greve;30;253
2021-09-07;Køge;28;259
2021-09-07;Halsnæs;9;260
2021-09-07;Roskilde;26;265
2021-09-07;Solrød;5;269
2021-09-07;Gribskov;17;270
2021-09-07;Odsherred;14;306
2021-09-07;Holbæk;33;316
2021-09-07;Faxe;14;320
2021-09-07;Kalundborg;15;326
2021-09-07;Ringsted;9;329
2021-09-07;Slagelse;35;330
2021-09-07;Stevns;5;336
2021-09-07;Sorø;5;340
2021-09-07;Lejre;2;350
2021-09-07;Lolland;6;360
2021-09-07;Næstved;41;370
2021-09-07;Guldborgsund;31;376
2021-09-07;Vordingborg;37;390
2021-09-07;Bornholm;7;400
2021-09-07;Middelfart;5;410
2021-09-07;Assens;11;420
2021-09-07;Faaborg-Midtfyn;27;430
2021-09-07;Kerteminde;6;440
2021-09-07;Nyborg;7;450
2021-09-07;Odense;104;461
2021-09-07;Svendborg;19;479
2021-09-07;Nordfyn;13;480
2021-09-07;Langeland;25;482
2021-09-07;Ærø;1;492
2021-09-07;Haderslev;25;510
2021-09-07;Billund;12;530
2021-09-07;Sønderborg;6;540
2021-09-07;Tønder;6;550
2021-09-07;Esbjerg;101;561
2021-09-07;Fanø;2;563
2021-09-07;Varde;12;573
2021-09-07;Vejen;5;575
2021-09-07;Aabenraa;21;580
2021-09-07;Fredericia;11;607
2021-09-07;Horsens;46;615
2021-09-07;Kolding;28;621
2021-09-07;Vejle;55;630
2021-09-07;Herning;77;657
2021-09-07;Holstebro;32;661
2021-09-07;Struer;5;671
2021-09-07;Syddjurs;2;706
2021-09-07;Norddjurs;2;707
2021-09-07;Favrskov;16;710
2021-09-07;Odder;5;727
2021-09-07;Randers;36;730
2021-09-07;Silkeborg;50;740
2021-09-07;Skanderborg;27;746
2021-09-07;Århus;269;751
2021-09-07;Ikast-Brande;23;756
2021-09-07;Ringkøbing-Skjern;14;760
2021-09-07;Hedensted;11;766
2021-09-07;Morsø;1;773
2021-09-07;Skive;23;779
2021-09-07;Thisted;1;787
2021-09-07;Viborg;38;791
2021-09-07;Brønderslev;5;810
2021-09-07;Frederikshavn;47;813
2021-09-07;Vesthimmerland;4;820
2021-09-07;Rebild;2;840
2021-09-07;Mariagerfjord;1;846
2021-09-07;Jammerbugt;1;849
2021-09-07;Aalborg;6;851
2021-09-07;Hjørring;4;860
2021-09-08;København;204;101
2021-09-08;Frederiksberg;33;147
2021-09-08;Ballerup;16;151
2021-09-08;Brøndby;8;153
2021-09-08;Dragør;3;155
2021-09-08;Gentofte;27;157
2021-09-08;Gladsaxe;49;159
2021-09-08;Glostrup;6;161
2021-09-08;Herlev;10;163
2021-09-08;Albertslund;7;165
2021-09-08;Hvidovre;16;167
2021-09-08;Høje Tåstrup;12;169
2021-09-08;Lyngby-Taarbæk;20;173
2021-09-08;Rødovre;28;175
2021-09-08;Ishøj;8;183
2021-09-08;Tårnby;11;185
2021-09-08;Vallensbæk;7;187
2021-09-08;Furesø;9;190
2021-09-08;Allerød;6;201
2021-09-08;Fredensborg;15;210
2021-09-08;Helsingør;34;217
2021-09-08;Hillerød;14;219
2021-09-08;Hørsholm;5;223
2021-09-08;Rudersdal;22;230
2021-09-08;Egedal;12;240
2021-09-08;Frederikssund;16;250
2021-09-08;Greve;31;253
2021-09-08;Køge;33;259
2021-09-08;Halsnæs;7;260
2021-09-08;Roskilde;27;265
2021-09-08;Solrød;11;269
2021-09-08;Gribskov;20;270
2021-09-08;Odsherred;2;306
2021-09-08;Holbæk;15;316
2021-09-08;Faxe;30;320
2021-09-08;Kalundborg;15;326
2021-09-08;Ringsted;6;329
2021-09-08;Slagelse;34;330
2021-09-08;Stevns;17;336
2021-09-08;Sorø;12;340
2021-09-08;Lejre;11;350
2021-09-08;Lolland;28;360
2021-09-08;Næstved;20;370
2021-09-08;Guldborgsund;20;376
2021-09-08;Vordingborg;34;390
2021-09-08;Bornholm;13;400
2021-09-08;Middelfart;22;410
2021-09-08;Assens;51;420
2021-09-08;Faaborg-Midtfyn;16;430
2021-09-08;Kerteminde;13;440
2021-09-08;Nyborg;12;450
2021-09-08;Odense;77;461
2021-09-08;Svendborg;36;479
2021-09-08;Nordfyn;13;480
2021-09-08;Langeland;1;482
2021-09-08;Haderslev;12;510
2021-09-08;Billund;6;530
2021-09-08;Sønderborg;48;540
2021-09-08;Tønder;14;550
2021-09-08;Esbjerg;51;561
2021-09-08;Fanø;2;563
2021-09-08;Varde;44;573
2021-09-08;Vejen;6;575
2021-09-08;Aabenraa;27;580
2021-09-08;Fredericia;13;607
2021-09-08;Horsens;38;615
2021-09-08;Kolding;37;621
2021-09-08;Vejle;28;630
2021-09-08;Herning;7;657
2021-09-08;Holstebro;29;661
2021-09-08;Lemvig;3;665
2021-09-08;Struer;25;671
2021-09-08;Syddjurs;4;706
2021-09-08;Norddjurs;15;707
2021-09-08;Favrskov;11;710
2021-09-08;Odder;8;727
2021-09-08;Randers;41;730
2021-09-08;Silkeborg;40;740
2021-09-08;Samsø;4;741
2021-09-08;Skanderborg;24;746
2021-09-08;Århus;199;751
2021-09-08;Ikast-Brande;3;756
2021-09-08;Ringkøbing-Skjern;27;760
2021-09-08;Hedensted;16;766
2021-09-08;Morsø;3;773
2021-09-08;Skive;16;779
2021-09-08;Thisted;2;787
2021-09-08;Viborg;34;791
2021-09-08;Brønderslev;13;810
2021-09-08;Frederikshavn;6;813
2021-09-08;Vesthimmerland;36;820
2021-09-08;Rebild;17;840
2021-09-08;Mariagerfjord;74;846
2021-09-08;Jammerbugt;10;849
2021-09-08;Aalborg;35;851
2021-09-08;Hjørring;60;860
2021-09-09;København;258;101
2021-09-09;Frederiksberg;44;147
2021-09-09;Ballerup;21;151
2021-09-09;Brøndby;8;153
2021-09-09;Dragør;3;155
2021-09-09;Gentofte;23;157
2021-09-09;Gladsaxe;41;159
2021-09-09;Glostrup;15;161
2021-09-09;Herlev;8;163
2021-09-09;Albertslund;21;165
2021-09-09;Hvidovre;18;167
2021-09-09;Høje Tåstrup;17;169
2021-09-09;Lyngby-Taarbæk;17;173
2021-09-09;Rødovre;26;175
2021-09-09;Ishøj;12;183
2021-09-09;Tårnby;20;185
2021-09-09;Vallensbæk;4;187
2021-09-09;Furesø;18;190
2021-09-09;Allerød;8;201
2021-09-09;Fredensborg;8;210
2021-09-09;Helsingør;42;217
2021-09-09;Hillerød;9;219
2021-09-09;Hørsholm;14;223
2021-09-09;Rudersdal;26;230
2021-09-09;Egedal;20;240
2021-09-09;Frederikssund;19;250
2021-09-09;Greve;7;253
2021-09-09;Køge;28;259
2021-09-09;Halsnæs;6;260
2021-09-09;Roskilde;28;265
2021-09-09;Solrød;8;269
2021-09-09;Gribskov;9;270
2021-09-09;Odsherred;5;306
2021-09-09;Holbæk;20;316
2021-09-09;Faxe;12;320
2021-09-09;Kalundborg;10;326
2021-09-09;Ringsted;12;329
2021-09-09;Slagelse;30;330
2021-09-09;Stevns;5;336
2021-09-09;Sorø;17;340
2021-09-09;Lejre;2;350
2021-09-09;Lolland;21;360
2021-09-09;Næstved;26;370
2021-09-09;Guldborgsund;18;376
2021-09-09;Vordingborg;8;390
2021-09-09;Bornholm;11;400
2021-09-09;Middelfart;7;410
2021-09-09;Assens;6;420
2021-09-09;Faaborg-Midtfyn;19;430
2021-09-09;Kerteminde;9;440
2021-09-09;Nyborg;56;450
2021-09-09;Odense;102;461
2021-09-09;Svendborg;28;479
2021-09-09;Nordfyn;11;480
2021-09-09;Langeland;3;482
2021-09-09;Haderslev;26;510
2021-09-09;Billund;17;530
2021-09-09;Sønderborg;18;540
2021-09-09;Tønder;10;550
2021-09-09;Esbjerg;24;561
2021-09-09;Varde;22;573
2021-09-09;Vejen;5;575
2021-09-09;Aabenraa;23;580
2021-09-09;Fredericia;14;607
2021-09-09;Horsens;39;615
2021-09-09;Kolding;22;621
2021-09-09;Vejle;29;630
2021-09-09;Herning;12;657
2021-09-09;Holstebro;4;661
2021-09-09;Lemvig;2;665
2021-09-09;Syddjurs;32;706
2021-09-09;Norddjurs;15;707
2021-09-09;Favrskov;12;710
2021-09-09;Odder;4;727
2021-09-09;Randers;23;730
2021-09-09;Silkeborg;45;740
2021-09-09;Skanderborg;14;746
2021-09-09;Århus;150;751
2021-09-09;Ikast-Brande;16;756
2021-09-09;Ringkøbing-Skjern;3;760
2021-09-09;Hedensted;8;766
2021-09-09;Skive;15;779
2021-09-09;Thisted;3;787
2021-09-09;Viborg;18;791
2021-09-09;Brønderslev;43;810
2021-09-09;Frederikshavn;3;813
2021-09-09;Vesthimmerland;1;820
2021-09-09;Rebild;4;840
2021-09-09;Mariagerfjord;4;846
2021-09-09;Jammerbugt;6;849
2021-09-09;Aalborg;27;851
2021-09-09;Hjørring;2;860
2021-09-10;København;282;101
2021-09-10;Frederiksberg;40;147
2021-09-10;Ballerup;18;151
2021-09-10;Brøndby;11;153
2021-09-10;Dragør;3;155
2021-09-10;Gentofte;26;157
2021-09-10;Gladsaxe;51;159
2021-09-10;Glostrup;7;161
2021-09-10;Herlev;12;163
2021-09-10;Albertslund;17;165
2021-09-10;Hvidovre;18;167
2021-09-10;Høje Tåstrup;19;169
2021-09-10;Lyngby-Taarbæk;17;173
2021-09-10;Rødovre;9;175
2021-09-10;Ishøj;10;183
2021-09-10;Tårnby;14;185
2021-09-10;Vallensbæk;3;187
2021-09-10;Furesø;9;190
2021-09-10;Allerød;7;201
2021-09-10;Fredensborg;7;210
2021-09-10;Helsingør;16;217
2021-09-10;Hillerød;16;219
2021-09-10;Hørsholm;8;223
2021-09-10;Rudersdal;15;230
2021-09-10;Egedal;13;240
2021-09-10;Frederikssund;9;250
2021-09-10;Greve;13;253
2021-09-10;Køge;33;259
2021-09-10;Halsnæs;4;260
2021-09-10;Roskilde;33;265
2021-09-10;Solrød;9;269
2021-09-10;Gribskov;10;270
2021-09-10;Odsherred;17;306
2021-09-10;Holbæk;32;316
2021-09-10;Faxe;13;320
2021-09-10;Kalundborg;9;326
2021-09-10;Ringsted;29;329
2021-09-10;Slagelse;44;330
2021-09-10;Stevns;3;336
2021-09-10;Sorø;12;340
2021-09-10;Lejre;9;350
2021-09-10;Lolland;8;360
2021-09-10;Næstved;48;370
2021-09-10;Guldborgsund;3;376
2021-09-10;Vordingborg;5;390
2021-09-10;Bornholm;10;400
2021-09-10;Middelfart;10;410
2021-09-10;Assens;8;420
2021-09-10;Faaborg-Midtfyn;5;430
2021-09-10;Kerteminde;12;440
2021-09-10;Nyborg;6;450
2021-09-10;Odense;50;461
2021-09-10;Svendborg;11;479
2021-09-10;Nordfyn;9;480
2021-09-10;Langeland;2;482
2021-09-10;Haderslev;23;510
2021-09-10;Billund;7;530
2021-09-10;Sønderborg;16;540
2021-09-10;Tønder;11;550
2021-09-10;Esbjerg;33;561
2021-09-10;Fanø;5;563
2021-09-10;Varde;11;573
2021-09-10;Vejen;48;575
2021-09-10;Aabenraa;21;580
2021-09-10;Fredericia;10;607
2021-09-10;Horsens;58;615
2021-09-10;Kolding;46;621
2021-09-10;Vejle;57;630
2021-09-10;Herning;72;657
2021-09-10;Holstebro;5;661
2021-09-10;Lemvig;22;665
2021-09-10;Struer;6;671
2021-09-10;Syddjurs;23;706
2021-09-10;Norddjurs;2;707
2021-09-10;Favrskov;13;710
2021-09-10;Randers;40;730
2021-09-10;Silkeborg;52;740
2021-09-10;Samsø;2;741
2021-09-10;Skanderborg;41;746
2021-09-10;Århus;220;751
2021-09-10;Ikast-Brande;16;756
2021-09-10;Ringkøbing-Skjern;31;760
2021-09-10;Hedensted;25;766
2021-09-10;Morsø;3;773
2021-09-10;Skive;13;779
2021-09-10;Viborg;45;791
2021-09-10;Brønderslev;1;810
2021-09-10;Frederikshavn;4;813
2021-09-10;Vesthimmerland;3;820
2021-09-10;Mariagerfjord;4;846
2021-09-10;Jammerbugt;2;849
2021-09-10;Aalborg;3;851
2021-09-10;Hjørring;24;860
2021-09-11;København;263;101
2021-09-11;Frederiksberg;28;147
2021-09-11;Ballerup;13;151
2021-09-11;Brøndby;13;153
2021-09-11;Dragør;7;155
2021-09-11;Gentofte;24;157
2021-09-11;Gladsaxe;22;159
2021-09-11;Glostrup;17;161
2021-09-11;Herlev;10;163
2021-09-11;Albertslund;8;165
2021-09-11;Hvidovre;18;167
2021-09-11;Høje Tåstrup;15;169
2021-09-11;Lyngby-Taarbæk;26;173
2021-09-11;Rødovre;15;175
2021-09-11;Ishøj;15;183
2021-09-11;Tårnby;7;185
2021-09-11;Vallensbæk;5;187
2021-09-11;Furesø;9;190
2021-09-11;Allerød;8;201
2021-09-11;Fredensborg;7;210
2021-09-11;Helsingør;11;217
2021-09-11;Hillerød;15;219
2021-09-11;Hørsholm;9;223
2021-09-11;Rudersdal;25;230
2021-09-11;Egedal;10;240
2021-09-11;Frederikssund;12;250
2021-09-11;Greve;23;253
2021-09-11;Køge;20;259
2021-09-11;Halsnæs;11;260
2021-09-11;Roskilde;22;265
2021-09-11;Solrød;1;269
2021-09-11;Gribskov;14;270
2021-09-11;Odsherred;2;306
2021-09-11;Holbæk;24;316
2021-09-11;Faxe;8;320
2021-09-11;Kalundborg;11;326
2021-09-11;Ringsted;8;329
2021-09-11;Slagelse;16;330
2021-09-11;Stevns;4;336
2021-09-11;Sorø;8;340
2021-09-11;Lejre;7;350
2021-09-11;Lolland;8;360
2021-09-11;Næstved;18;370
2021-09-11;Guldborgsund;20;376
2021-09-11;Vordingborg;14;390
2021-09-11;Bornholm;14;400
2021-09-11;Middelfart;9;410
2021-09-11;Assens;12;420
2021-09-11;Faaborg-Midtfyn;20;430
2021-09-11;Kerteminde;8;440
2021-09-11;Nyborg;11;450
2021-09-11;Odense;99;461
2021-09-11;Svendborg;16;479
2021-09-11;Nordfyn;7;480
2021-09-11;Langeland;1;482
2021-09-11;Ærø;2;492
2021-09-11;Haderslev;21;510
2021-09-11;Billund;5;530
2021-09-11;Sønderborg;23;540
2021-09-11;Tønder;10;550
2021-09-11;Esbjerg;32;561
2021-09-11;Fanø;1;563
2021-09-11;Varde;10;573
2021-09-11;Vejen;27;575
2021-09-11;Aabenraa;16;580
2021-09-11;Fredericia;16;607
2021-09-11;Horsens;20;615
2021-09-11;Kolding;36;621
2021-09-11;Vejle;41;630
2021-09-11;Herning;14;657
2021-09-11;Holstebro;14;661
2021-09-11;Struer;4;671
2021-09-11;Syddjurs;3;706
2021-09-11;Norddjurs;3;707
2021-09-11;Favrskov;7;710
2021-09-11;Randers;7;730
2021-09-11;Silkeborg;3;740
2021-09-11;Skanderborg;10;746
2021-09-11;Århus;94;751
2021-09-11;Ikast-Brande;5;756
2021-09-11;Ringkøbing-Skjern;2;760
2021-09-11;Hedensted;4;766
2021-09-11;Skive;4;779
2021-09-11;Thisted;1;787
2021-09-11;Viborg;12;791
2021-09-11;Brønderslev;14;810
2021-09-11;Frederikshavn;5;813
2021-09-11;Vesthimmerland;16;820
2021-09-11;Rebild;16;840
2021-09-11;Mariagerfjord;5;846
2021-09-11;Jammerbugt;34;849
2021-09-11;Aalborg;223;851
2021-09-11;Hjørring;20;860
2021-09-12;København;237;101
2021-09-12;Frederiksberg;45;147
2021-09-12;Ballerup;11;151
2021-09-12;Brøndby;7;153
2021-09-12;Dragør;11;155
2021-09-12;Gentofte;38;157
2021-09-12;Gladsaxe;27;159
2021-09-12;Glostrup;6;161
2021-09-12;Herlev;8;163
2021-09-12;Albertslund;6;165
2021-09-12;Hvidovre;12;167
2021-09-12;Høje Tåstrup;9;169
2021-09-12;Lyngby-Taarbæk;18;173
2021-09-12;Rødovre;8;175
2021-09-12;Ishøj;4;183
2021-09-12;Tårnby;8;185
2021-09-12;Vallensbæk;2;187
2021-09-12;Furesø;15;190
2021-09-12;Allerød;10;201
2021-09-12;Fredensborg;17;210
2021-09-12;Helsingør;10;217
2021-09-12;Hillerød;15;219
2021-09-12;Hørsholm;9;223
2021-09-12;Rudersdal;26;230
2021-09-12;Egedal;17;240
2021-09-12;Frederikssund;9;250
2021-09-12;Greve;10;253
2021-09-12;Køge;19;259
2021-09-12;Halsnæs;16;260
2021-09-12;Roskilde;26;265
2021-09-12;Solrød;4;269
2021-09-12;Gribskov;11;270
2021-09-12;Odsherred;2;306
2021-09-12;Holbæk;13;316
2021-09-12;Faxe;4;320
2021-09-12;Kalundborg;8;326
2021-09-12;Ringsted;8;329
2021-09-12;Slagelse;18;330
2021-09-12;Stevns;2;336
2021-09-12;Sorø;5;340
2021-09-12;Lejre;12;350
2021-09-12;Lolland;5;360
2021-09-12;Næstved;20;370
2021-09-12;Guldborgsund;1;376
2021-09-12;Vordingborg;5;390
2021-09-12;Bornholm;13;400
2021-09-12;Middelfart;5;410
2021-09-12;Assens;10;420
2021-09-12;Faaborg-Midtfyn;9;430
2021-09-12;Kerteminde;1;440
2021-09-12;Nyborg;5;450
2021-09-12;Odense;55;461
2021-09-12;Svendborg;20;479
2021-09-12;Nordfyn;5;480
2021-09-12;Langeland;1;482
2021-09-12;Haderslev;12;510
2021-09-12;Billund;8;530
2021-09-12;Sønderborg;11;540
2021-09-12;Tønder;7;550
2021-09-12;Esbjerg;21;561
2021-09-12;Varde;51;573
2021-09-12;Vejen;5;575
2021-09-12;Aabenraa;12;580
2021-09-12;Fredericia;9;607
2021-09-12;Horsens;2;615
2021-09-12;Kolding;26;621
2021-09-12;Vejle;26;630
2021-09-12;Herning;2;657
2021-09-12;Struer;4;671
2021-09-12;Favrskov;2;710
2021-09-12;Skanderborg;2;746
2021-09-12;Århus;17;751
2021-09-12;Ringkøbing-Skjern;17;760
2021-09-12;Hedensted;2;766
2021-09-12;Morsø;3;773
2021-09-12;Skive;2;779
2021-09-12;Thisted;48;787
2021-09-12;Viborg;2;791
2021-09-12;Brønderslev;11;810
2021-09-12;Frederikshavn;17;813
2021-09-12;Vesthimmerland;5;820
2021-09-12;Rebild;12;840
2021-09-12;Mariagerfjord;9;846
2021-09-12;Jammerbugt;17;849
2021-09-12;Aalborg;95;851
2021-09-12;Hjørring;2;860
2021-09-13;København;336;101
2021-09-13;Frederiksberg;31;147
2021-09-13;Ballerup;24;151
2021-09-13;Brøndby;7;153
2021-09-13;Gentofte;27;157
2021-09-13;Gladsaxe;16;159
2021-09-13;Glostrup;6;161
2021-09-13;Herlev;20;163
2021-09-13;Albertslund;4;165
2021-09-13;Hvidovre;13;167
2021-09-13;Høje Tåstrup;32;169
2021-09-13;Lyngby-Taarbæk;11;173
2021-09-13;Rødovre;14;175
2021-09-13;Ishøj;10;183
2021-09-13;Tårnby;21;185
2021-09-13;Vallensbæk;10;187
2021-09-13;Furesø;15;190
2021-09-13;Allerød;8;201
2021-09-13;Fredensborg;16;210
2021-09-13;Helsingør;40;217
2021-09-13;Hillerød;10;219
2021-09-13;Hørsholm;11;223
2021-09-13;Rudersdal;9;230
2021-09-13;Egedal;13;240
2021-09-13;Frederikssund;14;250
2021-09-13;Greve;26;253
2021-09-13;Køge;29;259
2021-09-13;Halsnæs;18;260
2021-09-13;Roskilde;19;265
2021-09-13;Solrød;12;269
2021-09-13;Gribskov;14;270
2021-09-13;Odsherred;14;306
2021-09-13;Holbæk;35;316
2021-09-13;Faxe;6;320
2021-09-13;Kalundborg;18;326
2021-09-13;Ringsted;7;329
2021-09-13;Slagelse;27;330
2021-09-13;Stevns;7;336
2021-09-13;Sorø;6;340
2021-09-13;Lejre;12;350
2021-09-13;Lolland;9;360
2021-09-13;Næstved;27;370
2021-09-13;Guldborgsund;33;376
2021-09-13;Vordingborg;15;390
2021-09-13;Bornholm;9;400
2021-09-13;Middelfart;4;410
2021-09-13;Assens;6;420
2021-09-13;Faaborg-Midtfyn;14;430
2021-09-13;Kerteminde;9;440
2021-09-13;Nyborg;2;450
2021-09-13;Odense;81;461
2021-09-13;Svendborg;28;479
2021-09-13;Nordfyn;6;480
2021-09-13;Langeland;4;482
2021-09-13;Ærø;4;492
2021-09-13;Haderslev;9;510
2021-09-13;Billund;2;530
2021-09-13;Sønderborg;20;540
2021-09-13;Tønder;7;550
2021-09-13;Esbjerg;20;561
2021-09-13;Fanø;3;563
2021-09-13;Varde;11;573
2021-09-13;Vejen;3;575
2021-09-13;Aabenraa;25;580
2021-09-13;Fredericia;15;607
2021-09-13;Horsens;21;615
2021-09-13;Kolding;24;621
2021-09-13;Vejle;35;630
2021-09-13;Herning;16;657
2021-09-13;Holstebro;8;661
2021-09-13;Syddjurs;29;706
2021-09-13;Norddjurs;32;707
2021-09-13;Favrskov;14;710
2021-09-13;Odder;18;727
2021-09-13;Randers;49;730
2021-09-13;Silkeborg;43;740
2021-09-13;Samsø;1;741
2021-09-13;Skanderborg;26;746
2021-09-13;Århus;179;751
2021-09-13;Ikast-Brande;15;756
2021-09-13;Ringkøbing-Skjern;4;760
2021-09-13;Hedensted;14;766
2021-09-13;Morsø;1;773
2021-09-13;Skive;7;779
2021-09-13;Thisted;1;787
2021-09-13;Viborg;25;791
2021-09-13;Vesthimmerland;1;820
2021-09-13;Mariagerfjord;7;846
2021-09-13;Aalborg;3;851
2021-09-13;Hjørring;1;860
2021-09-14;København;317;101
2021-09-14;Frederiksberg;42;147
2021-09-14;Ballerup;20;151
2021-09-14;Brøndby;8;153
2021-09-14;Dragør;4;155
2021-09-14;Gentofte;36;157
2021-09-14;Gladsaxe;26;159
2021-09-14;Glostrup;4;161
2021-09-14;Herlev;13;163
2021-09-14;Albertslund;7;165
2021-09-14;Hvidovre;15;167
2021-09-14;Høje Tåstrup;20;169
2021-09-14;Lyngby-Taarbæk;25;173
2021-09-14;Rødovre;14;175
2021-09-14;Ishøj;7;183
2021-09-14;Tårnby;16;185
2021-09-14;Vallensbæk;5;187
2021-09-14;Furesø;49;190
2021-09-14;Allerød;8;201
2021-09-14;Fredensborg;10;210
2021-09-14;Helsingør;15;217
2021-09-14;Hillerød;13;219
2021-09-14;Hørsholm;3;223
2021-09-14;Rudersdal;15;230
2021-09-14;Egedal;14;240
2021-09-14;Frederikssund;11;250
2021-09-14;Greve;25;253
2021-09-14;Køge;19;259
2021-09-14;Halsnæs;3;260
2021-09-14;Roskilde;29;265
2021-09-14;Solrød;9;269
2021-09-14;Gribskov;2;270
2021-09-14;Odsherred;7;306
2021-09-14;Holbæk;19;316
2021-09-14;Faxe;6;320
2021-09-14;Kalundborg;8;326
2021-09-14;Ringsted;10;329
2021-09-14;Slagelse;27;330
2021-09-14;Stevns;3;336
2021-09-14;Sorø;5;340
2021-09-14;Lejre;6;350
2021-09-14;Lolland;4;360
2021-09-14;Næstved;30;370
2021-09-14;Guldborgsund;18;376
2021-09-14;Vordingborg;19;390
2021-09-14;Bornholm;12;400
2021-09-14;Middelfart;38;410
2021-09-14;Assens;10;420
2021-09-14;Faaborg-Midtfyn;4;430
2021-09-14;Kerteminde;2;440
2021-09-14;Nyborg;7;450
2021-09-14;Odense;58;461
2021-09-14;Svendborg;22;479
2021-09-14;Nordfyn;5;480
2021-09-14;Haderslev;17;510
2021-09-14;Billund;5;530
2021-09-14;Sønderborg;21;540
2021-09-14;Tønder;9;550
2021-09-14;Esbjerg;63;561
2021-09-14;Fanø;3;563
2021-09-14;Varde;12;573
2021-09-14;Vejen;10;575
2021-09-14;Aabenraa;19;580
2021-09-14;Fredericia;12;607
2021-09-14;Horsens;16;615
2021-09-14;Kolding;27;621
2021-09-14;Vejle;28;630
2021-09-14;Herning;4;657
2021-09-14;Holstebro;11;661
2021-09-14;Lemvig;14;665
2021-09-14;Struer;5;671
2021-09-14;Syddjurs;11;706
2021-09-14;Norddjurs;5;707
2021-09-14;Favrskov;16;710
2021-09-14;Odder;3;727
2021-09-14;Randers;18;730
2021-09-14;Silkeborg;27;740
2021-09-14;Skanderborg;13;746
2021-09-14;Århus;166;751
2021-09-14;Ikast-Brande;12;756
2021-09-14;Ringkøbing-Skjern;4;760
2021-09-14;Hedensted;9;766
2021-09-14;Morsø;27;773
2021-09-14;Skive;23;779
2021-09-14;Thisted;5;787
2021-09-14;Viborg;20;791
2021-09-14;Brønderslev;1;810
2021-09-14;Frederikshavn;1;813
2021-09-14;Vesthimmerland;7;820
2021-09-14;Mariagerfjord;4;846
2021-09-14;Aalborg;4;851
2021-09-14;Hjørring;14;860
2021-09-15;København;237;101
2021-09-15;Frederiksberg;42;147
2021-09-15;Ballerup;20;151
2021-09-15;Brøndby;10;153
2021-09-15;Dragør;5;155
2021-09-15;Gentofte;22;157
2021-09-15;Gladsaxe;24;159
2021-09-15;Glostrup;6;161
2021-09-15;Herlev;10;163
2021-09-15;Albertslund;6;165
2021-09-15;Hvidovre;8;167
2021-09-15;Høje Tåstrup;10;169
2021-09-15;Lyngby-Taarbæk;27;173
2021-09-15;Rødovre;21;175
2021-09-15;Ishøj;12;183
2021-09-15;Tårnby;14;185
2021-09-15;Vallensbæk;8;187
2021-09-15;Furesø;14;190
2021-09-15;Allerød;3;201
2021-09-15;Fredensborg;17;210
2021-09-15;Helsingør;11;217
2021-09-15;Hillerød;9;219
2021-09-15;Hørsholm;3;223
2021-09-15;Rudersdal;16;230
2021-09-15;Egedal;14;240
2021-09-15;Frederikssund;10;250
2021-09-15;Greve;15;253
2021-09-15;Køge;20;259
2021-09-15;Halsnæs;4;260
2021-09-15;Roskilde;26;265
2021-09-15;Solrød;5;269
2021-09-15;Gribskov;12;270
2021-09-15;Odsherred;2;306
2021-09-15;Holbæk;21;316
2021-09-15;Faxe;12;320
2021-09-15;Kalundborg;33;326
2021-09-15;Ringsted;6;329
2021-09-15;Slagelse;18;330
2021-09-15;Stevns;4;336
2021-09-15;Sorø;8;340
2021-09-15;Lejre;11;350
2021-09-15;Lolland;16;360
2021-09-15;Næstved;16;370
2021-09-15;Guldborgsund;20;376
2021-09-15;Vordingborg;17;390
2021-09-15;Bornholm;6;400
2021-09-15;Middelfart;29;410
2021-09-15;Assens;49;420
2021-09-15;Faaborg-Midtfyn;8;430
2021-09-15;Kerteminde;12;440
2021-09-15;Nyborg;4;450
2021-09-15;Odense;62;461
2021-09-15;Svendborg;51;479
2021-09-15;Nordfyn;11;480
2021-09-15;Langeland;4;482
2021-09-15;Haderslev;4;510
2021-09-15;Billund;6;530
2021-09-15;Sønderborg;22;540
2021-09-15;Tønder;6;550
2021-09-15;Esbjerg;28;561
2021-09-15;Fanø;4;563
2021-09-15;Varde;7;573
2021-09-15;Vejen;6;575
2021-09-15;Aabenraa;16;580
2021-09-15;Fredericia;14;607
2021-09-15;Horsens;20;615
2021-09-15;Kolding;29;621
2021-09-15;Vejle;24;630
2021-09-15;Herning;60;657
2021-09-15;Holstebro;28;661
2021-09-15;Lemvig;1;665
2021-09-15;Struer;12;671
2021-09-15;Syddjurs;3;706
2021-09-15;Norddjurs;11;707
2021-09-15;Favrskov;15;710
2021-09-15;Odder;13;727
2021-09-15;Randers;19;730
2021-09-15;Silkeborg;24;740
2021-09-15;Skanderborg;28;746
2021-09-15;Århus;92;751
2021-09-15;Ikast-Brande;6;756
2021-09-15;Ringkøbing-Skjern;23;760
2021-09-15;Hedensted;25;766
2021-09-15;Morsø;5;773
2021-09-15;Skive;23;779
2021-09-15;Thisted;1;787
2021-09-15;Viborg;13;791
2021-09-15;Brønderslev;2;810
2021-09-15;Frederikshavn;19;813
2021-09-15;Vesthimmerland;3;820
2021-09-15;Rebild;1;840
2021-09-15;Mariagerfjord;1;846
2021-09-15;Jammerbugt;44;849
2021-09-15;Aalborg;6;851
2021-09-15;Hjørring;3;860
2021-09-16;København;209;101
2021-09-16;Frederiksberg;27;147
2021-09-16;Ballerup;11;151
2021-09-16;Brøndby;7;153
2021-09-16;Dragør;2;155
2021-09-16;Gentofte;14;157
2021-09-16;Gladsaxe;18;159
2021-09-16;Glostrup;9;161
2021-09-16;Herlev;8;163
2021-09-16;Albertslund;10;165
2021-09-16;Hvidovre;17;167
2021-09-16;Høje Tåstrup;14;169
2021-09-16;Lyngby-Taarbæk;20;173
2021-09-16;Rødovre;9;175
2021-09-16;Ishøj;6;183
2021-09-16;Tårnby;13;185
2021-09-16;Vallensbæk;3;187
2021-09-16;Furesø;5;190
2021-09-16;Allerød;5;201
2021-09-16;Fredensborg;12;210
2021-09-16;Helsingør;3;217
2021-09-16;Hillerød;6;219
2021-09-16;Hørsholm;3;223
2021-09-16;Rudersdal;9;230
2021-09-16;Egedal;12;240
2021-09-16;Frederikssund;33;250
2021-09-16;Greve;13;253
2021-09-16;Køge;20;259
2021-09-16;Halsnæs;16;260
2021-09-16;Roskilde;12;265
2021-09-16;Solrød;4;269
2021-09-16;Gribskov;13;270
2021-09-16;Odsherred;3;306
2021-09-16;Holbæk;19;316
2021-09-16;Faxe;7;320
2021-09-16;Kalundborg;3;326
2021-09-16;Ringsted;6;329
2021-09-16;Slagelse;26;330
2021-09-16;Stevns;2;336
2021-09-16;Sorø;9;340
2021-09-16;Lejre;8;350
2021-09-16;Lolland;11;360
2021-09-16;Næstved;16;370
2021-09-16;Guldborgsund;13;376
2021-09-16;Vordingborg;4;390
2021-09-16;Bornholm;5;400
2021-09-16;Middelfart;6;410
2021-09-16;Assens;3;420
2021-09-16;Faaborg-Midtfyn;13;430
2021-09-16;Kerteminde;7;440
2021-09-16;Nyborg;38;450
2021-09-16;Odense;50;461
2021-09-16;Svendborg;38;479
2021-09-16;Nordfyn;14;480
2021-09-16;Langeland;2;482
2021-09-16;Ærø;2;492
2021-09-16;Haderslev;19;510
2021-09-16;Sønderborg;24;540
2021-09-16;Tønder;12;550
2021-09-16;Esbjerg;21;561
2021-09-16;Varde;6;573
2021-09-16;Vejen;14;575
2021-09-16;Aabenraa;19;580
2021-09-16;Fredericia;15;607
2021-09-16;Horsens;78;615
2021-09-16;Kolding;33;621
2021-09-16;Vejle;28;630
2021-09-16;Herning;3;657
2021-09-16;Holstebro;1;661
2021-09-16;Struer;1;671
2021-09-16;Syddjurs;5;706
2021-09-16;Norddjurs;1;707
2021-09-16;Favrskov;14;710
2021-09-16;Odder;1;727
2021-09-16;Randers;33;730
2021-09-16;Silkeborg;33;740
2021-09-16;Skanderborg;18;746
2021-09-16;Århus;144;751
2021-09-16;Ikast-Brande;3;756
2021-09-16;Ringkøbing-Skjern;2;760
2021-09-16;Hedensted;24;766
2021-09-16;Skive;3;779
2021-09-16;Thisted;6;787
2021-09-16;Viborg;24;791
2021-09-16;Brønderslev;8;810
2021-09-16;Frederikshavn;2;813
2021-09-16;Vesthimmerland;8;820
2021-09-16;Læsø;4;825
2021-09-16;Rebild;9;840
2021-09-16;Mariagerfjord;28;846
2021-09-16;Jammerbugt;10;849
2021-09-16;Aalborg;132;851
2021-09-16;Hjørring;6;860
2021-09-17;København;243;101
2021-09-17;Frederiksberg;38;147
2021-09-17;Ballerup;12;151
2021-09-17;Brøndby;5;153
2021-09-17;Dragør;1;155
2021-09-17;Gentofte;15;157
2021-09-17;Gladsaxe;23;159
2021-09-17;Glostrup;9;161
2021-09-17;Herlev;10;163
2021-09-17;Albertslund;15;165
2021-09-17;Hvidovre;21;167
2021-09-17;Høje Tåstrup;28;169
2021-09-17;Lyngby-Taarbæk;13;173
2021-09-17;Rødovre;9;175
2021-09-17;Ishøj;8;183
2021-09-17;Tårnby;8;185
2021-09-17;Vallensbæk;4;187
2021-09-17;Furesø;8;190
2021-09-17;Allerød;5;201
2021-09-17;Fredensborg;14;210
2021-09-17;Helsingør;18;217
2021-09-17;Hillerød;16;219
2021-09-17;Hørsholm;8;223
2021-09-17;Rudersdal;10;230
2021-09-17;Egedal;13;240
2021-09-17;Frederikssund;13;250
2021-09-17;Greve;24;253
2021-09-17;Køge;20;259
2021-09-17;Halsnæs;8;260
2021-09-17;Roskilde;29;265
2021-09-17;Solrød;5;269
2021-09-17;Gribskov;8;270
2021-09-17;Odsherred;11;306
2021-09-17;Holbæk;21;316
2021-09-17;Faxe;7;320
2021-09-17;Kalundborg;16;326
2021-09-17;Ringsted;12;329
2021-09-17;Slagelse;31;330
2021-09-17;Stevns;2;336
2021-09-17;Sorø;5;340
2021-09-17;Lejre;5;350
2021-09-17;Lolland;5;360
2021-09-17;Næstved;33;370
2021-09-17;Guldborgsund;2;376
2021-09-17;Vordingborg;6;390
2021-09-17;Bornholm;10;400
2021-09-17;Middelfart;6;410
2021-09-17;Assens;9;420
2021-09-17;Faaborg-Midtfyn;7;430
2021-09-17;Kerteminde;4;440
2021-09-17;Nyborg;3;450
2021-09-17;Odense;48;461
2021-09-17;Svendborg;23;479
2021-09-17;Nordfyn;6;480
2021-09-17;Langeland;2;482
2021-09-17;Haderslev;30;510
2021-09-17;Billund;4;530
2021-09-17;Sønderborg;28;540
2021-09-17;Tønder;14;550
2021-09-17;Esbjerg;19;561
2021-09-17;Varde;3;573
2021-09-17;Vejen;11;575
2021-09-17;Aabenraa;17;580
2021-09-17;Fredericia;17;607
2021-09-17;Horsens;40;615
2021-09-17;Kolding;22;621
2021-09-17;Vejle;58;630
2021-09-17;Herning;5;657
2021-09-17;Holstebro;2;661
2021-09-17;Lemvig;1;665
2021-09-17;Syddjurs;18;706
2021-09-17;Norddjurs;5;707
2021-09-17;Favrskov;10;710
2021-09-17;Odder;9;727
2021-09-17;Randers;3;730
2021-09-17;Silkeborg;39;740
2021-09-17;Skanderborg;32;746
2021-09-17;Århus;142;751
2021-09-17;Ikast-Brande;14;756
2021-09-17;Ringkøbing-Skjern;5;760
2021-09-17;Hedensted;4;766
2021-09-17;Skive;3;779
2021-09-17;Viborg;37;791
2021-09-17;Brønderslev;1;810
2021-09-17;Frederikshavn;1;813
2021-09-17;Vesthimmerland;15;820
2021-09-17;Rebild;9;840
2021-09-17;Mariagerfjord;33;846
2021-09-17;Aalborg;28;851
2021-09-18;København;176;101
2021-09-18;Frederiksberg;25;147
2021-09-18;Ballerup;4;151
2021-09-18;Brøndby;6;153
2021-09-18;Dragør;2;155
2021-09-18;Gentofte;22;157
2021-09-18;Gladsaxe;22;159
2021-09-18;Glostrup;7;161
2021-09-18;Herlev;5;163
2021-09-18;Albertslund;13;165
2021-09-18;Hvidovre;27;167
2021-09-18;Høje Tåstrup;14;169
2021-09-18;Lyngby-Taarbæk;16;173
2021-09-18;Rødovre;10;175
2021-09-18;Ishøj;11;183
2021-09-18;Tårnby;10;185
2021-09-18;Vallensbæk;5;187
2021-09-18;Furesø;15;190
2021-09-18;Allerød;5;201
2021-09-18;Fredensborg;6;210
2021-09-18;Helsingør;8;217
2021-09-18;Hillerød;9;219
2021-09-18;Hørsholm;3;223
2021-09-18;Rudersdal;13;230
2021-09-18;Egedal;11;240
2021-09-18;Frederikssund;9;250
2021-09-18;Greve;7;253
2021-09-18;Køge;10;259
2021-09-18;Halsnæs;2;260
2021-09-18;Roskilde;11;265
2021-09-18;Solrød;3;269
2021-09-18;Gribskov;8;270
2021-09-18;Odsherred;8;306
2021-09-18;Holbæk;10;316
2021-09-18;Faxe;5;320
2021-09-18;Kalundborg;10;326
2021-09-18;Ringsted;7;329
2021-09-18;Slagelse;13;330
2021-09-18;Stevns;6;336
2021-09-18;Sorø;6;340
2021-09-18;Lejre;6;350
2021-09-18;Lolland;5;360
2021-09-18;Næstved;13;370
2021-09-18;Guldborgsund;16;376
2021-09-18;Vordingborg;9;390
2021-09-18;Bornholm;7;400
2021-09-18;Middelfart;6;410
2021-09-18;Assens;5;420
2021-09-18;Faaborg-Midtfyn;12;430
2021-09-18;Kerteminde;1;440
2021-09-18;Nyborg;5;450
2021-09-18;Odense;52;461
2021-09-18;Svendborg;11;479
2021-09-18;Nordfyn;12;480
2021-09-18;Langeland;1;482
2021-09-18;Ærø;1;492
2021-09-18;Haderslev;20;510
2021-09-18;Billund;7;530
2021-09-18;Sønderborg;20;540
2021-09-18;Tønder;13;550
2021-09-18;Esbjerg;3;561
2021-09-18;Vejen;10;575
2021-09-18;Aabenraa;14;580
2021-09-18;Fredericia;14;607
2021-09-18;Horsens;2;615
2021-09-18;Kolding;30;621
2021-09-18;Vejle;19;630
2021-09-18;Randers;1;730
2021-09-18;Silkeborg;1;740
2021-09-18;Samsø;1;741
2021-09-18;Skanderborg;1;746
2021-09-18;Århus;3;751
2021-09-18;Ringkøbing-Skjern;2;760
2021-09-18;Hedensted;4;766
2021-09-18;Morsø;16;773
2021-09-18;Skive;1;779
2021-09-18;Thisted;35;787
2021-09-18;Brønderslev;13;810
2021-09-18;Frederikshavn;2;813
2021-09-18;Vesthimmerland;3;820
2021-09-18;Rebild;14;840
2021-09-18;Mariagerfjord;4;846
2021-09-18;Jammerbugt;21;849
2021-09-18;Aalborg;90;851
2021-09-18;Hjørring;37;860
2021-09-19;København;160;101
2021-09-19;Frederiksberg;34;147
2021-09-19;Ballerup;14;151
2021-09-19;Brøndby;6;153
2021-09-19;Dragør;1;155
2021-09-19;Gentofte;23;157
2021-09-19;Gladsaxe;15;159
2021-09-19;Glostrup;7;161
2021-09-19;Herlev;6;163
2021-09-19;Albertslund;8;165
2021-09-19;Hvidovre;9;167
2021-09-19;Høje Tåstrup;8;169
2021-09-19;Lyngby-Taarbæk;16;173
2021-09-19;Rødovre;10;175
2021-09-19;Ishøj;3;183
2021-09-19;Tårnby;8;185
2021-09-19;Vallensbæk;4;187
2021-09-19;Furesø;9;190
2021-09-19;Allerød;3;201
2021-09-19;Fredensborg;13;210
2021-09-19;Helsingør;10;217
2021-09-19;Hillerød;12;219
2021-09-19;Rudersdal;9;230
2021-09-19;Egedal;11;240
2021-09-19;Frederikssund;9;250
2021-09-19;Greve;12;253
2021-09-19;Køge;12;259
2021-09-19;Halsnæs;4;260
2021-09-19;Roskilde;28;265
2021-09-19;Solrød;5;269
2021-09-19;Gribskov;8;270
2021-09-19;Odsherred;1;306
2021-09-19;Holbæk;7;316
2021-09-19;Faxe;4;320
2021-09-19;Kalundborg;5;326
2021-09-19;Ringsted;4;329
2021-09-19;Slagelse;13;330
2021-09-19;Stevns;4;336
2021-09-19;Sorø;2;340
2021-09-19;Lejre;8;350
2021-09-19;Lolland;3;360
2021-09-19;Næstved;22;370
2021-09-19;Vordingborg;5;390
2021-09-19;Bornholm;6;400
2021-09-19;Middelfart;7;410
2021-09-19;Assens;10;420
2021-09-19;Faaborg-Midtfyn;7;430
2021-09-19;Nyborg;5;450
2021-09-19;Odense;37;461
2021-09-19;Svendborg;18;479
2021-09-19;Nordfyn;11;480
2021-09-19;Langeland;1;482
2021-09-19;Ærø;1;492
2021-09-19;Haderslev;11;510
2021-09-19;Billund;4;530
2021-09-19;Sønderborg;4;540
2021-09-19;Tønder;6;550
2021-09-19;Vejen;5;575
2021-09-19;Aabenraa;6;580
2021-09-19;Fredericia;7;607
2021-09-19;Horsens;2;615
2021-09-19;Kolding;17;621
2021-09-19;Vejle;21;630
2021-09-19;Randers;3;730
2021-09-19;Silkeborg;2;740
2021-09-19;Skanderborg;1;746
2021-09-19;Århus;3;751
2021-09-19;Ikast-Brande;1;756
2021-09-19;Hedensted;1;766
2021-09-19;Morsø;10;773
2021-09-19;Skive;1;779
2021-09-19;Thisted;34;787
2021-09-19;Brønderslev;6;810
2021-09-19;Frederikshavn;33;813
2021-09-19;Vesthimmerland;7;820
2021-09-19;Rebild;9;840
2021-09-19;Mariagerfjord;1;846
2021-09-19;Jammerbugt;5;849
2021-09-19;Aalborg;114;851
2021-09-19;Hjørring;27;860
2021-09-20;København;265;101
2021-09-20;Frederiksberg;41;147
2021-09-20;Ballerup;4;151
2021-09-20;Brøndby;16;153
2021-09-20;Dragør;2;155
2021-09-20;Gentofte;22;157
2021-09-20;Gladsaxe;13;159
2021-09-20;Glostrup;8;161
2021-09-20;Herlev;7;163
2021-09-20;Albertslund;7;165
2021-09-20;Hvidovre;25;167
2021-09-20;Høje Tåstrup;17;169
2021-09-20;Lyngby-Taarbæk;12;173
2021-09-20;Rødovre;11;175
2021-09-20;Ishøj;8;183
2021-09-20;Tårnby;18;185
2021-09-20;Vallensbæk;11;187
2021-09-20;Furesø;7;190
2021-09-20;Allerød;9;201
2021-09-20;Fredensborg;14;210
2021-09-20;Helsingør;19;217
2021-09-20;Hillerød;17;219
2021-09-20;Hørsholm;7;223
2021-09-20;Rudersdal;14;230
2021-09-20;Egedal;5;240
2021-09-20;Frederikssund;6;250
2021-09-20;Greve;30;253
2021-09-20;Køge;15;259
2021-09-20;Halsnæs;3;260
2021-09-20;Roskilde;19;265
2021-09-20;Solrød;6;269
2021-09-20;Gribskov;8;270
2021-09-20;Odsherred;13;306
2021-09-20;Holbæk;15;316
2021-09-20;Faxe;6;320
2021-09-20;Kalundborg;11;326
2021-09-20;Ringsted;6;329
2021-09-20;Slagelse;14;330
2021-09-20;Stevns;6;336
2021-09-20;Sorø;7;340
2021-09-20;Lejre;9;350
2021-09-20;Lolland;5;360
2021-09-20;Næstved;12;370
2021-09-20;Guldborgsund;23;376
2021-09-20;Vordingborg;8;390
2021-09-20;Bornholm;7;400
2021-09-20;Middelfart;6;410
2021-09-20;Assens;6;420
2021-09-20;Faaborg-Midtfyn;4;430
2021-09-20;Kerteminde;3;440
2021-09-20;Nyborg;4;450
2021-09-20;Odense;46;461
2021-09-20;Svendborg;17;479
2021-09-20;Nordfyn;17;480
2021-09-20;Langeland;1;482
2021-09-20;Haderslev;18;510
2021-09-20;Billund;2;530
2021-09-20;Sønderborg;9;540
2021-09-20;Tønder;5;550
2021-09-20;Esbjerg;24;561
2021-09-20;Fanø;1;563
2021-09-20;Varde;10;573
2021-09-20;Vejen;1;575
2021-09-20;Aabenraa;9;580
2021-09-20;Fredericia;15;607
2021-09-20;Horsens;27;615
2021-09-20;Kolding;26;621
2021-09-20;Vejle;30;630
2021-09-20;Herning;81;657
2021-09-20;Holstebro;55;661
2021-09-20;Lemvig;2;665
2021-09-20;Struer;1;671
2021-09-20;Syddjurs;9;706
2021-09-20;Norddjurs;20;707
2021-09-20;Favrskov;10;710
2021-09-20;Odder;9;727
2021-09-20;Randers;63;730
2021-09-20;Silkeborg;33;740
2021-09-20;Skanderborg;11;746
2021-09-20;Århus;137;751
2021-09-20;Ikast-Brande;32;756
2021-09-20;Ringkøbing-Skjern;10;760
2021-09-20;Hedensted;10;766
2021-09-20;Skive;4;779
2021-09-20;Viborg;26;791
2021-09-20;Brønderslev;5;810
2021-09-20;Frederikshavn;5;813
2021-09-20;Vesthimmerland;9;820
2021-09-20;Læsø;1;825
2021-09-20;Rebild;6;840
2021-09-20;Mariagerfjord;5;846
2021-09-20;Jammerbugt;12;849
2021-09-20;Aalborg;85;851
2021-09-20;Hjørring;1;860
2021-09-21;København;242;101
2021-09-21;Frederiksberg;44;147
2021-09-21;Ballerup;11;151
2021-09-21;Brøndby;33;153
2021-09-21;Dragør;8;155
2021-09-21;Gentofte;17;157
2021-09-21;Gladsaxe;12;159
2021-09-21;Glostrup;5;161
2021-09-21;Herlev;3;163
2021-09-21;Albertslund;7;165
2021-09-21;Hvidovre;11;167
2021-09-21;Høje Tåstrup;9;169
2021-09-21;Lyngby-Taarbæk;16;173
2021-09-21;Rødovre;7;175
2021-09-21;Ishøj;6;183
2021-09-21;Tårnby;14;185
2021-09-21;Vallensbæk;13;187
2021-09-21;Furesø;4;190
2021-09-21;Allerød;7;201
2021-09-21;Fredensborg;35;210
2021-09-21;Helsingør;12;217
2021-09-21;Hillerød;6;219
2021-09-21;Hørsholm;4;223
2021-09-21;Rudersdal;5;230
2021-09-21;Egedal;8;240
2021-09-21;Frederikssund;3;250
2021-09-21;Greve;8;253
2021-09-21;Køge;16;259
2021-09-21;Halsnæs;13;260
2021-09-21;Roskilde;21;265
2021-09-21;Solrød;6;269
2021-09-21;Gribskov;12;270
2021-09-21;Odsherred;5;306
2021-09-21;Holbæk;22;316
2021-09-21;Faxe;4;320
2021-09-21;Kalundborg;12;326
2021-09-21;Ringsted;7;329
2021-09-21;Slagelse;16;330
2021-09-21;Stevns;6;336
2021-09-21;Sorø;5;340
2021-09-21;Lejre;1;350
2021-09-21;Lolland;1;360
2021-09-21;Næstved;16;370
2021-09-21;Guldborgsund;12;376
2021-09-21;Vordingborg;12;390
2021-09-21;Bornholm;11;400
2021-09-21;Middelfart;9;410
2021-09-21;Assens;7;420
2021-09-21;Faaborg-Midtfyn;14;430
2021-09-21;Kerteminde;5;440
2021-09-21;Nyborg;8;450
2021-09-21;Odense;61;461
2021-09-21;Svendborg;15;479
2021-09-21;Nordfyn;21;480
2021-09-21;Langeland;2;482
2021-09-21;Haderslev;14;510
2021-09-21;Billund;4;530
2021-09-21;Sønderborg;11;540
2021-09-21;Tønder;6;550
2021-09-21;Esbjerg;32;561
2021-09-21;Fanø;2;563
2021-09-21;Varde;10;573
2021-09-21;Vejen;8;575
2021-09-21;Aabenraa;5;580
2021-09-21;Fredericia;41;607
2021-09-21;Horsens;17;615
2021-09-21;Kolding;17;621
2021-09-21;Vejle;27;630
2021-09-21;Herning;3;657
2021-09-21;Holstebro;14;661
2021-09-21;Syddjurs;25;706
2021-09-21;Norddjurs;4;707
2021-09-21;Favrskov;5;710
2021-09-21;Odder;11;727
2021-09-21;Randers;26;730
2021-09-21;Silkeborg;27;740
2021-09-21;Skanderborg;9;746
2021-09-21;Århus;115;751
2021-09-21;Ikast-Brande;4;756
2021-09-21;Ringkøbing-Skjern;4;760
2021-09-21;Hedensted;2;766
2021-09-21;Morsø;1;773
2021-09-21;Skive;28;779
2021-09-21;Thisted;2;787
2021-09-21;Viborg;23;791
2021-09-21;Brønderslev;3;810
2021-09-21;Frederikshavn;3;813
2021-09-21;Vesthimmerland;5;820
2021-09-21;Rebild;8;840
2021-09-21;Mariagerfjord;1;846
2021-09-21;Jammerbugt;7;849
2021-09-21;Aalborg;50;851
2021-09-22;København;231;101
2021-09-22;Frederiksberg;28;147
2021-09-22;Ballerup;9;151
2021-09-22;Brøndby;7;153
2021-09-22;Dragør;6;155
2021-09-22;Gentofte;25;157
2021-09-22;Gladsaxe;16;159
2021-09-22;Glostrup;4;161
2021-09-22;Herlev;7;163
2021-09-22;Albertslund;5;165
2021-09-22;Hvidovre;9;167
2021-09-22;Høje Tåstrup;8;169
2021-09-22;Lyngby-Taarbæk;13;173
2021-09-22;Rødovre;10;175
2021-09-22;Ishøj;13;183
2021-09-22;Tårnby;15;185
2021-09-22;Vallensbæk;3;187
2021-09-22;Furesø;6;190
2021-09-22;Allerød;4;201
2021-09-22;Fredensborg;2;210
2021-09-22;Helsingør;17;217
2021-09-22;Hillerød;11;219
2021-09-22;Hørsholm;7;223
2021-09-22;Rudersdal;14;230
2021-09-22;Egedal;9;240
2021-09-22;Frederikssund;7;250
2021-09-22;Greve;11;253
2021-09-22;Køge;7;259
2021-09-22;Halsnæs;8;260
2021-09-22;Roskilde;21;265
2021-09-22;Solrød;6;269
2021-09-22;Gribskov;1;270
2021-09-22;Odsherred;1;306
2021-09-22;Holbæk;16;316
2021-09-22;Faxe;9;320
2021-09-22;Kalundborg;7;326
2021-09-22;Ringsted;1;329
2021-09-22;Slagelse;14;330
2021-09-22;Stevns;3;336
2021-09-22;Sorø;2;340
2021-09-22;Lejre;6;350
2021-09-22;Lolland;6;360
2021-09-22;Næstved;14;370
2021-09-22;Guldborgsund;16;376
2021-09-22;Vordingborg;10;390
2021-09-22;Bornholm;5;400
2021-09-22;Middelfart;5;410
2021-09-22;Assens;6;420
2021-09-22;Faaborg-Midtfyn;12;430
2021-09-22;Kerteminde;3;440
2021-09-22;Nyborg;5;450
2021-09-22;Odense;62;461
2021-09-22;Svendborg;17;479
2021-09-22;Nordfyn;9;480
2021-09-22;Langeland;3;482
2021-09-22;Haderslev;10;510
2021-09-22;Billund;3;530
2021-09-22;Sønderborg;23;540
2021-09-22;Tønder;21;550
2021-09-22;Esbjerg;42;561
2021-09-22;Fanø;2;563
2021-09-22;Varde;15;573
2021-09-22;Vejen;10;575
2021-09-22;Aabenraa;14;580
2021-09-22;Fredericia;3;607
2021-09-22;Horsens;25;615
2021-09-22;Kolding;14;621
2021-09-22;Vejle;33;630
2021-09-22;Herning;8;657
2021-09-22;Holstebro;10;661
2021-09-22;Lemvig;40;665
2021-09-22;Struer;33;671
2021-09-22;Syddjurs;5;706
2021-09-22;Norddjurs;15;707
2021-09-22;Favrskov;21;710
2021-09-22;Odder;7;727
2021-09-22;Randers;32;730
2021-09-22;Silkeborg;29;740
2021-09-22;Skanderborg;21;746
2021-09-22;Århus;100;751
2021-09-22;Ikast-Brande;19;756
2021-09-22;Ringkøbing-Skjern;62;760
2021-09-22;Hedensted;12;766
2021-09-22;Skive;25;779
2021-09-22;Thisted;2;787
2021-09-22;Viborg;17;791
2021-09-22;Brønderslev;2;810
2021-09-22;Frederikshavn;3;813
2021-09-22;Vesthimmerland;2;820
2021-09-22;Mariagerfjord;7;846
2021-09-22;Jammerbugt;4;849
2021-09-22;Aalborg;18;851
2021-09-23;København;238;101
2021-09-23;Frederiksberg;32;147
2021-09-23;Ballerup;9;151
2021-09-23;Brøndby;8;153
2021-09-23;Dragør;2;155
2021-09-23;Gentofte;15;157
2021-09-23;Gladsaxe;14;159
2021-09-23;Glostrup;1;161
2021-09-23;Herlev;5;163
2021-09-23;Albertslund;13;165
2021-09-23;Hvidovre;15;167
2021-09-23;Høje Tåstrup;5;169
2021-09-23;Lyngby-Taarbæk;12;173
2021-09-23;Rødovre;9;175
2021-09-23;Ishøj;12;183
2021-09-23;Tårnby;18;185
2021-09-23;Vallensbæk;3;187
2021-09-23;Furesø;12;190
2021-09-23;Allerød;2;201
2021-09-23;Fredensborg;4;210
2021-09-23;Helsingør;8;217
2021-09-23;Hillerød;9;219
2021-09-23;Hørsholm;2;223
2021-09-23;Rudersdal;17;230
2021-09-23;Egedal;7;240
2021-09-23;Frederikssund;23;250
2021-09-23;Greve;7;253
2021-09-23;Køge;13;259
2021-09-23;Halsnæs;3;260
2021-09-23;Roskilde;16;265
2021-09-23;Solrød;3;269
2021-09-23;Gribskov;5;270
2021-09-23;Odsherred;5;306
2021-09-23;Holbæk;11;316
2021-09-23;Faxe;7;320
2021-09-23;Kalundborg;4;326
2021-09-23;Ringsted;10;329
2021-09-23;Slagelse;15;330
2021-09-23;Sorø;7;340
2021-09-23;Lejre;4;350
2021-09-23;Lolland;7;360
2021-09-23;Næstved;14;370
2021-09-23;Guldborgsund;15;376
2021-09-23;Vordingborg;4;390
2021-09-23;Bornholm;8;400
2021-09-23;Middelfart;4;410
2021-09-23;Assens;4;420
2021-09-23;Faaborg-Midtfyn;6;430
2021-09-23;Kerteminde;1;440
2021-09-23;Nyborg;7;450
2021-09-23;Odense;43;461
2021-09-23;Svendborg;9;479
2021-09-23;Nordfyn;7;480
2021-09-23;Langeland;1;482
2021-09-23;Ærø;1;492
2021-09-23;Haderslev;12;510
2021-09-23;Billund;1;530
2021-09-23;Sønderborg;5;540
2021-09-23;Tønder;5;550
2021-09-23;Esbjerg;24;561
2021-09-23;Fanø;4;563
2021-09-23;Varde;5;573
2021-09-23;Vejen;4;575
2021-09-23;Aabenraa;11;580
2021-09-23;Fredericia;20;607
2021-09-23;Horsens;33;615
2021-09-23;Kolding;18;621
2021-09-23;Vejle;20;630
2021-09-23;Herning;9;657
2021-09-23;Holstebro;39;661
2021-09-23;Struer;5;671
2021-09-23;Syddjurs;1;706
2021-09-23;Favrskov;1;710
2021-09-23;Randers;19;730
2021-09-23;Silkeborg;21;740
2021-09-23;Skanderborg;10;746
2021-09-23;Århus;117;751
2021-09-23;Ikast-Brande;2;756
2021-09-23;Ringkøbing-Skjern;6;760
2021-09-23;Hedensted;5;766
2021-09-23;Skive;2;779
2021-09-23;Viborg;17;791
2021-09-23;Brønderslev;1;810
2021-09-23;Frederikshavn;15;813
2021-09-23;Mariagerfjord;2;846
2021-09-23;Jammerbugt;2;849
2021-09-23;Aalborg;8;851
2021-09-23;Hjørring;18;860
2021-09-24;København;208;101
2021-09-24;Frederiksberg;25;147
2021-09-24;Ballerup;15;151
2021-09-24;Brøndby;5;153
2021-09-24;Dragør;1;155
2021-09-24;Gentofte;20;157
2021-09-24;Gladsaxe;10;159
2021-09-24;Glostrup;2;161
2021-09-24;Herlev;11;163
2021-09-24;Albertslund;11;165
2021-09-24;Hvidovre;20;167
2021-09-24;Høje Tåstrup;7;169
2021-09-24;Lyngby-Taarbæk;19;173
2021-09-24;Rødovre;9;175
2021-09-24;Ishøj;8;183
2021-09-24;Tårnby;7;185
2021-09-24;Vallensbæk;6;187
2021-09-24;Furesø;8;190
2021-09-24;Allerød;8;201
2021-09-24;Fredensborg;7;210
2021-09-24;Helsingør;11;217
2021-09-24;Hillerød;11;219
2021-09-24;Hørsholm;4;223
2021-09-24;Rudersdal;13;230
2021-09-24;Egedal;5;240
2021-09-24;Frederikssund;9;250
2021-09-24;Greve;8;253
2021-09-24;Køge;16;259
2021-09-24;Halsnæs;5;260
2021-09-24;Roskilde;20;265
2021-09-24;Solrød;7;269
2021-09-24;Gribskov;9;270
2021-09-24;Odsherred;3;306
2021-09-24;Holbæk;11;316
2021-09-24;Faxe;6;320
2021-09-24;Kalundborg;5;326
2021-09-24;Ringsted;6;329
2021-09-24;Slagelse;11;330
2021-09-24;Sorø;1;340
2021-09-24;Lejre;5;350
2021-09-24;Lolland;5;360
2021-09-24;Næstved;18;370
2021-09-24;Guldborgsund;5;376
2021-09-24;Vordingborg;6;390
2021-09-24;Bornholm;4;400
2021-09-24;Middelfart;6;410
2021-09-24;Assens;4;420
2021-09-24;Faaborg-Midtfyn;14;430
2021-09-24;Kerteminde;3;440
2021-09-24;Nyborg;9;450
2021-09-24;Odense;39;461
2021-09-24;Svendborg;16;479
2021-09-24;Nordfyn;6;480
2021-09-24;Ærø;1;492
2021-09-24;Haderslev;15;510
2021-09-24;Billund;5;530
2021-09-24;Sønderborg;15;540
2021-09-24;Tønder;13;550
2021-09-24;Esbjerg;26;561
2021-09-24;Varde;4;573
2021-09-24;Vejen;12;575
2021-09-24;Aabenraa;16;580
2021-09-24;Fredericia;11;607
2021-09-24;Horsens;18;615
2021-09-24;Kolding;30;621
2021-09-24;Vejle;25;630
2021-09-24;Herning;72;657
2021-09-24;Struer;1;671
2021-09-24;Syddjurs;5;706
2021-09-24;Norddjurs;9;707
2021-09-24;Favrskov;5;710
2021-09-24;Odder;6;727
2021-09-24;Silkeborg;36;740
2021-09-24;Samsø;1;741
2021-09-24;Skanderborg;10;746
2021-09-24;Århus;42;751
2021-09-24;Ikast-Brande;19;756
2021-09-24;Ringkøbing-Skjern;9;760
2021-09-24;Hedensted;13;766
2021-09-24;Skive;1;779
2021-09-24;Viborg;44;791
2021-09-24;Brønderslev;1;810
2021-09-24;Frederikshavn;2;813
2021-09-24;Vesthimmerland;2;820
2021-09-24;Mariagerfjord;2;846
2021-09-24;Aalborg;2;851
2021-09-24;Hjørring;1;860
2021-09-25;København;186;101
2021-09-25;Frederiksberg;19;147
2021-09-25;Ballerup;7;151
2021-09-25;Brøndby;7;153
2021-09-25;Dragør;3;155
2021-09-25;Gentofte;17;157
2021-09-25;Gladsaxe;8;159
2021-09-25;Glostrup;6;161
2021-09-25;Herlev;1;163
2021-09-25;Albertslund;3;165
2021-09-25;Hvidovre;5;167
2021-09-25;Høje Tåstrup;18;169
2021-09-25;Lyngby-Taarbæk;8;173
2021-09-25;Rødovre;16;175
2021-09-25;Ishøj;6;183
2021-09-25;Tårnby;9;185
2021-09-25;Furesø;11;190
2021-09-25;Allerød;5;201
2021-09-25;Fredensborg;9;210
2021-09-25;Helsingør;7;217
2021-09-25;Hillerød;1;219
2021-09-25;Hørsholm;4;223
2021-09-25;Rudersdal;6;230
2021-09-25;Egedal;6;240
2021-09-25;Frederikssund;4;250
2021-09-25;Greve;14;253
2021-09-25;Køge;7;259
2021-09-25;Halsnæs;5;260
2021-09-25;Roskilde;17;265
2021-09-25;Solrød;1;269
2021-09-25;Gribskov;2;270
2021-09-25;Odsherred;4;306
2021-09-25;Holbæk;7;316
2021-09-25;Faxe;6;320
2021-09-25;Kalundborg;1;326
2021-09-25;Ringsted;7;329
2021-09-25;Slagelse;7;330
2021-09-25;Stevns;2;336
2021-09-25;Sorø;4;340
2021-09-25;Lejre;4;350
2021-09-25;Lolland;5;360
2021-09-25;Næstved;8;370
2021-09-25;Guldborgsund;14;376
2021-09-25;Vordingborg;4;390
2021-09-25;Bornholm;2;400
2021-09-25;Middelfart;3;410
2021-09-25;Assens;7;420
2021-09-25;Faaborg-Midtfyn;6;430
2021-09-25;Kerteminde;3;440
2021-09-25;Nyborg;5;450
2021-09-25;Odense;37;461
2021-09-25;Svendborg;6;479
2021-09-25;Nordfyn;5;480
2021-09-25;Ærø;1;492
2021-09-25;Haderslev;14;510
2021-09-25;Sønderborg;12;540
2021-09-25;Tønder;6;550
2021-09-25;Esbjerg;2;561
2021-09-25;Vejen;1;575
2021-09-25;Aabenraa;11;580
2021-09-25;Fredericia;6;607
2021-09-25;Horsens;1;615
2021-09-25;Kolding;9;621
2021-09-25;Vejle;14;630
2021-09-25;Struer;1;671
2021-09-25;Silkeborg;1;740
2021-09-25;Skanderborg;1;746
2021-09-25;Århus;3;751
2021-09-25;Ikast-Brande;1;756
2021-09-25;Hedensted;1;766
2021-09-25;Morsø;9;773
2021-09-25;Skive;7;779
2021-09-25;Thisted;25;787
2021-09-25;Brønderslev;5;810
2021-09-25;Frederikshavn;30;813
2021-09-25;Vesthimmerland;2;820
2021-09-25;Rebild;11;840
2021-09-25;Jammerbugt;14;849
2021-09-25;Aalborg;120;851
2021-09-25;Hjørring;22;860
2021-09-26;København;137;101
2021-09-26;Frederiksberg;14;147
2021-09-26;Ballerup;2;151
2021-09-26;Brøndby;5;153
2021-09-26;Dragør;3;155
2021-09-26;Gentofte;12;157
2021-09-26;Gladsaxe;11;159
2021-09-26;Glostrup;3;161
2021-09-26;Herlev;6;163
2021-09-26;Albertslund;2;165
2021-09-26;Hvidovre;8;167
2021-09-26;Høje Tåstrup;7;169
2021-09-26;Lyngby-Taarbæk;8;173
2021-09-26;Rødovre;3;175
2021-09-26;Ishøj;8;183
2021-09-26;Tårnby;6;185
2021-09-26;Vallensbæk;3;187
2021-09-26;Furesø;7;190
2021-09-26;Allerød;5;201
2021-09-26;Fredensborg;4;210
2021-09-26;Helsingør;10;217
2021-09-26;Hillerød;5;219
2021-09-26;Hørsholm;2;223
2021-09-26;Rudersdal;11;230
2021-09-26;Egedal;5;240
2021-09-26;Frederikssund;5;250
2021-09-26;Greve;15;253
2021-09-26;Køge;7;259
2021-09-26;Halsnæs;5;260
2021-09-26;Roskilde;14;265
2021-09-26;Solrød;1;269
2021-09-26;Gribskov;4;270
2021-09-26;Holbæk;8;316
2021-09-26;Faxe;1;320
2021-09-26;Kalundborg;4;326
2021-09-26;Ringsted;6;329
2021-09-26;Slagelse;14;330
2021-09-26;Stevns;1;336
2021-09-26;Sorø;3;340
2021-09-26;Lejre;2;350
2021-09-26;Næstved;12;370
2021-09-26;Vordingborg;4;390
2021-09-26;Bornholm;7;400
2021-09-26;Middelfart;5;410
2021-09-26;Assens;1;420
2021-09-26;Faaborg-Midtfyn;3;430
2021-09-26;Kerteminde;5;440
2021-09-26;Nyborg;5;450
2021-09-26;Odense;27;461
2021-09-26;Svendborg;17;479
2021-09-26;Nordfyn;9;480
2021-09-26;Langeland;2;482
2021-09-26;Ærø;2;492
2021-09-26;Haderslev;10;510
2021-09-26;Sønderborg;7;540
2021-09-26;Tønder;1;550
2021-09-26;Esbjerg;1;561
2021-09-26;Vejen;6;575
2021-09-26;Aabenraa;2;580
2021-09-26;Fredericia;5;607
2021-09-26;Horsens;3;615
2021-09-26;Kolding;9;621
2021-09-26;Vejle;19;630
2021-09-26;Struer;1;671
2021-09-26;Norddjurs;1;707
2021-09-26;Randers;3;730
2021-09-26;Århus;5;751
2021-09-26;Ikast-Brande;1;756
2021-09-26;Hedensted;1;766
2021-09-26;Morsø;6;773
2021-09-26;Thisted;12;787
2021-09-26;Brønderslev;19;810
2021-09-26;Frederikshavn;50;813
2021-09-26;Vesthimmerland;17;820
2021-09-26;Rebild;14;840
2021-09-26;Mariagerfjord;36;846
2021-09-26;Jammerbugt;10;849
2021-09-26;Aalborg;69;851
2021-09-26;Hjørring;43;860
2021-09-27;København;123;101
2021-09-27;Frederiksberg;11;147
2021-09-27;Ballerup;10;151
2021-09-27;Brøndby;19;153
2021-09-27;Dragør;2;155
2021-09-27;Gentofte;10;157
2021-09-27;Gladsaxe;8;159
2021-09-27;Glostrup;7;161
2021-09-27;Herlev;5;163
2021-09-27;Albertslund;22;165
2021-09-27;Hvidovre;15;167
2021-09-27;Høje Tåstrup;23;169
2021-09-27;Lyngby-Taarbæk;9;173
2021-09-27;Rødovre;12;175
2021-09-27;Ishøj;17;183
2021-09-27;Tårnby;5;185
2021-09-27;Vallensbæk;6;187
2021-09-27;Furesø;12;190
2021-09-27;Allerød;6;201
2021-09-27;Fredensborg;9;210
2021-09-27;Helsingør;12;217
2021-09-27;Hillerød;11;219
2021-09-27;Hørsholm;3;223
2021-09-27;Rudersdal;13;230
2021-09-27;Egedal;4;240
2021-09-27;Frederikssund;5;250
2021-09-27;Greve;22;253
2021-09-27;Køge;12;259
2021-09-27;Halsnæs;3;260
2021-09-27;Roskilde;22;265
2021-09-27;Solrød;5;269
2021-09-27;Gribskov;8;270
2021-09-27;Odsherred;7;306
2021-09-27;Holbæk;15;316
2021-09-27;Faxe;5;320
2021-09-27;Kalundborg;4;326
2021-09-27;Ringsted;2;329
2021-09-27;Slagelse;19;330
2021-09-27;Stevns;5;336
2021-09-27;Sorø;5;340
2021-09-27;Lejre;7;350
2021-09-27;Lolland;14;360
2021-09-27;Næstved;7;370
2021-09-27;Guldborgsund;11;376
2021-09-27;Vordingborg;7;390
2021-09-27;Bornholm;2;400
2021-09-27;Middelfart;20;410
2021-09-27;Assens;5;420
2021-09-27;Faaborg-Midtfyn;14;430
2021-09-27;Nyborg;4;450
2021-09-27;Odense;56;461
2021-09-27;Svendborg;13;479
2021-09-27;Nordfyn;2;480
2021-09-27;Langeland;1;482
2021-09-27;Ærø;1;492
2021-09-27;Haderslev;6;510
2021-09-27;Billund;3;530
2021-09-27;Sønderborg;13;540
2021-09-27;Tønder;13;550
2021-09-27;Esbjerg;20;561
2021-09-27;Fanø;1;563
2021-09-27;Varde;8;573
2021-09-27;Vejen;7;575
2021-09-27;Aabenraa;4;580
2021-09-27;Fredericia;8;607
2021-09-27;Horsens;24;615
2021-09-27;Kolding;20;621
2021-09-27;Vejle;19;630
2021-09-27;Herning;6;657
2021-09-27;Holstebro;34;661
2021-09-27;Lemvig;3;665
2021-09-27;Struer;4;671
2021-09-27;Syddjurs;5;706
2021-09-27;Norddjurs;3;707
2021-09-27;Favrskov;12;710
2021-09-27;Odder;6;727
2021-09-27;Randers;28;730
2021-09-27;Silkeborg;27;740
2021-09-27;Skanderborg;16;746
2021-09-27;Århus;47;751
2021-09-27;Ikast-Brande;1;756
2021-09-27;Ringkøbing-Skjern;3;760
2021-09-27;Hedensted;4;766
2021-09-27;Skive;2;779
2021-09-27;Viborg;25;791
2021-09-27;Brønderslev;1;810
2021-09-27;Vesthimmerland;3;820
2021-09-27;Mariagerfjord;1;846
2021-09-27;Jammerbugt;2;849
2021-09-27;Aalborg;45;851
2021-09-27;Hjørring;1;860
2021-09-28;København;181;101
2021-09-28;Frederiksberg;34;147
2021-09-28;Ballerup;12;151
2021-09-28;Brøndby;28;153
2021-09-28;Dragør;1;155
2021-09-28;Gentofte;9;157
2021-09-28;Gladsaxe;15;159
2021-09-28;Glostrup;4;161
2021-09-28;Herlev;9;163
2021-09-28;Albertslund;18;165
2021-09-28;Hvidovre;14;167
2021-09-28;Høje Tåstrup;25;169
2021-09-28;Lyngby-Taarbæk;9;173
2021-09-28;Rødovre;9;175
2021-09-28;Ishøj;6;183
2021-09-28;Tårnby;9;185
2021-09-28;Vallensbæk;8;187
2021-09-28;Furesø;9;190
2021-09-28;Allerød;2;201
2021-09-28;Fredensborg;3;210
2021-09-28;Helsingør;4;217
2021-09-28;Hillerød;5;219
2021-09-28;Hørsholm;3;223
2021-09-28;Rudersdal;8;230
2021-09-28;Egedal;10;240
2021-09-28;Frederikssund;5;250
2021-09-28;Greve;17;253
2021-09-28;Køge;13;259
2021-09-28;Halsnæs;6;260
2021-09-28;Roskilde;19;265
2021-09-28;Solrød;4;269
2021-09-28;Gribskov;7;270
2021-09-28;Odsherred;5;306
2021-09-28;Holbæk;5;316
2021-09-28;Faxe;7;320
2021-09-28;Kalundborg;11;326
2021-09-28;Ringsted;5;329
2021-09-28;Slagelse;14;330
2021-09-28;Stevns;3;336
2021-09-28;Sorø;4;340
2021-09-28;Lejre;4;350
2021-09-28;Lolland;3;360
2021-09-28;Næstved;10;370
2021-09-28;Guldborgsund;13;376
2021-09-28;Vordingborg;10;390
2021-09-28;Bornholm;5;400
2021-09-28;Middelfart;2;410
2021-09-28;Assens;6;420
2021-09-28;Faaborg-Midtfyn;8;430
2021-09-28;Kerteminde;3;440
2021-09-28;Nyborg;3;450
2021-09-28;Odense;47;461
2021-09-28;Svendborg;7;479
2021-09-28;Nordfyn;5;480
2021-09-28;Haderslev;4;510
2021-09-28;Billund;1;530
2021-09-28;Sønderborg;14;540
2021-09-28;Tønder;1;550
2021-09-28;Esbjerg;30;561
2021-09-28;Varde;12;573
2021-09-28;Vejen;3;575
2021-09-28;Aabenraa;7;580
2021-09-28;Fredericia;21;607
2021-09-28;Horsens;26;615
2021-09-28;Kolding;10;621
2021-09-28;Vejle;21;630
2021-09-28;Herning;5;657
2021-09-28;Struer;1;671
2021-09-28;Syddjurs;9;706
2021-09-28;Norddjurs;5;707
2021-09-28;Favrskov;15;710
2021-09-28;Odder;1;727
2021-09-28;Randers;8;730
2021-09-28;Silkeborg;27;740
2021-09-28;Skanderborg;7;746
2021-09-28;Århus;131;751
2021-09-28;Ikast-Brande;2;756
2021-09-28;Ringkøbing-Skjern;5;760
2021-09-28;Hedensted;8;766
2021-09-28;Morsø;1;773
2021-09-28;Skive;30;779
2021-09-28;Thisted;1;787
2021-09-28;Viborg;25;791
2021-09-28;Brønderslev;6;810
2021-09-28;Frederikshavn;25;813
2021-09-28;Vesthimmerland;4;820
2021-09-28;Læsø;2;825
2021-09-28;Rebild;3;840
2021-09-28;Mariagerfjord;2;846
2021-09-28;Jammerbugt;4;849
2021-09-28;Aalborg;42;851
2021-09-28;Hjørring;10;860
2021-09-29;København;171;101
2021-09-29;Frederiksberg;17;147
2021-09-29;Ballerup;7;151
2021-09-29;Brøndby;5;153
2021-09-29;Dragør;5;155
2021-09-29;Gentofte;15;157
2021-09-29;Gladsaxe;12;159
2021-09-29;Glostrup;3;161
2021-09-29;Herlev;6;163
2021-09-29;Albertslund;7;165
2021-09-29;Hvidovre;11;167
2021-09-29;Høje Tåstrup;6;169
2021-09-29;Lyngby-Taarbæk;12;173
2021-09-29;Rødovre;17;175
2021-09-29;Ishøj;4;183
2021-09-29;Tårnby;10;185
2021-09-29;Furesø;11;190
2021-09-29;Allerød;4;201
2021-09-29;Fredensborg;5;210
2021-09-29;Helsingør;12;217
2021-09-29;Hillerød;5;219
2021-09-29;Hørsholm;2;223
2021-09-29;Rudersdal;11;230
2021-09-29;Egedal;4;240
2021-09-29;Frederikssund;4;250
2021-09-29;Greve;15;253
2021-09-29;Køge;13;259
2021-09-29;Halsnæs;6;260
2021-09-29;Roskilde;21;265
2021-09-29;Solrød;5;269
2021-09-29;Gribskov;6;270
2021-09-29;Odsherred;7;306
2021-09-29;Holbæk;15;316
2021-09-29;Faxe;9;320
2021-09-29;Kalundborg;11;326
2021-09-29;Ringsted;5;329
2021-09-29;Slagelse;13;330
2021-09-29;Stevns;6;336
2021-09-29;Sorø;6;340
2021-09-29;Lejre;5;350
2021-09-29;Lolland;10;360
2021-09-29;Næstved;5;370
2021-09-29;Guldborgsund;3;376
2021-09-29;Vordingborg;6;390
2021-09-29;Bornholm;9;400
2021-09-29;Middelfart;9;410
2021-09-29;Assens;10;420
2021-09-29;Faaborg-Midtfyn;4;430
2021-09-29;Kerteminde;4;440
2021-09-29;Nyborg;4;450
2021-09-29;Odense;32;461
2021-09-29;Svendborg;8;479
2021-09-29;Nordfyn;7;480
2021-09-29;Haderslev;12;510
2021-09-29;Billund;2;530
2021-09-29;Sønderborg;13;540
2021-09-29;Tønder;3;550
2021-09-29;Esbjerg;36;561
2021-09-29;Fanø;2;563
2021-09-29;Varde;12;573
2021-09-29;Vejen;5;575
2021-09-29;Aabenraa;13;580
2021-09-29;Fredericia;2;607
2021-09-29;Horsens;11;615
2021-09-29;Kolding;24;621
2021-09-29;Vejle;25;630
2021-09-29;Herning;60;657
2021-09-29;Holstebro;11;661
2021-09-29;Struer;7;671
2021-09-29;Syddjurs;8;706
2021-09-29;Norddjurs;5;707
2021-09-29;Favrskov;7;710
2021-09-29;Odder;2;727
2021-09-29;Randers;26;730
2021-09-29;Silkeborg;30;740
2021-09-29;Samsø;8;741
2021-09-29;Skanderborg;10;746
2021-09-29;Århus;92;751
2021-09-29;Ikast-Brande;17;756
2021-09-29;Ringkøbing-Skjern;46;760
2021-09-29;Hedensted;8;766
2021-09-29;Morsø;3;773
2021-09-29;Skive;21;779
2021-09-29;Thisted;2;787
2021-09-29;Viborg;33;791
2021-09-29;Brønderslev;4;810
2021-09-29;Frederikshavn;3;813
2021-09-29;Vesthimmerland;17;820
2021-09-29;Rebild;6;840
2021-09-29;Mariagerfjord;6;846
2021-09-29;Jammerbugt;2;849
2021-09-29;Aalborg;24;851
2021-09-29;Hjørring;33;860
2021-09-30;København;169;101
2021-09-30;Frederiksberg;17;147
2021-09-30;Ballerup;7;151
2021-09-30;Brøndby;3;153
2021-09-30;Gentofte;14;157
2021-09-30;Gladsaxe;9;159
2021-09-30;Glostrup;3;161
2021-09-30;Herlev;6;163
2021-09-30;Albertslund;6;165
2021-09-30;Hvidovre;5;167
2021-09-30;Høje Tåstrup;4;169
2021-09-30;Lyngby-Taarbæk;9;173
2021-09-30;Rødovre;10;175
2021-09-30;Ishøj;11;183
2021-09-30;Tårnby;6;185
2021-09-30;Vallensbæk;6;187
2021-09-30;Furesø;5;190
2021-09-30;Allerød;7;201
2021-09-30;Fredensborg;34;210
2021-09-30;Helsingør;12;217
2021-09-30;Hillerød;14;219
2021-09-30;Hørsholm;3;223
2021-09-30;Rudersdal;8;230
2021-09-30;Egedal;10;240
2021-09-30;Frederikssund;10;250
2021-09-30;Greve;9;253
2021-09-30;Køge;26;259
2021-09-30;Halsnæs;2;260
2021-09-30;Roskilde;17;265
2021-09-30;Solrød;7;269
2021-09-30;Gribskov;6;270
2021-09-30;Odsherred;4;306
2021-09-30;Holbæk;9;316
2021-09-30;Faxe;3;320
2021-09-30;Kalundborg;2;326
2021-09-30;Ringsted;8;329
2021-09-30;Slagelse;11;330
2021-09-30;Stevns;4;336
2021-09-30;Sorø;6;340
2021-09-30;Lejre;4;350
2021-09-30;Lolland;13;360
2021-09-30;Næstved;16;370
2021-09-30;Guldborgsund;4;376
2021-09-30;Vordingborg;5;390
2021-09-30;Bornholm;3;400
2021-09-30;Middelfart;22;410
2021-09-30;Assens;6;420
2021-09-30;Faaborg-Midtfyn;8;430
2021-09-30;Kerteminde;3;440
2021-09-30;Nyborg;1;450
2021-09-30;Odense;40;461
2021-09-30;Svendborg;8;479
2021-09-30;Nordfyn;2;480
2021-09-30;Langeland;2;482
2021-09-30;Haderslev;14;510
2021-09-30;Billund;7;530
2021-09-30;Sønderborg;2;540
2021-09-30;Tønder;5;550
2021-09-30;Esbjerg;16;561
2021-09-30;Fanø;1;563
2021-09-30;Varde;13;573
2021-09-30;Vejen;7;575
2021-09-30;Aabenraa;15;580
2021-09-30;Fredericia;4;607
2021-09-30;Horsens;27;615
2021-09-30;Kolding;14;621
2021-09-30;Vejle;18;630
2021-09-30;Herning;3;657
2021-09-30;Holstebro;1;661
2021-09-30;Struer;1;671
2021-09-30;Syddjurs;4;706
2021-09-30;Norddjurs;1;707
2021-09-30;Favrskov;9;710
2021-09-30;Odder;3;727
2021-09-30;Randers;12;730
2021-09-30;Silkeborg;28;740
2021-09-30;Skanderborg;4;746
2021-09-30;Århus;101;751
2021-09-30;Ikast-Brande;5;756
2021-09-30;Ringkøbing-Skjern;3;760
2021-09-30;Hedensted;6;766
2021-09-30;Morsø;1;773
2021-09-30;Skive;4;779
2021-09-30;Viborg;22;791
2021-09-30;Brønderslev;19;810
2021-09-30;Frederikshavn;13;813
2021-09-30;Vesthimmerland;3;820
2021-09-30;Rebild;4;840
2021-09-30;Mariagerfjord;4;846
2021-09-30;Jammerbugt;10;849
2021-09-30;Aalborg;55;851
2021-09-30;Hjørring;2;860
2021-10-01;København;157;101
2021-10-01;Frederiksberg;23;147
2021-10-01;Ballerup;9;151
2021-10-01;Brøndby;3;153
2021-10-01;Dragør;5;155
2021-10-01;Gentofte;20;157
2021-10-01;Gladsaxe;13;159
2021-10-01;Glostrup;5;161
2021-10-01;Herlev;5;163
2021-10-01;Albertslund;16;165
2021-10-01;Hvidovre;10;167
2021-10-01;Høje Tåstrup;9;169
2021-10-01;Lyngby-Taarbæk;7;173
2021-10-01;Rødovre;2;175
2021-10-01;Ishøj;9;183
2021-10-01;Tårnby;9;185
2021-10-01;Vallensbæk;3;187
2021-10-01;Furesø;10;190
2021-10-01;Allerød;5;201
2021-10-01;Fredensborg;11;210
2021-10-01;Helsingør;5;217
2021-10-01;Hillerød;9;219
2021-10-01;Hørsholm;5;223
2021-10-01;Rudersdal;4;230
2021-10-01;Egedal;8;240
2021-10-01;Frederikssund;3;250
2021-10-01;Greve;4;253
2021-10-01;Køge;9;259
2021-10-01;Halsnæs;8;260
2021-10-01;Roskilde;7;265
2021-10-01;Solrød;5;269
2021-10-01;Gribskov;5;270
2021-10-01;Odsherred;4;306
2021-10-01;Holbæk;12;316
2021-10-01;Faxe;3;320
2021-10-01;Kalundborg;6;326
2021-10-01;Ringsted;6;329
2021-10-01;Slagelse;18;330
2021-10-01;Stevns;6;336
2021-10-01;Sorø;4;340
2021-10-01;Lejre;5;350
2021-10-01;Lolland;12;360
2021-10-01;Næstved;18;370
2021-10-01;Guldborgsund;8;376
2021-10-01;Vordingborg;5;390
2021-10-01;Bornholm;5;400
2021-10-01;Middelfart;6;410
2021-10-01;Assens;2;420
2021-10-01;Faaborg-Midtfyn;10;430
2021-10-01;Kerteminde;2;440
2021-10-01;Nyborg;7;450
2021-10-01;Odense;40;461
2021-10-01;Svendborg;11;479
2021-10-01;Nordfyn;1;480
2021-10-01;Langeland;2;482
2021-10-01;Haderslev;12;510
2021-10-01;Billund;3;530
2021-10-01;Sønderborg;11;540
2021-10-01;Tønder;5;550
2021-10-01;Esbjerg;17;561
2021-10-01;Fanø;1;563
2021-10-01;Varde;8;573
2021-10-01;Vejen;4;575
2021-10-01;Aabenraa;15;580
2021-10-01;Fredericia;10;607
2021-10-01;Horsens;28;615
2021-10-01;Kolding;22;621
2021-10-01;Vejle;27;630
2021-10-01;Herning;36;657
2021-10-01;Holstebro;16;661
2021-10-01;Lemvig;3;665
2021-10-01;Struer;1;671
2021-10-01;Syddjurs;6;706
2021-10-01;Norddjurs;1;707
2021-10-01;Favrskov;3;710
2021-10-01;Odder;2;727
2021-10-01;Randers;2;730
2021-10-01;Silkeborg;24;740
2021-10-01;Skanderborg;12;746
2021-10-01;Århus;101;751
2021-10-01;Ikast-Brande;11;756
2021-10-01;Ringkøbing-Skjern;6;760
2021-10-01;Hedensted;7;766
2021-10-01;Skive;3;779
2021-10-01;Viborg;31;791
2021-10-01;Frederikshavn;1;813
2021-10-01;Vesthimmerland;1;820
2021-10-01;Aalborg;1;851
2021-10-01;Hjørring;5;860
2021-10-02;København;156;101
2021-10-02;Frederiksberg;22;147
2021-10-02;Ballerup;9;151
2021-10-02;Brøndby;1;153
2021-10-02;Dragør;1;155
2021-10-02;Gentofte;10;157
2021-10-02;Gladsaxe;18;159
2021-10-02;Glostrup;5;161
2021-10-02;Herlev;6;163
2021-10-02;Albertslund;1;165
2021-10-02;Hvidovre;12;167
2021-10-02;Høje Tåstrup;11;169
2021-10-02;Lyngby-Taarbæk;15;173
2021-10-02;Rødovre;7;175
2021-10-02;Ishøj;1;183
2021-10-02;Tårnby;6;185
2021-10-02;Vallensbæk;1;187
2021-10-02;Furesø;4;190
2021-10-02;Allerød;5;201
2021-10-02;Fredensborg;11;210
2021-10-02;Helsingør;5;217
2021-10-02;Hillerød;12;219
2021-10-02;Hørsholm;3;223
2021-10-02;Rudersdal;12;230
2021-10-02;Egedal;13;240
2021-10-02;Frederikssund;8;250
2021-10-02;Greve;6;253
2021-10-02;Køge;8;259
2021-10-02;Halsnæs;6;260
2021-10-02;Roskilde;11;265
2021-10-02;Solrød;2;269
2021-10-02;Gribskov;7;270
2021-10-02;Odsherred;2;306
2021-10-02;Holbæk;2;316
2021-10-02;Faxe;5;320
2021-10-02;Kalundborg;2;326
2021-10-02;Ringsted;3;329
2021-10-02;Slagelse;8;330
2021-10-02;Stevns;1;336
2021-10-02;Sorø;4;340
2021-10-02;Lejre;4;350
2021-10-02;Lolland;4;360
2021-10-02;Næstved;11;370
2021-10-02;Guldborgsund;10;376
2021-10-02;Vordingborg;6;390
2021-10-02;Bornholm;12;400
2021-10-02;Middelfart;10;410
2021-10-02;Assens;6;420
2021-10-02;Faaborg-Midtfyn;7;430
2021-10-02;Kerteminde;3;440
2021-10-02;Nyborg;4;450
2021-10-02;Odense;57;461
2021-10-02;Svendborg;2;479
2021-10-02;Nordfyn;6;480
2021-10-02;Haderslev;25;510
2021-10-02;Billund;4;530
2021-10-02;Sønderborg;21;540
2021-10-02;Tønder;8;550
2021-10-02;Vejen;7;575
2021-10-02;Aabenraa;10;580
2021-10-02;Fredericia;5;607
2021-10-02;Horsens;3;615
2021-10-02;Kolding;16;621
2021-10-02;Vejle;22;630
2021-10-02;Favrskov;1;710
2021-10-02;Ikast-Brande;5;756
2021-10-02;Hedensted;1;766
2021-10-02;Morsø;1;773
2021-10-02;Skive;1;779
2021-10-02;Thisted;7;787
2021-10-02;Viborg;1;791
2021-10-02;Vesthimmerland;2;820
2021-10-02;Jammerbugt;1;849
2021-10-02;Aalborg;3;851
2021-10-03;København;27;101
2021-10-03;Frederiksberg;4;147
2021-10-03;Ballerup;2;151
2021-10-03;Brøndby;3;153
2021-10-03;Gladsaxe;3;159
2021-10-03;Hvidovre;1;167
2021-10-03;Høje Tåstrup;1;169
2021-10-03;Lyngby-Taarbæk;2;173
2021-10-03;Rødovre;2;175
2021-10-03;Ishøj;1;183
2021-10-03;Tårnby;1;185
2021-10-03;Hillerød;1;219
2021-10-03;Hørsholm;1;223
2021-10-03;Rudersdal;2;230
2021-10-03;Egedal;4;240
2021-10-03;Frederikssund;1;250
2021-10-03;Greve;4;253
2021-10-03;Køge;7;259
2021-10-03;Halsnæs;1;260
2021-10-03;Roskilde;7;265
2021-10-03;Solrød;7;269
2021-10-03;Gribskov;1;270
2021-10-03;Odsherred;6;306
2021-10-03;Holbæk;10;316
2021-10-03;Faxe;6;320
2021-10-03;Kalundborg;4;326
2021-10-03;Ringsted;1;329
2021-10-03;Slagelse;13;330
2021-10-03;Stevns;2;336
2021-10-03;Sorø;2;340
2021-10-03;Lejre;2;350
2021-10-03;Lolland;3;360
2021-10-03;Næstved;11;370
2021-10-03;Guldborgsund;4;376
2021-10-03;Vordingborg;2;390
2021-10-03;Middelfart;2;410
2021-10-03;Assens;2;420
2021-10-03;Faaborg-Midtfyn;4;430
2021-10-03;Kerteminde;4;440
2021-10-03;Nyborg;4;450
2021-10-03;Odense;31;461
2021-10-03;Svendborg;1;479
2021-10-03;Nordfyn;4;480
2021-10-03;Langeland;1;482
2021-10-03;Haderslev;4;510
2021-10-03;Billund;4;530
2021-10-03;Sønderborg;8;540
2021-10-03;Tønder;4;550
2021-10-03;Esbjerg;2;561
2021-10-03;Vejen;6;575
2021-10-03;Aabenraa;7;580
2021-10-03;Fredericia;8;607
2021-10-03;Horsens;1;615
2021-10-03;Kolding;13;621
2021-10-03;Vejle;12;630
2021-10-03;Holstebro;1;661
2021-10-03;Struer;1;671
2021-10-03;Syddjurs;1;706
2021-10-03;Silkeborg;1;740
2021-10-03;Skanderborg;2;746
2021-10-03;Århus;3;751
2021-10-03;Hedensted;2;766
2021-10-03;Viborg;1;791
2021-10-03;Brønderslev;13;810
2021-10-03;Frederikshavn;2;813
2021-10-03;Vesthimmerland;7;820
2021-10-03;Rebild;15;840
2021-10-03;Mariagerfjord;8;846
2021-10-03;Jammerbugt;7;849
2021-10-03;Aalborg;105;851
2021-10-03;Hjørring;1;860
2021-10-04;København;44;101
2021-10-04;Frederiksberg;8;147
2021-10-04;Ballerup;1;151
2021-10-04;Brøndby;1;153
2021-10-04;Dragør;5;155
2021-10-04;Gentofte;4;157
2021-10-04;Gladsaxe;2;159
2021-10-04;Glostrup;1;161
2021-10-04;Hvidovre;1;167
2021-10-04;Høje Tåstrup;9;169
2021-10-04;Lyngby-Taarbæk;2;173
2021-10-04;Rødovre;8;175
2021-10-04;Ishøj;7;183
2021-10-04;Tårnby;3;185
2021-10-04;Vallensbæk;1;187
2021-10-04;Furesø;1;190
2021-10-04;Allerød;1;201
2021-10-04;Fredensborg;4;210
2021-10-04;Helsingør;2;217
2021-10-04;Hørsholm;1;223
2021-10-04;Rudersdal;5;230
2021-10-04;Egedal;3;240
2021-10-04;Frederikssund;4;250
2021-10-04;Greve;1;253
2021-10-04;Køge;5;259
2021-10-04;Halsnæs;1;260
2021-10-04;Roskilde;15;265
2021-10-04;Solrød;6;269
2021-10-04;Gribskov;1;270
2021-10-04;Odsherred;2;306
2021-10-04;Holbæk;24;316
2021-10-04;Faxe;3;320
2021-10-04;Kalundborg;6;326
2021-10-04;Ringsted;1;329
2021-10-04;Slagelse;11;330
2021-10-04;Stevns;6;336
2021-10-04;Sorø;3;340
2021-10-04;Lejre;4;350
2021-10-04;Lolland;8;360
2021-10-04;Næstved;11;370
2021-10-04;Guldborgsund;4;376
2021-10-04;Vordingborg;4;390
2021-10-04;Bornholm;2;400
2021-10-04;Middelfart;10;410
2021-10-04;Assens;3;420
2021-10-04;Faaborg-Midtfyn;7;430
2021-10-04;Nyborg;5;450
2021-10-04;Odense;27;461
2021-10-04;Svendborg;14;479
2021-10-04;Nordfyn;2;480
2021-10-04;Langeland;6;482
2021-10-04;Ærø;1;492
2021-10-04;Haderslev;11;510
2021-10-04;Billund;4;530
2021-10-04;Sønderborg;5;540
2021-10-04;Tønder;3;550
2021-10-04;Esbjerg;21;561
2021-10-04;Varde;11;573
2021-10-04;Vejen;7;575
2021-10-04;Aabenraa;6;580
2021-10-04;Fredericia;8;607
2021-10-04;Horsens;6;615
2021-10-04;Kolding;22;621
2021-10-04;Vejle;20;630
2021-10-04;Herning;25;657
2021-10-04;Holstebro;4;661
2021-10-04;Lemvig;17;665
2021-10-04;Struer;4;671
2021-10-04;Syddjurs;11;706
2021-10-04;Norddjurs;6;707
2021-10-04;Favrskov;20;710
2021-10-04;Odder;12;727
2021-10-04;Randers;38;730
2021-10-04;Silkeborg;25;740
2021-10-04;Skanderborg;9;746
2021-10-04;Århus;93;751
2021-10-04;Ikast-Brande;10;756
2021-10-04;Ringkøbing-Skjern;3;760
2021-10-04;Hedensted;1;766
2021-10-04;Thisted;1;787
2021-10-04;Viborg;2;791
2021-10-04;Brønderslev;5;810
2021-10-04;Frederikshavn;1;813
2021-10-04;Vesthimmerland;2;820
2021-10-04;Rebild;5;840
2021-10-04;Jammerbugt;3;849
2021-10-04;Aalborg;51;851
2021-10-05;København;145;101
2021-10-05;Frederiksberg;22;147
2021-10-05;Ballerup;15;151
2021-10-05;Brøndby;10;153
2021-10-05;Dragør;8;155
2021-10-05;Gentofte;13;157
2021-10-05;Gladsaxe;12;159
2021-10-05;Glostrup;1;161
2021-10-05;Herlev;4;163
2021-10-05;Albertslund;12;165
2021-10-05;Hvidovre;5;167
2021-10-05;Høje Tåstrup;26;169
2021-10-05;Lyngby-Taarbæk;15;173
2021-10-05;Rødovre;13;175
2021-10-05;Ishøj;5;183
2021-10-05;Tårnby;6;185
2021-10-05;Vallensbæk;4;187
2021-10-05;Furesø;9;190
2021-10-05;Allerød;4;201
2021-10-05;Fredensborg;13;210
2021-10-05;Helsingør;23;217
2021-10-05;Hillerød;10;219
2021-10-05;Hørsholm;3;223
2021-10-05;Rudersdal;9;230
2021-10-05;Egedal;5;240
2021-10-05;Frederikssund;5;250
2021-10-05;Greve;8;253
2021-10-05;Køge;9;259
2021-10-05;Halsnæs;12;260
2021-10-05;Roskilde;16;265
2021-10-05;Solrød;4;269
2021-10-05;Gribskov;4;270
2021-10-05;Odsherred;4;306
2021-10-05;Holbæk;14;316
2021-10-05;Faxe;3;320
2021-10-05;Kalundborg;6;326
2021-10-05;Ringsted;3;329
2021-10-05;Slagelse;9;330
2021-10-05;Stevns;5;336
2021-10-05;Sorø;2;340
2021-10-05;Lejre;1;350
2021-10-05;Lolland;3;360
2021-10-05;Næstved;8;370
2021-10-05;Guldborgsund;4;376
2021-10-05;Vordingborg;2;390
2021-10-05;Bornholm;10;400
2021-10-05;Middelfart;15;410
2021-10-05;Assens;2;420
2021-10-05;Faaborg-Midtfyn;4;430
2021-10-05;Kerteminde;1;440
2021-10-05;Nyborg;6;450
2021-10-05;Odense;40;461
2021-10-05;Svendborg;11;479
2021-10-05;Nordfyn;6;480
2021-10-05;Langeland;2;482
2021-10-05;Ærø;2;492
2021-10-05;Haderslev;6;510
2021-10-05;Billund;9;530
2021-10-05;Sønderborg;11;540
2021-10-05;Tønder;8;550
2021-10-05;Esbjerg;37;561
2021-10-05;Fanø;2;563
2021-10-05;Varde;16;573
2021-10-05;Vejen;6;575
2021-10-05;Aabenraa;10;580
2021-10-05;Fredericia;11;607
2021-10-05;Horsens;7;615
2021-10-05;Kolding;15;621
2021-10-05;Vejle;19;630
2021-10-05;Herning;39;657
2021-10-05;Holstebro;49;661
2021-10-05;Struer;4;671
2021-10-05;Syddjurs;15;706
2021-10-05;Norddjurs;5;707
2021-10-05;Favrskov;7;710
2021-10-05;Randers;10;730
2021-10-05;Silkeborg;4;740
2021-10-05;Skanderborg;5;746
2021-10-05;Århus;105;751
2021-10-05;Ikast-Brande;10;756
2021-10-05;Ringkøbing-Skjern;25;760
2021-10-05;Hedensted;18;766
2021-10-05;Morsø;12;773
2021-10-05;Skive;21;779
2021-10-05;Thisted;25;787
2021-10-05;Viborg;4;791
2021-10-05;Brønderslev;2;810
2021-10-05;Frederikshavn;8;813
2021-10-05;Vesthimmerland;3;820
2021-10-05;Rebild;1;840
2021-10-05;Jammerbugt;6;849
2021-10-05;Aalborg;44;851
2021-10-05;Hjørring;5;860
2021-10-06;København;183;101
2021-10-06;Frederiksberg;22;147
2021-10-06;Ballerup;12;151
2021-10-06;Brøndby;9;153
2021-10-06;Dragør;8;155
2021-10-06;Gentofte;21;157
2021-10-06;Gladsaxe;24;159
2021-10-06;Glostrup;11;161
2021-10-06;Herlev;12;163
2021-10-06;Albertslund;9;165
2021-10-06;Hvidovre;8;167
2021-10-06;Høje Tåstrup;19;169
2021-10-06;Lyngby-Taarbæk;18;173
2021-10-06;Rødovre;8;175
2021-10-06;Ishøj;21;183
2021-10-06;Tårnby;2;185
2021-10-06;Vallensbæk;5;187
2021-10-06;Furesø;11;190
2021-10-06;Allerød;10;201
2021-10-06;Fredensborg;9;210
2021-10-06;Helsingør;16;217
2021-10-06;Hillerød;7;219
2021-10-06;Hørsholm;6;223
2021-10-06;Rudersdal;9;230
2021-10-06;Egedal;10;240
2021-10-06;Frederikssund;9;250
2021-10-06;Greve;17;253
2021-10-06;Køge;12;259
2021-10-06;Halsnæs;5;260
2021-10-06;Roskilde;11;265
2021-10-06;Solrød;8;269
2021-10-06;Gribskov;9;270
2021-10-06;Odsherred;14;306
2021-10-06;Holbæk;13;316
2021-10-06;Faxe;25;320
2021-10-06;Kalundborg;34;326
2021-10-06;Ringsted;28;329
2021-10-06;Slagelse;10;330
2021-10-06;Stevns;5;336
2021-10-06;Sorø;11;340
2021-10-06;Lejre;11;350
2021-10-06;Lolland;17;360
2021-10-06;Næstved;7;370
2021-10-06;Guldborgsund;15;376
2021-10-06;Vordingborg;22;390
2021-10-06;Bornholm;9;400
2021-10-06;Middelfart;13;410
2021-10-06;Assens;26;420
2021-10-06;Faaborg-Midtfyn;2;430
2021-10-06;Kerteminde;1;440
2021-10-06;Nyborg;4;450
2021-10-06;Odense;41;461
2021-10-06;Svendborg;12;479
2021-10-06;Nordfyn;1;480
2021-10-06;Langeland;1;482
2021-10-06;Ærø;1;492
2021-10-06;Haderslev;8;510
2021-10-06;Billund;3;530
2021-10-06;Sønderborg;19;540
2021-10-06;Tønder;1;550
2021-10-06;Esbjerg;24;561
2021-10-06;Fanø;1;563
2021-10-06;Varde;15;573
2021-10-06;Vejen;12;575
2021-10-06;Aabenraa;20;580
2021-10-06;Fredericia;14;607
2021-10-06;Horsens;8;615
2021-10-06;Kolding;12;621
2021-10-06;Vejle;12;630
2021-10-06;Herning;3;657
2021-10-06;Holstebro;23;661
2021-10-06;Lemvig;1;665
2021-10-06;Struer;6;671
2021-10-06;Syddjurs;3;706
2021-10-06;Norddjurs;3;707
2021-10-06;Favrskov;4;710
2021-10-06;Odder;2;727
2021-10-06;Randers;22;730
2021-10-06;Silkeborg;9;740
2021-10-06;Skanderborg;37;746
2021-10-06;Århus;44;751
2021-10-06;Ikast-Brande;1;756
2021-10-06;Ringkøbing-Skjern;50;760
2021-10-06;Hedensted;7;766
2021-10-06;Skive;12;779
2021-10-06;Viborg;32;791
2021-10-06;Brønderslev;12;810
2021-10-06;Frederikshavn;8;813
2021-10-06;Vesthimmerland;6;820
2021-10-06;Rebild;7;840
2021-10-06;Mariagerfjord;16;846
2021-10-06;Jammerbugt;4;849
2021-10-06;Aalborg;3;851
2021-10-06;Hjørring;22;860
2021-10-07;København;125;101
2021-10-07;Frederiksberg;24;147
2021-10-07;Ballerup;17;151
2021-10-07;Brøndby;7;153
2021-10-07;Dragør;1;155
2021-10-07;Gentofte;10;157
2021-10-07;Gladsaxe;11;159
2021-10-07;Glostrup;5;161
2021-10-07;Herlev;2;163
2021-10-07;Albertslund;15;165
2021-10-07;Hvidovre;12;167
2021-10-07;Høje Tåstrup;11;169
2021-10-07;Lyngby-Taarbæk;11;173
2021-10-07;Rødovre;13;175
2021-10-07;Ishøj;6;183
2021-10-07;Tårnby;8;185
2021-10-07;Vallensbæk;7;187
2021-10-07;Furesø;5;190
2021-10-07;Fredensborg;3;210
2021-10-07;Helsingør;7;217
2021-10-07;Hillerød;9;219
2021-10-07;Rudersdal;10;230
2021-10-07;Egedal;11;240
2021-10-07;Frederikssund;9;250
2021-10-07;Greve;3;253
2021-10-07;Køge;9;259
2021-10-07;Halsnæs;4;260
2021-10-07;Roskilde;15;265
2021-10-07;Solrød;1;269
2021-10-07;Gribskov;3;270
2021-10-07;Odsherred;4;306
2021-10-07;Holbæk;12;316
2021-10-07;Kalundborg;4;326
2021-10-07;Ringsted;5;329
2021-10-07;Slagelse;19;330
2021-10-07;Stevns;2;336
2021-10-07;Lejre;2;350
2021-10-07;Lolland;4;360
2021-10-07;Næstved;8;370
2021-10-07;Guldborgsund;10;376
2021-10-07;Vordingborg;1;390
2021-10-07;Bornholm;2;400
2021-10-07;Middelfart;4;410
2021-10-07;Assens;6;420
2021-10-07;Faaborg-Midtfyn;7;430
2021-10-07;Kerteminde;3;440
2021-10-07;Nyborg;3;450
2021-10-07;Odense;35;461
2021-10-07;Svendborg;15;479
2021-10-07;Nordfyn;7;480
2021-10-07;Langeland;1;482
2021-10-07;Haderslev;6;510
2021-10-07;Billund;1;530
2021-10-07;Sønderborg;3;540
2021-10-07;Tønder;4;550
2021-10-07;Esbjerg;18;561
2021-10-07;Fanø;1;563
2021-10-07;Varde;11;573
2021-10-07;Vejen;3;575
2021-10-07;Aabenraa;10;580
2021-10-07;Fredericia;6;607
2021-10-07;Horsens;28;615
2021-10-07;Kolding;13;621
2021-10-07;Vejle;10;630
2021-10-07;Holstebro;1;661
2021-10-07;Struer;1;671
2021-10-07;Syddjurs;12;706
2021-10-07;Norddjurs;7;707
2021-10-07;Favrskov;13;710
2021-10-07;Randers;15;730
2021-10-07;Silkeborg;25;740
2021-10-07;Skanderborg;8;746
2021-10-07;Århus;90;751
2021-10-07;Ringkøbing-Skjern;3;760
2021-10-07;Hedensted;4;766
2021-10-07;Morsø;1;773
2021-10-07;Skive;6;779
2021-10-07;Thisted;1;787
2021-10-07;Viborg;21;791
2021-10-07;Brønderslev;2;810
2021-10-07;Frederikshavn;1;813
2021-10-07;Vesthimmerland;2;820
2021-10-07;Rebild;5;840
2021-10-07;Mariagerfjord;1;846
2021-10-07;Jammerbugt;5;849
2021-10-07;Aalborg;47;851
2021-10-07;Hjørring;1;860
2021-10-08;København;130;101
2021-10-08;Frederiksberg;20;147
2021-10-08;Ballerup;14;151
2021-10-08;Brøndby;8;153
2021-10-08;Dragør;1;155
2021-10-08;Gentofte;11;157
2021-10-08;Gladsaxe;9;159
2021-10-08;Glostrup;6;161
2021-10-08;Herlev;3;163
2021-10-08;Albertslund;7;165
2021-10-08;Hvidovre;12;167
2021-10-08;Høje Tåstrup;11;169
2021-10-08;Lyngby-Taarbæk;12;173
2021-10-08;Rødovre;9;175
2021-10-08;Ishøj;2;183
2021-10-08;Tårnby;7;185
2021-10-08;Furesø;4;190
2021-10-08;Allerød;7;201
2021-10-08;Fredensborg;2;210
2021-10-08;Helsingør;12;217
2021-10-08;Hillerød;13;219
2021-10-08;Hørsholm;1;223
2021-10-08;Rudersdal;8;230
2021-10-08;Egedal;4;240
2021-10-08;Frederikssund;6;250
2021-10-08;Greve;6;253
2021-10-08;Køge;6;259
2021-10-08;Halsnæs;4;260
2021-10-08;Roskilde;19;265
2021-10-08;Solrød;3;269
2021-10-08;Gribskov;8;270
2021-10-08;Odsherred;5;306
2021-10-08;Holbæk;8;316
2021-10-08;Faxe;5;320
2021-10-08;Kalundborg;4;326
2021-10-08;Ringsted;3;329
2021-10-08;Slagelse;19;330
2021-10-08;Stevns;2;336
2021-10-08;Sorø;5;340
2021-10-08;Lejre;1;350
2021-10-08;Lolland;4;360
2021-10-08;Næstved;14;370
2021-10-08;Guldborgsund;5;376
2021-10-08;Vordingborg;1;390
2021-10-08;Bornholm;8;400
2021-10-08;Middelfart;2;410
2021-10-08;Assens;5;420
2021-10-08;Faaborg-Midtfyn;12;430
2021-10-08;Kerteminde;1;440
2021-10-08;Nyborg;5;450
2021-10-08;Odense;26;461
2021-10-08;Svendborg;24;479
2021-10-08;Nordfyn;4;480
2021-10-08;Langeland;1;482
2021-10-08;Ærø;1;492
2021-10-08;Haderslev;22;510
2021-10-08;Billund;3;530
2021-10-08;Sønderborg;15;540
2021-10-08;Tønder;8;550
2021-10-08;Esbjerg;21;561
2021-10-08;Varde;3;573
2021-10-08;Vejen;3;575
2021-10-08;Aabenraa;5;580
2021-10-08;Fredericia;12;607
2021-10-08;Horsens;25;615
2021-10-08;Kolding;17;621
2021-10-08;Vejle;27;630
2021-10-08;Herning;77;657
2021-10-08;Holstebro;2;661
2021-10-08;Syddjurs;12;706
2021-10-08;Norddjurs;4;707
2021-10-08;Favrskov;19;710
2021-10-08;Randers;18;730
2021-10-08;Silkeborg;29;740
2021-10-08;Skanderborg;5;746
2021-10-08;Århus;84;751
2021-10-08;Ikast-Brande;31;756
2021-10-08;Ringkøbing-Skjern;14;760
2021-10-08;Hedensted;3;766
2021-10-08;Morsø;2;773
2021-10-08;Skive;3;779
2021-10-08;Viborg;33;791
2021-10-08;Brønderslev;6;810
2021-10-08;Frederikshavn;6;813
2021-10-08;Vesthimmerland;4;820
2021-10-08;Rebild;4;840
2021-10-08;Mariagerfjord;2;846
2021-10-08;Jammerbugt;3;849
2021-10-08;Aalborg;6;851
2021-10-08;Hjørring;23;860
2021-10-09;København;159;101
2021-10-09;Frederiksberg;22;147
2021-10-09;Ballerup;9;151
2021-10-09;Brøndby;15;153
2021-10-09;Dragør;6;155
2021-10-09;Gentofte;27;157
2021-10-09;Gladsaxe;22;159
2021-10-09;Glostrup;8;161
2021-10-09;Herlev;5;163
2021-10-09;Albertslund;6;165
2021-10-09;Hvidovre;17;167
2021-10-09;Høje Tåstrup;17;169
2021-10-09;Lyngby-Taarbæk;10;173
2021-10-09;Rødovre;11;175
2021-10-09;Ishøj;11;183
2021-10-09;Tårnby;3;185
2021-10-09;Vallensbæk;3;187
2021-10-09;Furesø;8;190
2021-10-09;Allerød;4;201
2021-10-09;Fredensborg;7;210
2021-10-09;Helsingør;7;217
2021-10-09;Hillerød;11;219
2021-10-09;Hørsholm;3;223
2021-10-09;Rudersdal;8;230
2021-10-09;Egedal;6;240
2021-10-09;Frederikssund;6;250
2021-10-09;Greve;6;253
2021-10-09;Køge;4;259
2021-10-09;Halsnæs;7;260
2021-10-09;Roskilde;9;265
2021-10-09;Solrød;7;269
2021-10-09;Gribskov;5;270
2021-10-09;Odsherred;2;306
2021-10-09;Holbæk;12;316
2021-10-09;Faxe;3;320
2021-10-09;Kalundborg;2;326
2021-10-09;Ringsted;3;329
2021-10-09;Slagelse;12;330
2021-10-09;Stevns;5;336
2021-10-09;Sorø;3;340
2021-10-09;Lolland;5;360
2021-10-09;Næstved;10;370
2021-10-09;Guldborgsund;1;376
2021-10-09;Vordingborg;6;390
2021-10-09;Bornholm;5;400
2021-10-09;Middelfart;2;410
2021-10-09;Assens;2;420
2021-10-09;Faaborg-Midtfyn;5;430
2021-10-09;Kerteminde;8;440
2021-10-09;Nyborg;5;450
2021-10-09;Odense;44;461
2021-10-09;Nordfyn;5;480
2021-10-09;Haderslev;12;510
2021-10-09;Sønderborg;12;540
2021-10-09;Tønder;8;550
2021-10-09;Esbjerg;1;561
2021-10-09;Vejen;10;575
2021-10-09;Aabenraa;13;580
2021-10-09;Fredericia;7;607
2021-10-09;Kolding;14;621
2021-10-09;Vejle;16;630
2021-10-09;Herning;2;657
2021-10-09;Syddjurs;2;706
2021-10-09;Randers;1;730
2021-10-09;Århus;1;751
2021-10-09;Ikast-Brande;1;756
2021-10-09;Thisted;1;787
2021-10-09;Viborg;1;791
2021-10-09;Brønderslev;2;810
2021-10-09;Vesthimmerland;11;820
2021-10-09;Rebild;9;840
2021-10-09;Mariagerfjord;15;846
2021-10-09;Jammerbugt;1;849
2021-10-09;Aalborg;11;851
2021-10-10;København;5;101
2021-10-10;Brøndby;1;153
2021-10-10;Gentofte;1;157
2021-10-10;Gladsaxe;1;159
2021-10-10;Glostrup;1;161
2021-10-10;Høje Tåstrup;4;169
2021-10-10;Rødovre;1;175
2021-10-10;Ishøj;1;183
2021-10-10;Vallensbæk;1;187
2021-10-10;Fredensborg;1;210
2021-10-10;Rudersdal;1;230
2021-10-10;Egedal;2;240
2021-10-10;Frederikssund;2;250
2021-10-10;Greve;2;253
2021-10-10;Køge;5;259
2021-10-10;Halsnæs;1;260
2021-10-10;Roskilde;12;265
2021-10-10;Solrød;1;269
2021-10-10;Gribskov;2;270
2021-10-10;Odsherred;4;306
2021-10-10;Holbæk;14;316
2021-10-10;Faxe;1;320
2021-10-10;Kalundborg;2;326
2021-10-10;Slagelse;10;330
2021-10-10;Stevns;2;336
2021-10-10;Sorø;1;340
2021-10-10;Lejre;2;350
2021-10-10;Lolland;2;360
2021-10-10;Næstved;7;370
2021-10-10;Guldborgsund;4;376
2021-10-10;Vordingborg;4;390
2021-10-10;Middelfart;3;410
2021-10-10;Assens;4;420
2021-10-10;Faaborg-Midtfyn;5;430
2021-10-10;Kerteminde;3;440
2021-10-10;Nyborg;1;450
2021-10-10;Odense;21;461
2021-10-10;Svendborg;1;479
2021-10-10;Nordfyn;5;480
2021-10-10;Haderslev;9;510
2021-10-10;Billund;3;530
2021-10-10;Sønderborg;13;540
2021-10-10;Tønder;5;550
2021-10-10;Esbjerg;3;561
2021-10-10;Vejen;6;575
2021-10-10;Aabenraa;11;580
2021-10-10;Fredericia;9;607
2021-10-10;Kolding;12;621
2021-10-10;Vejle;17;630
2021-10-10;Silkeborg;1;740
2021-10-10;Skanderborg;2;746
2021-10-10;Århus;1;751
2021-10-10;Ikast-Brande;1;756
2021-10-10;Ringkøbing-Skjern;1;760
2021-10-10;Hedensted;6;766
2021-10-10;Morsø;7;773
2021-10-10;Skive;4;779
2021-10-10;Thisted;30;787
2021-10-10;Viborg;3;791
2021-10-10;Brønderslev;7;810
2021-10-10;Frederikshavn;8;813
2021-10-10;Vesthimmerland;4;820
2021-10-10;Rebild;10;840
2021-10-10;Mariagerfjord;4;846
2021-10-10;Jammerbugt;16;849
2021-10-10;Aalborg;80;851
2021-10-10;Hjørring;24;860
2021-10-11;København;62;101
2021-10-11;Frederiksberg;14;147
2021-10-11;Brøndby;2;153
2021-10-11;Gentofte;4;157
2021-10-11;Gladsaxe;32;159
2021-10-11;Herlev;1;163
2021-10-11;Albertslund;1;165
2021-10-11;Hvidovre;1;167
2021-10-11;Høje Tåstrup;6;169
2021-10-11;Lyngby-Taarbæk;3;173
2021-10-11;Rødovre;3;175
2021-10-11;Tårnby;8;185
2021-10-11;Furesø;4;190
2021-10-11;Fredensborg;3;210
2021-10-11;Hillerød;2;219
2021-10-11;Hørsholm;1;223
2021-10-11;Egedal;4;240
2021-10-11;Frederikssund;1;250
2021-10-11;Greve;3;253
2021-10-11;Køge;8;259
2021-10-11;Halsnæs;1;260
2021-10-11;Roskilde;15;265
2021-10-11;Solrød;5;269
2021-10-11;Gribskov;1;270
2021-10-11;Odsherred;12;306
2021-10-11;Holbæk;14;316
2021-10-11;Faxe;3;320
2021-10-11;Kalundborg;4;326
2021-10-11;Ringsted;2;329
2021-10-11;Slagelse;11;330
2021-10-11;Stevns;3;336
2021-10-11;Sorø;5;340
2021-10-11;Lejre;3;350
2021-10-11;Lolland;11;360
2021-10-11;Næstved;20;370
2021-10-11;Guldborgsund;7;376
2021-10-11;Vordingborg;1;390
2021-10-11;Middelfart;3;410
2021-10-11;Assens;4;420
2021-10-11;Faaborg-Midtfyn;4;430
2021-10-11;Kerteminde;2;440
2021-10-11;Nyborg;2;450
2021-10-11;Odense;34;461
2021-10-11;Svendborg;13;479
2021-10-11;Nordfyn;3;480
2021-10-11;Ærø;2;492
2021-10-11;Haderslev;14;510
2021-10-11;Billund;2;530
2021-10-11;Sønderborg;20;540
2021-10-11;Tønder;8;550
2021-10-11;Esbjerg;14;561
2021-10-11;Varde;3;573
2021-10-11;Vejen;3;575
2021-10-11;Aabenraa;7;580
2021-10-11;Fredericia;6;607
2021-10-11;Horsens;17;615
2021-10-11;Kolding;15;621
2021-10-11;Vejle;20;630
2021-10-11;Holstebro;8;661
2021-10-11;Lemvig;14;665
2021-10-11;Struer;1;671
2021-10-11;Syddjurs;5;706
2021-10-11;Norddjurs;6;707
2021-10-11;Favrskov;11;710
2021-10-11;Odder;17;727
2021-10-11;Randers;39;730
2021-10-11;Silkeborg;35;740
2021-10-11;Samsø;1;741
2021-10-11;Skanderborg;10;746
2021-10-11;Århus;68;751
2021-10-11;Ikast-Brande;3;756
2021-10-11;Ringkøbing-Skjern;2;760
2021-10-11;Hedensted;3;766
2021-10-11;Viborg;2;791
2021-10-11;Brønderslev;3;810
2021-10-11;Frederikshavn;3;813
2021-10-11;Rebild;4;840
2021-10-11;Mariagerfjord;6;846
2021-10-11;Jammerbugt;5;849
2021-10-11;Aalborg;35;851
2021-10-12;København;205;101
2021-10-12;Frederiksberg;25;147
2021-10-12;Ballerup;14;151
2021-10-12;Brøndby;11;153
2021-10-12;Dragør;3;155
2021-10-12;Gentofte;18;157
2021-10-12;Gladsaxe;45;159
2021-10-12;Glostrup;2;161
2021-10-12;Herlev;8;163
2021-10-12;Albertslund;5;165
2021-10-12;Hvidovre;13;167
2021-10-12;Høje Tåstrup;10;169
2021-10-12;Lyngby-Taarbæk;24;173
2021-10-12;Rødovre;5;175
2021-10-12;Ishøj;5;183
2021-10-12;Tårnby;5;185
2021-10-12;Vallensbæk;3;187
2021-10-12;Furesø;18;190
2021-10-12;Allerød;5;201
2021-10-12;Fredensborg;3;210
2021-10-12;Helsingør;7;217
2021-10-12;Hillerød;14;219
2021-10-12;Hørsholm;9;223
2021-10-12;Rudersdal;11;230
2021-10-12;Egedal;8;240
2021-10-12;Frederikssund;6;250
2021-10-12;Greve;4;253
2021-10-12;Køge;7;259
2021-10-12;Roskilde;15;265
2021-10-12;Solrød;1;269
2021-10-12;Gribskov;6;270
2021-10-12;Odsherred;2;306
2021-10-12;Holbæk;6;316
2021-10-12;Faxe;3;320
2021-10-12;Kalundborg;6;326
2021-10-12;Ringsted;1;329
2021-10-12;Slagelse;10;330
2021-10-12;Sorø;2;340
2021-10-12;Lolland;6;360
2021-10-12;Næstved;11;370
2021-10-12;Guldborgsund;2;376
2021-10-12;Vordingborg;2;390
2021-10-12;Bornholm;5;400
2021-10-12;Middelfart;5;410
2021-10-12;Assens;1;420
2021-10-12;Faaborg-Midtfyn;4;430
2021-10-12;Kerteminde;4;440
2021-10-12;Nyborg;3;450
2021-10-12;Odense;33;461
2021-10-12;Svendborg;13;479
2021-10-12;Nordfyn;3;480
2021-10-12;Haderslev;7;510
2021-10-12;Billund;3;530
2021-10-12;Sønderborg;10;540
2021-10-12;Tønder;12;550
2021-10-12;Esbjerg;19;561
2021-10-12;Varde;6;573
2021-10-12;Vejen;3;575
2021-10-12;Aabenraa;9;580
2021-10-12;Fredericia;34;607
2021-10-12;Horsens;8;615
2021-10-12;Kolding;15;621
2021-10-12;Vejle;23;630
2021-10-12;Herning;42;657
2021-10-12;Holstebro;32;661
2021-10-12;Lemvig;1;665
2021-10-12;Struer;6;671
2021-10-12;Syddjurs;5;706
2021-10-12;Norddjurs;5;707
2021-10-12;Favrskov;7;710
2021-10-12;Randers;7;730
2021-10-12;Silkeborg;5;740
2021-10-12;Skanderborg;7;746
2021-10-12;Århus;90;751
2021-10-12;Ikast-Brande;19;756
2021-10-12;Ringkøbing-Skjern;6;760
2021-10-12;Hedensted;14;766
2021-10-12;Morsø;2;773
2021-10-12;Skive;28;779
2021-10-12;Thisted;10;787
2021-10-12;Viborg;3;791
2021-10-12;Brønderslev;3;810
2021-10-12;Frederikshavn;2;813
2021-10-12;Vesthimmerland;9;820
2021-10-12;Rebild;8;840
2021-10-12;Mariagerfjord;3;846
2021-10-12;Jammerbugt;4;849
2021-10-12;Aalborg;43;851
2021-10-12;Hjørring;4;860
2021-10-13;København;191;101
2021-10-13;Frederiksberg;35;147
2021-10-13;Ballerup;11;151
2021-10-13;Brøndby;10;153
2021-10-13;Dragør;1;155
2021-10-13;Gentofte;28;157
2021-10-13;Gladsaxe;38;159
2021-10-13;Glostrup;3;161
2021-10-13;Herlev;20;163
2021-10-13;Albertslund;8;165
2021-10-13;Hvidovre;16;167
2021-10-13;Høje Tåstrup;15;169
2021-10-13;Lyngby-Taarbæk;12;173
2021-10-13;Rødovre;9;175
2021-10-13;Ishøj;7;183
2021-10-13;Tårnby;7;185
2021-10-13;Vallensbæk;4;187
2021-10-13;Furesø;12;190
2021-10-13;Allerød;4;201
2021-10-13;Fredensborg;13;210
2021-10-13;Helsingør;18;217
2021-10-13;Hillerød;12;219
2021-10-13;Hørsholm;5;223
2021-10-13;Rudersdal;7;230
2021-10-13;Egedal;10;240
2021-10-13;Frederikssund;2;250
2021-10-13;Greve;14;253
2021-10-13;Køge;12;259
2021-10-13;Halsnæs;7;260
2021-10-13;Roskilde;15;265
2021-10-13;Solrød;6;269
2021-10-13;Gribskov;8;270
2021-10-13;Odsherred;18;306
2021-10-13;Holbæk;14;316
2021-10-13;Faxe;11;320
2021-10-13;Kalundborg;22;326
2021-10-13;Ringsted;19;329
2021-10-13;Slagelse;9;330
2021-10-13;Stevns;6;336
2021-10-13;Sorø;7;340
2021-10-13;Lejre;5;350
2021-10-13;Lolland;18;360
2021-10-13;Næstved;17;370
2021-10-13;Guldborgsund;21;376
2021-10-13;Vordingborg;22;390
2021-10-13;Bornholm;7;400
2021-10-13;Middelfart;4;410
2021-10-13;Assens;1;420
2021-10-13;Faaborg-Midtfyn;6;430
2021-10-13;Kerteminde;1;440
2021-10-13;Nyborg;2;450
2021-10-13;Odense;30;461
2021-10-13;Svendborg;8;479
2021-10-13;Nordfyn;4;480
2021-10-13;Haderslev;8;510
2021-10-13;Billund;7;530
2021-10-13;Sønderborg;9;540
2021-10-13;Tønder;5;550
2021-10-13;Esbjerg;14;561
2021-10-13;Varde;10;573
2021-10-13;Vejen;7;575
2021-10-13;Aabenraa;4;580
2021-10-13;Fredericia;7;607
2021-10-13;Horsens;2;615
2021-10-13;Kolding;14;621
2021-10-13;Vejle;9;630
2021-10-13;Holstebro;1;661
2021-10-13;Struer;1;671
2021-10-13;Syddjurs;8;706
2021-10-13;Norddjurs;6;707
2021-10-13;Favrskov;7;710
2021-10-13;Randers;15;730
2021-10-13;Silkeborg;6;740
2021-10-13;Samsø;5;741
2021-10-13;Skanderborg;25;746
2021-10-13;Århus;46;751
2021-10-13;Ringkøbing-Skjern;18;760
2021-10-13;Hedensted;6;766
2021-10-13;Morsø;1;773
2021-10-13;Skive;10;779
2021-10-13;Thisted;1;787
2021-10-13;Viborg;25;791
2021-10-13;Brønderslev;3;810
2021-10-13;Frederikshavn;4;813
2021-10-13;Vesthimmerland;1;820
2021-10-13;Rebild;4;840
2021-10-13;Mariagerfjord;9;846
2021-10-13;Jammerbugt;7;849
2021-10-13;Aalborg;1;851
2021-10-13;Hjørring;11;860
2021-10-14;København;137;101
2021-10-14;Frederiksberg;17;147
2021-10-14;Ballerup;7;151
2021-10-14;Brøndby;5;153
2021-10-14;Dragør;1;155
2021-10-14;Gentofte;16;157
2021-10-14;Gladsaxe;27;159
2021-10-14;Glostrup;8;161
2021-10-14;Herlev;6;163
2021-10-14;Albertslund;3;165
2021-10-14;Hvidovre;4;167
2021-10-14;Høje Tåstrup;10;169
2021-10-14;Lyngby-Taarbæk;3;173
2021-10-14;Rødovre;5;175
2021-10-14;Ishøj;2;183
2021-10-14;Tårnby;7;185
2021-10-14;Furesø;8;190
2021-10-14;Allerød;1;201
2021-10-14;Fredensborg;4;210
2021-10-14;Helsingør;5;217
2021-10-14;Hillerød;7;219
2021-10-14;Hørsholm;3;223
2021-10-14;Rudersdal;5;230
2021-10-14;Egedal;7;240
2021-10-14;Frederikssund;19;250
2021-10-14;Greve;4;253
2021-10-14;Køge;7;259
2021-10-14;Halsnæs;5;260
2021-10-14;Roskilde;11;265
2021-10-14;Solrød;4;269
2021-10-14;Gribskov;2;270
2021-10-14;Odsherred;2;306
2021-10-14;Holbæk;12;316
2021-10-14;Faxe;1;320
2021-10-14;Kalundborg;9;326
2021-10-14;Ringsted;3;329
2021-10-14;Slagelse;10;330
2021-10-14;Stevns;2;336
2021-10-14;Sorø;5;340
2021-10-14;Lejre;3;350
2021-10-14;Lolland;7;360
2021-10-14;Næstved;9;370
2021-10-14;Guldborgsund;6;376
2021-10-14;Vordingborg;2;390
2021-10-14;Bornholm;3;400
2021-10-14;Middelfart;1;410
2021-10-14;Assens;3;420
2021-10-14;Faaborg-Midtfyn;7;430
2021-10-14;Kerteminde;6;440
2021-10-14;Nyborg;5;450
2021-10-14;Odense;30;461
2021-10-14;Svendborg;10;479
2021-10-14;Nordfyn;2;480
2021-10-14;Langeland;1;482
2021-10-14;Haderslev;7;510
2021-10-14;Billund;2;530
2021-10-14;Sønderborg;8;540
2021-10-14;Tønder;2;550
2021-10-14;Esbjerg;19;561
2021-10-14;Fanø;1;563
2021-10-14;Varde;11;573
2021-10-14;Vejen;3;575
2021-10-14;Aabenraa;8;580
2021-10-14;Fredericia;5;607
2021-10-14;Horsens;24;615
2021-10-14;Kolding;7;621
2021-10-14;Vejle;10;630
2021-10-14;Holstebro;7;661
2021-10-14;Lemvig;2;665
2021-10-14;Struer;7;671
2021-10-14;Syddjurs;2;706
2021-10-14;Norddjurs;1;707
2021-10-14;Favrskov;7;710
2021-10-14;Odder;3;727
2021-10-14;Randers;7;730
2021-10-14;Silkeborg;26;740
2021-10-14;Skanderborg;5;746
2021-10-14;Århus;91;751
2021-10-14;Ringkøbing-Skjern;3;760
2021-10-14;Hedensted;3;766
2021-10-14;Skive;3;779
2021-10-14;Thisted;1;787
2021-10-14;Viborg;19;791
2021-10-14;Brønderslev;14;810
2021-10-14;Frederikshavn;1;813
2021-10-14;Vesthimmerland;2;820
2021-10-14;Rebild;2;840
2021-10-14;Mariagerfjord;1;846
2021-10-14;Jammerbugt;4;849
2021-10-14;Aalborg;29;851
2021-10-14;Hjørring;2;860
2021-10-15;København;184;101
2021-10-15;Frederiksberg;23;147
2021-10-15;Ballerup;7;151
2021-10-15;Brøndby;5;153
2021-10-15;Dragør;2;155
2021-10-15;Gentofte;13;157
2021-10-15;Gladsaxe;16;159
2021-10-15;Glostrup;4;161
2021-10-15;Herlev;9;163
2021-10-15;Albertslund;8;165
2021-10-15;Hvidovre;24;167
2021-10-15;Høje Tåstrup;9;169
2021-10-15;Lyngby-Taarbæk;11;173
2021-10-15;Rødovre;4;175
2021-10-15;Ishøj;4;183
2021-10-15;Tårnby;9;185
2021-10-15;Vallensbæk;2;187
2021-10-15;Furesø;7;190
2021-10-15;Allerød;7;201
2021-10-15;Fredensborg;10;210
2021-10-15;Helsingør;5;217
2021-10-15;Hillerød;11;219
2021-10-15;Hørsholm;5;223
2021-10-15;Rudersdal;4;230
2021-10-15;Egedal;7;240
2021-10-15;Frederikssund;9;250
2021-10-15;Greve;15;253
2021-10-15;Køge;19;259
2021-10-15;Halsnæs;10;260
2021-10-15;Roskilde;10;265
2021-10-15;Solrød;5;269
2021-10-15;Gribskov;8;270
2021-10-15;Odsherred;3;306
2021-10-15;Holbæk;8;316
2021-10-15;Faxe;6;320
2021-10-15;Kalundborg;2;326
2021-10-15;Ringsted;3;329
2021-10-15;Slagelse;14;330
2021-10-15;Stevns;1;336
2021-10-15;Sorø;6;340
2021-10-15;Lejre;1;350
2021-10-15;Lolland;7;360
2021-10-15;Næstved;15;370
2021-10-15;Guldborgsund;5;376
2021-10-15;Vordingborg;2;390
2021-10-15;Bornholm;7;400
2021-10-15;Middelfart;5;410
2021-10-15;Assens;3;420
2021-10-15;Faaborg-Midtfyn;8;430
2021-10-15;Kerteminde;3;440
2021-10-15;Nyborg;2;450
2021-10-15;Odense;20;461
2021-10-15;Svendborg;14;479
2021-10-15;Nordfyn;3;480
2021-10-15;Langeland;2;482
2021-10-15;Haderslev;14;510
2021-10-15;Billund;3;530
2021-10-15;Sønderborg;17;540
2021-10-15;Tønder;7;550
2021-10-15;Esbjerg;15;561
2021-10-15;Fanø;4;563
2021-10-15;Varde;6;573
2021-10-15;Vejen;6;575
2021-10-15;Aabenraa;11;580
2021-10-15;Fredericia;5;607
2021-10-15;Horsens;18;615
2021-10-15;Kolding;22;621
2021-10-15;Vejle;11;630
2021-10-15;Herning;44;657
2021-10-15;Lemvig;1;665
2021-10-15;Struer;1;671
2021-10-15;Syddjurs;8;706
2021-10-15;Norddjurs;4;707
2021-10-15;Favrskov;11;710
2021-10-15;Odder;3;727
2021-10-15;Randers;25;730
2021-10-15;Silkeborg;22;740
2021-10-15;Skanderborg;1;746
2021-10-15;Århus;70;751
2021-10-15;Ikast-Brande;18;756
2021-10-15;Ringkøbing-Skjern;12;760
2021-10-15;Hedensted;6;766
2021-10-15;Skive;3;779
2021-10-15;Viborg;38;791
2021-10-15;Brønderslev;4;810
2021-10-15;Frederikshavn;6;813
2021-10-15;Vesthimmerland;2;820
2021-10-15;Rebild;1;840
2021-10-15;Mariagerfjord;2;846
2021-10-15;Jammerbugt;8;849
2021-10-15;Aalborg;2;851
2021-10-15;Hjørring;15;860
2021-10-16;København;153;101
2021-10-16;Frederiksberg;24;147
2021-10-16;Ballerup;11;151
2021-10-16;Brøndby;5;153
2021-10-16;Dragør;2;155
2021-10-16;Gentofte;19;157
2021-10-16;Gladsaxe;9;159
2021-10-16;Glostrup;8;161
2021-10-16;Herlev;5;163
2021-10-16;Albertslund;3;165
2021-10-16;Hvidovre;11;167
2021-10-16;Høje Tåstrup;19;169
2021-10-16;Lyngby-Taarbæk;15;173
2021-10-16;Rødovre;9;175
2021-10-16;Ishøj;1;183
2021-10-16;Tårnby;6;185
2021-10-16;Vallensbæk;5;187
2021-10-16;Furesø;12;190
2021-10-16;Allerød;5;201
2021-10-16;Fredensborg;10;210
2021-10-16;Helsingør;11;217
2021-10-16;Hillerød;7;219
2021-10-16;Hørsholm;2;223
2021-10-16;Rudersdal;19;230
2021-10-16;Egedal;10;240
2021-10-16;Frederikssund;4;250
2021-10-16;Greve;6;253
2021-10-16;Køge;12;259
2021-10-16;Halsnæs;6;260
2021-10-16;Roskilde;15;265
2021-10-16;Solrød;1;269
2021-10-16;Gribskov;11;270
2021-10-16;Odsherred;4;306
2021-10-16;Holbæk;6;316
2021-10-16;Faxe;7;320
2021-10-16;Ringsted;5;329
2021-10-16;Slagelse;7;330
2021-10-16;Stevns;4;336
2021-10-16;Sorø;2;340
2021-10-16;Lejre;3;350
2021-10-16;Lolland;2;360
2021-10-16;Næstved;12;370
2021-10-16;Guldborgsund;5;376
2021-10-16;Vordingborg;5;390
2021-10-16;Bornholm;4;400
2021-10-16;Middelfart;3;410
2021-10-16;Assens;3;420
2021-10-16;Faaborg-Midtfyn;19;430
2021-10-16;Kerteminde;3;440
2021-10-16;Nyborg;4;450
2021-10-16;Odense;34;461
2021-10-16;Nordfyn;5;480
2021-10-16;Haderslev;13;510
2021-10-16;Billund;4;530
2021-10-16;Sønderborg;13;540
2021-10-16;Tønder;6;550
2021-10-16;Esbjerg;2;561
2021-10-16;Varde;1;573
2021-10-16;Vejen;7;575
2021-10-16;Aabenraa;5;580
2021-10-16;Fredericia;5;607
2021-10-16;Horsens;5;615
2021-10-16;Kolding;15;621
2021-10-16;Vejle;12;630
2021-10-16;Herning;1;657
2021-10-16;Odder;1;727
2021-10-16;Hedensted;1;766
2021-10-16;Thisted;2;787
2021-10-16;Brønderslev;1;810
2021-10-16;Aalborg;1;851
2021-10-17;København;7;101
2021-10-17;Frederiksberg;3;147
2021-10-17;Ballerup;1;151
2021-10-17;Brøndby;2;153
2021-10-17;Hvidovre;1;167
2021-10-17;Høje Tåstrup;2;169
2021-10-17;Rødovre;1;175
2021-10-17;Tårnby;1;185
2021-10-17;Helsingør;2;217
2021-10-17;Egedal;2;240
2021-10-17;Frederikssund;2;250
2021-10-17;Greve;1;253
2021-10-17;Køge;9;259
2021-10-17;Halsnæs;1;260
2021-10-17;Roskilde;10;265
2021-10-17;Odsherred;3;306
2021-10-17;Holbæk;7;316
2021-10-17;Faxe;3;320
2021-10-17;Kalundborg;2;326
2021-10-17;Ringsted;2;329
2021-10-17;Slagelse;5;330
2021-10-17;Stevns;1;336
2021-10-17;Lejre;2;350
2021-10-17;Lolland;6;360
2021-10-17;Næstved;7;370
2021-10-17;Guldborgsund;1;376
2021-10-17;Assens;2;420
2021-10-17;Faaborg-Midtfyn;2;430
2021-10-17;Kerteminde;2;440
2021-10-17;Nyborg;2;450
2021-10-17;Odense;24;461
2021-10-17;Nordfyn;2;480
2021-10-17;Haderslev;7;510
2021-10-17;Billund;2;530
2021-10-17;Sønderborg;4;540
2021-10-17;Tønder;4;550
2021-10-17;Esbjerg;1;561
2021-10-17;Vejen;4;575
2021-10-17;Aabenraa;7;580
2021-10-17;Fredericia;2;607
2021-10-17;Horsens;4;615
2021-10-17;Kolding;7;621
2021-10-17;Vejle;17;630
2021-10-17;Holstebro;1;661
2021-10-17;Syddjurs;2;706
2021-10-17;Norddjurs;2;707
2021-10-17;Randers;3;730
2021-10-17;Ringkøbing-Skjern;1;760
2021-10-17;Hedensted;3;766
2021-10-17;Morsø;10;773
2021-10-17;Thisted;13;787
2021-10-17;Viborg;2;791
2021-10-17;Brønderslev;11;810
2021-10-17;Frederikshavn;13;813
2021-10-17;Vesthimmerland;5;820
2021-10-17;Rebild;5;840
2021-10-17;Mariagerfjord;12;846
2021-10-17;Jammerbugt;7;849
2021-10-17;Aalborg;70;851
2021-10-17;Hjørring;22;860
2021-10-18;København;72;101
2021-10-18;Frederiksberg;6;147
2021-10-18;Ballerup;2;151
2021-10-18;Brøndby;3;153
2021-10-18;Dragør;1;155
2021-10-18;Gentofte;10;157
2021-10-18;Gladsaxe;3;159
2021-10-18;Glostrup;4;161
2021-10-18;Herlev;1;163
2021-10-18;Albertslund;6;165
2021-10-18;Hvidovre;5;167
2021-10-18;Høje Tåstrup;7;169
2021-10-18;Lyngby-Taarbæk;3;173
2021-10-18;Rødovre;9;175
2021-10-18;Ishøj;4;183
2021-10-18;Tårnby;5;185
2021-10-18;Vallensbæk;1;187
2021-10-18;Allerød;1;201
2021-10-18;Fredensborg;3;210
2021-10-18;Helsingør;1;217
2021-10-18;Hillerød;1;219
2021-10-18;Rudersdal;2;230
2021-10-18;Egedal;2;240
2021-10-18;Frederikssund;6;250
2021-10-18;Greve;3;253
2021-10-18;Køge;11;259
2021-10-18;Roskilde;17;265
2021-10-18;Solrød;2;269
2021-10-18;Gribskov;4;270
2021-10-18;Odsherred;4;306
2021-10-18;Holbæk;15;316
2021-10-18;Faxe;3;320
2021-10-18;Kalundborg;3;326
2021-10-18;Ringsted;1;329
2021-10-18;Slagelse;12;330
2021-10-18;Stevns;2;336
2021-10-18;Sorø;5;340
2021-10-18;Lejre;4;350
2021-10-18;Lolland;7;360
2021-10-18;Næstved;8;370
2021-10-18;Guldborgsund;7;376
2021-10-18;Vordingborg;5;390
2021-10-18;Bornholm;1;400
2021-10-18;Middelfart;10;410
2021-10-18;Assens;3;420
2021-10-18;Faaborg-Midtfyn;10;430
2021-10-18;Kerteminde;2;440
2021-10-18;Nyborg;4;450
2021-10-18;Odense;21;461
2021-10-18;Svendborg;13;479
2021-10-18;Nordfyn;7;480
2021-10-18;Haderslev;9;510
2021-10-18;Billund;1;530
2021-10-18;Sønderborg;11;540
2021-10-18;Tønder;4;550
2021-10-18;Esbjerg;23;561
2021-10-18;Varde;6;573
2021-10-18;Vejen;1;575
2021-10-18;Aabenraa;11;580
2021-10-18;Fredericia;5;607
2021-10-18;Horsens;58;615
2021-10-18;Kolding;16;621
2021-10-18;Vejle;19;630
2021-10-18;Holstebro;1;661
2021-10-18;Lemvig;6;665
2021-10-18;Struer;1;671
2021-10-18;Syddjurs;5;706
2021-10-18;Norddjurs;6;707
2021-10-18;Favrskov;19;710
2021-10-18;Odder;14;727
2021-10-18;Randers;31;730
2021-10-18;Silkeborg;30;740
2021-10-18;Skanderborg;15;746
2021-10-18;Århus;82;751
2021-10-18;Ikast-Brande;2;756
2021-10-18;Hedensted;9;766
2021-10-18;Viborg;2;791
2021-10-18;Brønderslev;5;810
2021-10-18;Frederikshavn;12;813
2021-10-18;Vesthimmerland;3;820
2021-10-18;Rebild;4;840
2021-10-18;Mariagerfjord;2;846
2021-10-18;Jammerbugt;7;849
2021-10-18;Aalborg;27;851
2021-10-19;København;174;101
2021-10-19;Frederiksberg;12;147
2021-10-19;Ballerup;14;151
2021-10-19;Brøndby;17;153
2021-10-19;Dragør;4;155
2021-10-19;Gentofte;16;157
2021-10-19;Gladsaxe;15;159
2021-10-19;Glostrup;1;161
2021-10-19;Herlev;2;163
2021-10-19;Albertslund;8;165
2021-10-19;Hvidovre;17;167
2021-10-19;Høje Tåstrup;15;169
2021-10-19;Lyngby-Taarbæk;20;173
2021-10-19;Rødovre;7;175
2021-10-19;Ishøj;13;183
2021-10-19;Tårnby;6;185
2021-10-19;Vallensbæk;4;187
2021-10-19;Furesø;7;190
2021-10-19;Allerød;5;201
2021-10-19;Fredensborg;13;210
2021-10-19;Helsingør;10;217
2021-10-19;Hillerød;11;219
2021-10-19;Hørsholm;5;223
2021-10-19;Rudersdal;13;230
2021-10-19;Egedal;9;240
2021-10-19;Frederikssund;11;250
2021-10-19;Greve;5;253
2021-10-19;Køge;12;259
2021-10-19;Halsnæs;4;260
2021-10-19;Roskilde;10;265
2021-10-19;Solrød;2;269
2021-10-19;Gribskov;6;270
2021-10-19;Odsherred;7;306
2021-10-19;Holbæk;10;316
2021-10-19;Faxe;6;320
2021-10-19;Kalundborg;6;326
2021-10-19;Ringsted;6;329
2021-10-19;Slagelse;17;330
2021-10-19;Stevns;3;336
2021-10-19;Sorø;4;340
2021-10-19;Lejre;7;350
2021-10-19;Lolland;9;360
2021-10-19;Næstved;8;370
2021-10-19;Guldborgsund;8;376
2021-10-19;Vordingborg;5;390
2021-10-19;Bornholm;8;400
2021-10-19;Middelfart;5;410
2021-10-19;Assens;7;420
2021-10-19;Faaborg-Midtfyn;9;430
2021-10-19;Kerteminde;2;440
2021-10-19;Nyborg;2;450
2021-10-19;Odense;49;461
2021-10-19;Svendborg;7;479
2021-10-19;Nordfyn;6;480
2021-10-19;Haderslev;6;510
2021-10-19;Billund;4;530
2021-10-19;Sønderborg;11;540
2021-10-19;Tønder;3;550
2021-10-19;Esbjerg;24;561
2021-10-19;Varde;3;573
2021-10-19;Vejen;9;575
2021-10-19;Aabenraa;9;580
2021-10-19;Fredericia;7;607
2021-10-19;Horsens;3;615
2021-10-19;Kolding;12;621
2021-10-19;Vejle;31;630
2021-10-19;Herning;42;657
2021-10-19;Holstebro;34;661
2021-10-19;Lemvig;1;665
2021-10-19;Struer;6;671
2021-10-19;Syddjurs;8;706
2021-10-19;Norddjurs;7;707
2021-10-19;Favrskov;8;710
2021-10-19;Odder;1;727
2021-10-19;Randers;15;730
2021-10-19;Silkeborg;2;740
2021-10-19;Skanderborg;8;746
2021-10-19;Århus;89;751
2021-10-19;Ikast-Brande;12;756
2021-10-19;Ringkøbing-Skjern;15;760
2021-10-19;Hedensted;20;766
2021-10-19;Morsø;7;773
2021-10-19;Skive;21;779
2021-10-19;Thisted;9;787
2021-10-19;Viborg;7;791
2021-10-19;Brønderslev;1;810
2021-10-19;Vesthimmerland;6;820
2021-10-19;Rebild;2;840
2021-10-19;Jammerbugt;6;849
2021-10-19;Aalborg;38;851
2021-10-19;Hjørring;1;860
2021-10-20;København;198;101
2021-10-20;Frederiksberg;28;147
2021-10-20;Ballerup;14;151
2021-10-20;Brøndby;10;153
2021-10-20;Dragør;2;155
2021-10-20;Gentofte;9;157
2021-10-20;Gladsaxe;12;159
2021-10-20;Glostrup;10;161
2021-10-20;Herlev;3;163
2021-10-20;Albertslund;6;165
2021-10-20;Hvidovre;25;167
2021-10-20;Høje Tåstrup;17;169
2021-10-20;Lyngby-Taarbæk;21;173
2021-10-20;Rødovre;6;175
2021-10-20;Ishøj;4;183
2021-10-20;Tårnby;11;185
2021-10-20;Vallensbæk;5;187
2021-10-20;Furesø;8;190
2021-10-20;Allerød;5;201
2021-10-20;Fredensborg;4;210
2021-10-20;Helsingør;7;217
2021-10-20;Hillerød;13;219
2021-10-20;Hørsholm;2;223
2021-10-20;Rudersdal;16;230
2021-10-20;Egedal;9;240
2021-10-20;Frederikssund;2;250
2021-10-20;Greve;17;253
2021-10-20;Køge;13;259
2021-10-20;Halsnæs;10;260
2021-10-20;Roskilde;17;265
2021-10-20;Solrød;8;269
2021-10-20;Gribskov;3;270
2021-10-20;Odsherred;7;306
2021-10-20;Holbæk;14;316
2021-10-20;Faxe;17;320
2021-10-20;Kalundborg;16;326
2021-10-20;Ringsted;3;329
2021-10-20;Slagelse;18;330
2021-10-20;Stevns;5;336
2021-10-20;Sorø;6;340
2021-10-20;Lejre;9;350
2021-10-20;Lolland;8;360
2021-10-20;Næstved;11;370
2021-10-20;Guldborgsund;6;376
2021-10-20;Vordingborg;14;390
2021-10-20;Bornholm;14;400
2021-10-20;Middelfart;2;410
2021-10-20;Assens;4;420
2021-10-20;Faaborg-Midtfyn;12;430
2021-10-20;Kerteminde;5;440
2021-10-20;Nyborg;3;450
2021-10-20;Odense;49;461
2021-10-20;Svendborg;11;479
2021-10-20;Nordfyn;7;480
2021-10-20;Langeland;6;482
2021-10-20;Ærø;1;492
2021-10-20;Haderslev;5;510
2021-10-20;Billund;6;530
2021-10-20;Sønderborg;11;540
2021-10-20;Tønder;5;550
2021-10-20;Esbjerg;31;561
2021-10-20;Varde;15;573
2021-10-20;Vejen;3;575
2021-10-20;Aabenraa;4;580
2021-10-20;Fredericia;7;607
2021-10-20;Horsens;3;615
2021-10-20;Kolding;16;621
2021-10-20;Vejle;23;630
2021-10-20;Herning;4;657
2021-10-20;Holstebro;5;661
2021-10-20;Syddjurs;4;706
2021-10-20;Norddjurs;5;707
2021-10-20;Favrskov;22;710
2021-10-20;Randers;31;730
2021-10-20;Silkeborg;1;740
2021-10-20;Samsø;1;741
2021-10-20;Skanderborg;20;746
2021-10-20;Århus;44;751
2021-10-20;Ringkøbing-Skjern;16;760
2021-10-20;Morsø;3;773
2021-10-20;Skive;37;779
2021-10-20;Viborg;52;791
2021-10-20;Brønderslev;1;810
2021-10-20;Frederikshavn;11;813
2021-10-20;Vesthimmerland;6;820
2021-10-20;Læsø;1;825
2021-10-20;Rebild;3;840
2021-10-20;Mariagerfjord;13;846
2021-10-20;Jammerbugt;1;849
2021-10-20;Aalborg;14;851
2021-10-20;Hjørring;10;860
2021-10-21;København;188;101
2021-10-21;Frederiksberg;32;147
2021-10-21;Ballerup;4;151
2021-10-21;Brøndby;4;153
2021-10-21;Dragør;1;155
2021-10-21;Gentofte;15;157
2021-10-21;Gladsaxe;18;159
2021-10-21;Glostrup;4;161
2021-10-21;Herlev;5;163
2021-10-21;Albertslund;4;165
2021-10-21;Hvidovre;12;167
2021-10-21;Høje Tåstrup;8;169
2021-10-21;Lyngby-Taarbæk;9;173
2021-10-21;Rødovre;9;175
2021-10-21;Ishøj;3;183
2021-10-21;Tårnby;11;185
2021-10-21;Vallensbæk;3;187
2021-10-21;Furesø;3;190
2021-10-21;Allerød;5;201
2021-10-21;Fredensborg;1;210
2021-10-21;Helsingør;11;217
2021-10-21;Hillerød;5;219
2021-10-21;Hørsholm;10;223
2021-10-21;Rudersdal;9;230
2021-10-21;Egedal;7;240
2021-10-21;Frederikssund;22;250
2021-10-21;Greve;9;253
2021-10-21;Køge;16;259
2021-10-21;Halsnæs;12;260
2021-10-21;Roskilde;13;265
2021-10-21;Solrød;4;269
2021-10-21;Gribskov;5;270
2021-10-21;Odsherred;5;306
2021-10-21;Holbæk;7;316
2021-10-21;Faxe;5;320
2021-10-21;Kalundborg;8;326
2021-10-21;Ringsted;3;329
2021-10-21;Slagelse;12;330
2021-10-21;Stevns;3;336
2021-10-21;Sorø;3;340
2021-10-21;Lejre;3;350
2021-10-21;Lolland;4;360
2021-10-21;Næstved;13;370
2021-10-21;Guldborgsund;9;376
2021-10-21;Vordingborg;2;390
2021-10-21;Bornholm;5;400
2021-10-21;Middelfart;7;410
2021-10-21;Assens;3;420
2021-10-21;Faaborg-Midtfyn;5;430
2021-10-21;Kerteminde;3;440
2021-10-21;Nyborg;2;450
2021-10-21;Odense;36;461
2021-10-21;Svendborg;16;479
2021-10-21;Nordfyn;10;480
2021-10-21;Langeland;2;482
2021-10-21;Haderslev;11;510
2021-10-21;Billund;7;530
2021-10-21;Sønderborg;16;540
2021-10-21;Tønder;4;550
2021-10-21;Esbjerg;26;561
2021-10-21;Varde;6;573
2021-10-21;Vejen;5;575
2021-10-21;Aabenraa;10;580
2021-10-21;Fredericia;9;607
2021-10-21;Horsens;26;615
2021-10-21;Kolding;12;621
2021-10-21;Vejle;28;630
2021-10-21;Holstebro;8;661
2021-10-21;Lemvig;2;665
2021-10-21;Struer;20;671
2021-10-21;Syddjurs;8;706
2021-10-21;Norddjurs;7;707
2021-10-21;Favrskov;10;710
2021-10-21;Odder;1;727
2021-10-21;Randers;20;730
2021-10-21;Silkeborg;42;740
2021-10-21;Skanderborg;15;746
2021-10-21;Århus;101;751
2021-10-21;Ikast-Brande;6;756
2021-10-21;Ringkøbing-Skjern;2;760
2021-10-21;Hedensted;5;766
2021-10-21;Skive;2;779
2021-10-21;Thisted;1;787
2021-10-21;Viborg;31;791
2021-10-21;Brønderslev;4;810
2021-10-21;Vesthimmerland;1;820
2021-10-21;Rebild;1;840
2021-10-21;Jammerbugt;2;849
2021-10-21;Aalborg;59;851
2021-10-21;Hjørring;2;860
2021-10-22;København;161;101
2021-10-22;Frederiksberg;21;147
2021-10-22;Ballerup;10;151
2021-10-22;Brøndby;4;153
2021-10-22;Dragør;4;155
2021-10-22;Gentofte;14;157
2021-10-22;Gladsaxe;15;159
2021-10-22;Glostrup;5;161
2021-10-22;Herlev;10;163
2021-10-22;Albertslund;5;165
2021-10-22;Hvidovre;8;167
2021-10-22;Høje Tåstrup;15;169
2021-10-22;Lyngby-Taarbæk;6;173
2021-10-22;Rødovre;5;175
2021-10-22;Ishøj;8;183
2021-10-22;Tårnby;12;185
2021-10-22;Vallensbæk;5;187
2021-10-22;Furesø;10;190
2021-10-22;Allerød;6;201
2021-10-22;Fredensborg;5;210
2021-10-22;Helsingør;13;217
2021-10-22;Hillerød;14;219
2021-10-22;Hørsholm;3;223
2021-10-22;Rudersdal;10;230
2021-10-22;Egedal;14;240
2021-10-22;Frederikssund;1;250
2021-10-22;Greve;12;253
2021-10-22;Køge;17;259
2021-10-22;Halsnæs;2;260
2021-10-22;Roskilde;12;265
2021-10-22;Solrød;9;269
2021-10-22;Gribskov;4;270
2021-10-22;Odsherred;5;306
2021-10-22;Holbæk;9;316
2021-10-22;Faxe;3;320
2021-10-22;Kalundborg;10;326
2021-10-22;Ringsted;7;329
2021-10-22;Slagelse;15;330
2021-10-22;Stevns;2;336
2021-10-22;Sorø;5;340
2021-10-22;Lejre;2;350
2021-10-22;Lolland;4;360
2021-10-22;Næstved;33;370
2021-10-22;Guldborgsund;5;376
2021-10-22;Vordingborg;6;390
2021-10-22;Bornholm;13;400
2021-10-22;Middelfart;7;410
2021-10-22;Assens;2;420
2021-10-22;Faaborg-Midtfyn;17;430
2021-10-22;Kerteminde;1;440
2021-10-22;Nyborg;9;450
2021-10-22;Odense;27;461
2021-10-22;Svendborg;12;479
2021-10-22;Nordfyn;2;480
2021-10-22;Haderslev;19;510
2021-10-22;Billund;13;530
2021-10-22;Sønderborg;12;540
2021-10-22;Tønder;4;550
2021-10-22;Esbjerg;29;561
2021-10-22;Varde;19;573
2021-10-22;Vejen;11;575
2021-10-22;Aabenraa;10;580
2021-10-22;Fredericia;7;607
2021-10-22;Horsens;5;615
2021-10-22;Kolding;31;621
2021-10-22;Vejle;36;630
2021-10-22;Herning;51;657
2021-10-22;Holstebro;3;661
2021-10-22;Syddjurs;1;706
2021-10-22;Norddjurs;2;707
2021-10-22;Favrskov;9;710
2021-10-22;Odder;2;727
2021-10-22;Randers;25;730
2021-10-22;Silkeborg;42;740
2021-10-22;Skanderborg;12;746
2021-10-22;Århus;88;751
2021-10-22;Ikast-Brande;24;756
2021-10-22;Ringkøbing-Skjern;17;760
2021-10-22;Hedensted;7;766
2021-10-22;Skive;1;779
2021-10-22;Viborg;28;791
2021-10-22;Brønderslev;11;810
2021-10-22;Frederikshavn;15;813
2021-10-22;Vesthimmerland;2;820
2021-10-22;Rebild;2;840
2021-10-22;Mariagerfjord;4;846
2021-10-22;Jammerbugt;7;849
2021-10-22;Aalborg;3;851
2021-10-22;Hjørring;39;860
2021-10-23;København;146;101
2021-10-23;Frederiksberg;17;147
2021-10-23;Ballerup;8;151
2021-10-23;Dragør;2;155
2021-10-23;Gentofte;10;157
2021-10-23;Gladsaxe;9;159
2021-10-23;Glostrup;2;161
2021-10-23;Herlev;3;163
2021-10-23;Albertslund;2;165
2021-10-23;Hvidovre;8;167
2021-10-23;Høje Tåstrup;8;169
2021-10-23;Lyngby-Taarbæk;14;173
2021-10-23;Rødovre;3;175
2021-10-23;Ishøj;5;183
2021-10-23;Tårnby;7;185
2021-10-23;Vallensbæk;4;187
2021-10-23;Furesø;6;190
2021-10-23;Allerød;3;201
2021-10-23;Fredensborg;11;210
2021-10-23;Helsingør;21;217
2021-10-23;Hillerød;11;219
2021-10-23;Hørsholm;5;223
2021-10-23;Rudersdal;8;230
2021-10-23;Egedal;7;240
2021-10-23;Frederikssund;4;250
2021-10-23;Greve;7;253
2021-10-23;Køge;11;259
2021-10-23;Halsnæs;3;260
2021-10-23;Roskilde;18;265
2021-10-23;Solrød;1;269
2021-10-23;Gribskov;4;270
2021-10-23;Odsherred;4;306
2021-10-23;Holbæk;10;316
2021-10-23;Faxe;7;320
2021-10-23;Kalundborg;6;326
2021-10-23;Ringsted;2;329
2021-10-23;Slagelse;10;330
2021-10-23;Stevns;2;336
2021-10-23;Sorø;5;340
2021-10-23;Lejre;3;350
2021-10-23;Lolland;3;360
2021-10-23;Næstved;11;370
2021-10-23;Guldborgsund;3;376
2021-10-23;Vordingborg;3;390
2021-10-23;Bornholm;8;400
2021-10-23;Middelfart;4;410
2021-10-23;Assens;7;420
2021-10-23;Faaborg-Midtfyn;6;430
2021-10-23;Kerteminde;5;440
2021-10-23;Nyborg;3;450
2021-10-23;Odense;30;461
2021-10-23;Nordfyn;5;480
2021-10-23;Haderslev;12;510
2021-10-23;Billund;7;530
2021-10-23;Sønderborg;6;540
2021-10-23;Tønder;3;550
2021-10-23;Esbjerg;1;561
2021-10-23;Varde;1;573
2021-10-23;Vejen;5;575
2021-10-23;Aabenraa;4;580
2021-10-23;Fredericia;10;607
2021-10-23;Horsens;6;615
2021-10-23;Kolding;18;621
2021-10-23;Vejle;24;630
2021-10-23;Lemvig;1;665
2021-10-23;Norddjurs;1;707
2021-10-23;Favrskov;1;710
2021-10-23;Randers;2;730
2021-10-23;Århus;4;751
2021-10-23;Ringkøbing-Skjern;3;760
2021-10-23;Hedensted;6;766
2021-10-23;Morsø;7;773
2021-10-23;Skive;1;779
2021-10-23;Thisted;14;787
2021-10-23;Viborg;2;791
2021-10-23;Brønderslev;3;810
2021-10-23;Frederikshavn;11;813
2021-10-23;Vesthimmerland;3;820
2021-10-23;Rebild;2;840
2021-10-23;Mariagerfjord;5;846
2021-10-23;Jammerbugt;3;849
2021-10-23;Aalborg;3;851
2021-10-24;København;17;101
2021-10-24;Frederiksberg;1;147
2021-10-24;Brøndby;1;153
2021-10-24;Dragør;1;155
2021-10-24;Gentofte;5;157
2021-10-24;Gladsaxe;2;159
2021-10-24;Glostrup;1;161
2021-10-24;Albertslund;1;165
2021-10-24;Hvidovre;3;167
2021-10-24;Høje Tåstrup;3;169
2021-10-24;Rødovre;2;175
2021-10-24;Ishøj;1;183
2021-10-24;Furesø;2;190
2021-10-24;Egedal;1;240
2021-10-24;Frederikssund;1;250
2021-10-24;Greve;7;253
2021-10-24;Køge;2;259
2021-10-24;Roskilde;18;265
2021-10-24;Solrød;6;269
2021-10-24;Odsherred;1;306
2021-10-24;Holbæk;9;316
2021-10-24;Kalundborg;7;326
2021-10-24;Ringsted;3;329
2021-10-24;Slagelse;9;330
2021-10-24;Stevns;4;336
2021-10-24;Sorø;2;340
2021-10-24;Lejre;6;350
2021-10-24;Lolland;4;360
2021-10-24;Næstved;11;370
2021-10-24;Guldborgsund;1;376
2021-10-24;Vordingborg;1;390
2021-10-24;Middelfart;7;410
2021-10-24;Assens;4;420
2021-10-24;Faaborg-Midtfyn;2;430
2021-10-24;Kerteminde;5;440
2021-10-24;Nyborg;1;450
2021-10-24;Odense;50;461
2021-10-24;Nordfyn;7;480
2021-10-24;Haderslev;20;510
2021-10-24;Billund;8;530
2021-10-24;Sønderborg;17;540
2021-10-24;Tønder;5;550
2021-10-24;Varde;1;573
2021-10-24;Vejen;5;575
2021-10-24;Aabenraa;12;580
2021-10-24;Fredericia;8;607
2021-10-24;Horsens;3;615
2021-10-24;Kolding;22;621
2021-10-24;Vejle;27;630
2021-10-24;Randers;1;730
2021-10-24;Hedensted;6;766
2021-10-24;Viborg;3;791
2021-10-24;Brønderslev;5;810
2021-10-24;Frederikshavn;45;813
2021-10-24;Vesthimmerland;2;820
2021-10-24;Rebild;7;840
2021-10-24;Mariagerfjord;4;846
2021-10-24;Jammerbugt;5;849
2021-10-24;Aalborg;95;851
2021-10-24;Hjørring;18;860
2021-10-25;København;107;101
2021-10-25;Frederiksberg;11;147
2021-10-25;Ballerup;10;151
2021-10-25;Brøndby;7;153
2021-10-25;Dragør;1;155
2021-10-25;Gentofte;10;157
2021-10-25;Gladsaxe;10;159
2021-10-25;Glostrup;2;161
2021-10-25;Herlev;4;163
2021-10-25;Albertslund;11;165
2021-10-25;Hvidovre;4;167
2021-10-25;Høje Tåstrup;7;169
2021-10-25;Lyngby-Taarbæk;9;173
2021-10-25;Rødovre;4;175
2021-10-25;Ishøj;10;183
2021-10-25;Tårnby;20;185
2021-10-25;Vallensbæk;4;187
2021-10-25;Furesø;5;190
2021-10-25;Allerød;2;201
2021-10-25;Fredensborg;4;210
2021-10-25;Helsingør;3;217
2021-10-25;Hillerød;3;219
2021-10-25;Hørsholm;7;223
2021-10-25;Rudersdal;6;230
2021-10-25;Egedal;5;240
2021-10-25;Frederikssund;15;250
2021-10-25;Greve;8;253
2021-10-25;Køge;18;259
2021-10-25;Halsnæs;1;260
2021-10-25;Roskilde;27;265
2021-10-25;Solrød;6;269
2021-10-25;Odsherred;3;306
2021-10-25;Holbæk;23;316
2021-10-25;Faxe;3;320
2021-10-25;Kalundborg;5;326
2021-10-25;Ringsted;2;329
2021-10-25;Slagelse;20;330
2021-10-25;Stevns;2;336
2021-10-25;Sorø;5;340
2021-10-25;Lejre;8;350
2021-10-25;Lolland;5;360
2021-10-25;Næstved;13;370
2021-10-25;Guldborgsund;16;376
2021-10-25;Vordingborg;11;390
2021-10-25;Middelfart;9;410
2021-10-25;Assens;5;420
2021-10-25;Faaborg-Midtfyn;11;430
2021-10-25;Kerteminde;2;440
2021-10-25;Nyborg;2;450
2021-10-25;Odense;36;461
2021-10-25;Svendborg;24;479
2021-10-25;Nordfyn;6;480
2021-10-25;Langeland;1;482
2021-10-25;Ærø;1;492
2021-10-25;Haderslev;9;510
2021-10-25;Billund;4;530
2021-10-25;Sønderborg;18;540
2021-10-25;Tønder;15;550
2021-10-25;Esbjerg;11;561
2021-10-25;Varde;5;573
2021-10-25;Vejen;16;575
2021-10-25;Aabenraa;10;580
2021-10-25;Fredericia;8;607
2021-10-25;Horsens;48;615
2021-10-25;Kolding;26;621
2021-10-25;Vejle;35;630
2021-10-25;Holstebro;2;661
2021-10-25;Lemvig;4;665
2021-10-25;Struer;8;671
2021-10-25;Syddjurs;7;706
2021-10-25;Norddjurs;9;707
2021-10-25;Favrskov;12;710
2021-10-25;Odder;9;727
2021-10-25;Randers;49;730
2021-10-25;Silkeborg;40;740
2021-10-25;Skanderborg;23;746
2021-10-25;Århus;90;751
2021-10-25;Ikast-Brande;5;756
2021-10-25;Ringkøbing-Skjern;1;760
2021-10-25;Hedensted;25;766
2021-10-25;Morsø;1;773
2021-10-25;Viborg;2;791
2021-10-25;Brønderslev;2;810
2021-10-25;Frederikshavn;2;813
2021-10-25;Læsø;1;825
2021-10-25;Rebild;6;840
2021-10-25;Mariagerfjord;8;846
2021-10-25;Jammerbugt;4;849
2021-10-25;Aalborg;55;851
2021-10-26;København;167;101
2021-10-26;Frederiksberg;17;147
2021-10-26;Ballerup;12;151
2021-10-26;Brøndby;9;153
2021-10-26;Dragør;5;155
2021-10-26;Gentofte;11;157
2021-10-26;Gladsaxe;17;159
2021-10-26;Glostrup;5;161
2021-10-26;Herlev;5;163
2021-10-26;Albertslund;9;165
2021-10-26;Hvidovre;10;167
2021-10-26;Høje Tåstrup;10;169
2021-10-26;Lyngby-Taarbæk;9;173
2021-10-26;Rødovre;19;175
2021-10-26;Ishøj;21;183
2021-10-26;Tårnby;12;185
2021-10-26;Vallensbæk;5;187
2021-10-26;Furesø;7;190
2021-10-26;Allerød;4;201
2021-10-26;Fredensborg;5;210
2021-10-26;Helsingør;22;217
2021-10-26;Hillerød;13;219
2021-10-26;Hørsholm;4;223
2021-10-26;Rudersdal;18;230
2021-10-26;Egedal;15;240
2021-10-26;Frederikssund;14;250
2021-10-26;Greve;16;253
2021-10-26;Køge;16;259
2021-10-26;Halsnæs;10;260
2021-10-26;Roskilde;19;265
2021-10-26;Solrød;2;269
2021-10-26;Gribskov;29;270
2021-10-26;Odsherred;4;306
2021-10-26;Holbæk;16;316
2021-10-26;Faxe;3;320
2021-10-26;Kalundborg;8;326
2021-10-26;Ringsted;3;329
2021-10-26;Slagelse;20;330
2021-10-26;Stevns;1;336
2021-10-26;Sorø;4;340
2021-10-26;Lejre;5;350
2021-10-26;Lolland;7;360
2021-10-26;Næstved;10;370
2021-10-26;Guldborgsund;21;376
2021-10-26;Vordingborg;15;390
2021-10-26;Bornholm;9;400
2021-10-26;Middelfart;9;410
2021-10-26;Assens;10;420
2021-10-26;Faaborg-Midtfyn;13;430
2021-10-26;Kerteminde;4;440
2021-10-26;Nyborg;5;450
2021-10-26;Odense;45;461
2021-10-26;Svendborg;15;479
2021-10-26;Nordfyn;10;480
2021-10-26;Haderslev;18;510
2021-10-26;Billund;14;530
2021-10-26;Sønderborg;17;540
2021-10-26;Esbjerg;38;561
2021-10-26;Fanø;1;563
2021-10-26;Varde;19;573
2021-10-26;Vejen;9;575
2021-10-26;Aabenraa;14;580
2021-10-26;Fredericia;25;607
2021-10-26;Horsens;51;615
2021-10-26;Kolding;25;621
2021-10-26;Vejle;36;630
2021-10-26;Herning;34;657
2021-10-26;Holstebro;41;661
2021-10-26;Lemvig;1;665
2021-10-26;Struer;8;671
2021-10-26;Syddjurs;6;706
2021-10-26;Norddjurs;2;707
2021-10-26;Favrskov;9;710
2021-10-26;Odder;8;727
2021-10-26;Randers;11;730
2021-10-26;Silkeborg;3;740
2021-10-26;Skanderborg;9;746
2021-10-26;Århus;144;751
2021-10-26;Ikast-Brande;16;756
2021-10-26;Ringkøbing-Skjern;14;760
2021-10-26;Hedensted;29;766
2021-10-26;Morsø;5;773
2021-10-26;Skive;26;779
2021-10-26;Thisted;41;787
2021-10-26;Viborg;9;791
2021-10-26;Brønderslev;2;810
2021-10-26;Frederikshavn;1;813
2021-10-26;Vesthimmerland;2;820
2021-10-26;Rebild;7;840
2021-10-26;Mariagerfjord;2;846
2021-10-26;Jammerbugt;8;849
2021-10-26;Aalborg;83;851
2021-10-26;Hjørring;3;860
2021-10-27;København;219;101
2021-10-27;Frederiksberg;19;147
2021-10-27;Ballerup;13;151
2021-10-27;Brøndby;17;153
2021-10-27;Dragør;1;155
2021-10-27;Gentofte;15;157
2021-10-27;Gladsaxe;23;159
2021-10-27;Glostrup;2;161
2021-10-27;Herlev;10;163
2021-10-27;Albertslund;9;165
2021-10-27;Hvidovre;22;167
2021-10-27;Høje Tåstrup;36;169
2021-10-27;Lyngby-Taarbæk;15;173
2021-10-27;Rødovre;9;175
2021-10-27;Ishøj;11;183
2021-10-27;Tårnby;12;185
2021-10-27;Vallensbæk;12;187
2021-10-27;Furesø;11;190
2021-10-27;Allerød;3;201
2021-10-27;Fredensborg;10;210
2021-10-27;Helsingør;15;217
2021-10-27;Hillerød;15;219
2021-10-27;Hørsholm;8;223
2021-10-27;Rudersdal;13;230
2021-10-27;Egedal;16;240
2021-10-27;Frederikssund;2;250
2021-10-27;Greve;25;253
2021-10-27;Køge;22;259
2021-10-27;Halsnæs;13;260
2021-10-27;Roskilde;18;265
2021-10-27;Solrød;16;269
2021-10-27;Gribskov;11;270
2021-10-27;Odsherred;19;306
2021-10-27;Holbæk;18;316
2021-10-27;Faxe;21;320
2021-10-27;Kalundborg;17;326
2021-10-27;Ringsted;37;329
2021-10-27;Slagelse;16;330
2021-10-27;Stevns;15;336
2021-10-27;Sorø;15;340
2021-10-27;Lejre;10;350
2021-10-27;Lolland;20;360
2021-10-27;Næstved;26;370
2021-10-27;Guldborgsund;20;376
2021-10-27;Vordingborg;5;390
2021-10-27;Bornholm;7;400
2021-10-27;Middelfart;6;410
2021-10-27;Assens;13;420
2021-10-27;Faaborg-Midtfyn;16;430
2021-10-27;Kerteminde;4;440
2021-10-27;Nyborg;8;450
2021-10-27;Odense;43;461
2021-10-27;Svendborg;22;479
2021-10-27;Nordfyn;5;480
2021-10-27;Langeland;6;482
2021-10-27;Haderslev;12;510
2021-10-27;Billund;4;530
2021-10-27;Sønderborg;19;540
2021-10-27;Tønder;22;550
2021-10-27;Esbjerg;33;561
2021-10-27;Varde;14;573
2021-10-27;Vejen;13;575
2021-10-27;Aabenraa;18;580
2021-10-27;Fredericia;5;607
2021-10-27;Horsens;2;615
2021-10-27;Kolding;29;621
2021-10-27;Vejle;29;630
2021-10-27;Herning;29;657
2021-10-27;Holstebro;3;661
2021-10-27;Lemvig;6;665
2021-10-27;Struer;1;671
2021-10-27;Syddjurs;9;706
2021-10-27;Norddjurs;12;707
2021-10-27;Favrskov;13;710
2021-10-27;Odder;1;727
2021-10-27;Randers;48;730
2021-10-27;Silkeborg;12;740
2021-10-27;Samsø;2;741
2021-10-27;Skanderborg;16;746
2021-10-27;Århus;73;751
2021-10-27;Ikast-Brande;15;756
2021-10-27;Ringkøbing-Skjern;24;760
2021-10-27;Hedensted;1;766
2021-10-27;Morsø;2;773
2021-10-27;Skive;17;779
2021-10-27;Viborg;46;791
2021-10-27;Brønderslev;10;810
2021-10-27;Frederikshavn;13;813
2021-10-27;Vesthimmerland;11;820
2021-10-27;Rebild;12;840
2021-10-27;Mariagerfjord;34;846
2021-10-27;Jammerbugt;4;849
2021-10-27;Aalborg;75;851
2021-10-27;Hjørring;41;860
2021-10-28;København;194;101
2021-10-28;Frederiksberg;20;147
2021-10-28;Ballerup;10;151
2021-10-28;Brøndby;17;153
2021-10-28;Gentofte;28;157
2021-10-28;Gladsaxe;14;159
2021-10-28;Glostrup;10;161
2021-10-28;Herlev;2;163
2021-10-28;Albertslund;11;165
2021-10-28;Hvidovre;14;167
2021-10-28;Høje Tåstrup;22;169
2021-10-28;Lyngby-Taarbæk;22;173
2021-10-28;Rødovre;19;175
2021-10-28;Ishøj;4;183
2021-10-28;Tårnby;7;185
2021-10-28;Vallensbæk;13;187
2021-10-28;Furesø;9;190
2021-10-28;Allerød;1;201
2021-10-28;Fredensborg;13;210
2021-10-28;Helsingør;33;217
2021-10-28;Hillerød;11;219
2021-10-28;Hørsholm;6;223
2021-10-28;Rudersdal;16;230
2021-10-28;Egedal;6;240
2021-10-28;Frederikssund;26;250
2021-10-28;Greve;18;253
2021-10-28;Køge;15;259
2021-10-28;Halsnæs;5;260
2021-10-28;Roskilde;19;265
2021-10-28;Solrød;8;269
2021-10-28;Gribskov;8;270
2021-10-28;Odsherred;5;306
2021-10-28;Holbæk;22;316
2021-10-28;Faxe;6;320
2021-10-28;Kalundborg;16;326
2021-10-28;Ringsted;9;329
2021-10-28;Slagelse;14;330
2021-10-28;Stevns;1;336
2021-10-28;Sorø;6;340
2021-10-28;Lejre;4;350
2021-10-28;Lolland;8;360
2021-10-28;Næstved;35;370
2021-10-28;Guldborgsund;20;376
2021-10-28;Vordingborg;23;390
2021-10-28;Bornholm;11;400
2021-10-28;Middelfart;11;410
2021-10-28;Assens;9;420
2021-10-28;Faaborg-Midtfyn;15;430
2021-10-28;Kerteminde;4;440
2021-10-28;Nyborg;6;450
2021-10-28;Odense;71;461
2021-10-28;Svendborg;16;479
2021-10-28;Nordfyn;13;480
2021-10-28;Langeland;2;482
2021-10-28;Ærø;1;492
2021-10-28;Haderslev;11;510
2021-10-28;Billund;10;530
2021-10-28;Sønderborg;12;540
2021-10-28;Tønder;6;550
2021-10-28;Esbjerg;30;561
2021-10-28;Varde;15;573
2021-10-28;Vejen;7;575
2021-10-28;Aabenraa;8;580
2021-10-28;Fredericia;10;607
2021-10-28;Horsens;18;615
2021-10-28;Kolding;20;621
2021-10-28;Vejle;26;630
2021-10-28;Herning;9;657
2021-10-28;Holstebro;31;661
2021-10-28;Lemvig;2;665
2021-10-28;Struer;14;671
2021-10-28;Syddjurs;7;706
2021-10-28;Norddjurs;1;707
2021-10-28;Favrskov;12;710
2021-10-28;Odder;3;727
2021-10-28;Randers;13;730
2021-10-28;Silkeborg;40;740
2021-10-28;Skanderborg;16;746
2021-10-28;Århus;152;751
2021-10-28;Ikast-Brande;3;756
2021-10-28;Ringkøbing-Skjern;18;760
2021-10-28;Hedensted;10;766
2021-10-28;Skive;6;779
2021-10-28;Thisted;3;787
2021-10-28;Viborg;29;791
2021-10-28;Brønderslev;9;810
2021-10-28;Frederikshavn;4;813
2021-10-28;Vesthimmerland;15;820
2021-10-28;Rebild;8;840
2021-10-28;Mariagerfjord;1;846
2021-10-28;Jammerbugt;55;849
2021-10-28;Aalborg;95;851
2021-10-28;Hjørring;7;860
2021-10-29;København;214;101
2021-10-29;Frederiksberg;26;147
2021-10-29;Ballerup;13;151
2021-10-29;Brøndby;8;153
2021-10-29;Dragør;1;155
2021-10-29;Gentofte;27;157
2021-10-29;Gladsaxe;7;159
2021-10-29;Glostrup;15;161
2021-10-29;Herlev;8;163
2021-10-29;Albertslund;8;165
2021-10-29;Hvidovre;14;167
2021-10-29;Høje Tåstrup;17;169
2021-10-29;Lyngby-Taarbæk;19;173
2021-10-29;Rødovre;9;175
2021-10-29;Ishøj;12;183
2021-10-29;Tårnby;11;185
2021-10-29;Vallensbæk;2;187
2021-10-29;Furesø;7;190
2021-10-29;Allerød;7;201
2021-10-29;Fredensborg;6;210
2021-10-29;Helsingør;14;217
2021-10-29;Hillerød;15;219
2021-10-29;Hørsholm;2;223
2021-10-29;Rudersdal;15;230
2021-10-29;Egedal;11;240
2021-10-29;Frederikssund;14;250
2021-10-29;Greve;17;253
2021-10-29;Køge;20;259
2021-10-29;Halsnæs;14;260
2021-10-29;Roskilde;33;265
2021-10-29;Solrød;7;269
2021-10-29;Gribskov;13;270
2021-10-29;Odsherred;6;306
2021-10-29;Holbæk;22;316
2021-10-29;Faxe;8;320
2021-10-29;Kalundborg;10;326
2021-10-29;Ringsted;4;329
2021-10-29;Slagelse;22;330
2021-10-29;Stevns;4;336
2021-10-29;Sorø;5;340
2021-10-29;Lejre;10;350
2021-10-29;Lolland;15;360
2021-10-29;Næstved;35;370
2021-10-29;Guldborgsund;19;376
2021-10-29;Vordingborg;13;390
2021-10-29;Bornholm;15;400
2021-10-29;Middelfart;10;410
2021-10-29;Assens;7;420
2021-10-29;Faaborg-Midtfyn;12;430
2021-10-29;Kerteminde;2;440
2021-10-29;Nyborg;6;450
2021-10-29;Odense;40;461
2021-10-29;Svendborg;35;479
2021-10-29;Nordfyn;4;480
2021-10-29;Langeland;9;482
2021-10-29;Ærø;3;492
2021-10-29;Haderslev;14;510
2021-10-29;Billund;10;530
2021-10-29;Sønderborg;24;540
2021-10-29;Tønder;3;550
2021-10-29;Esbjerg;37;561
2021-10-29;Fanø;4;563
2021-10-29;Varde;14;573
2021-10-29;Vejen;18;575
2021-10-29;Aabenraa;19;580
2021-10-29;Fredericia;17;607
2021-10-29;Horsens;5;615
2021-10-29;Kolding;37;621
2021-10-29;Vejle;35;630
2021-10-29;Herning;42;657
2021-10-29;Holstebro;1;661
2021-10-29;Syddjurs;19;706
2021-10-29;Norddjurs;5;707
2021-10-29;Favrskov;11;710
2021-10-29;Randers;25;730
2021-10-29;Silkeborg;42;740
2021-10-29;Skanderborg;11;746
2021-10-29;Århus;104;751
2021-10-29;Ikast-Brande;32;756
2021-10-29;Ringkøbing-Skjern;10;760
2021-10-29;Hedensted;10;766
2021-10-29;Skive;1;779
2021-10-29;Viborg;43;791
2021-10-29;Brønderslev;7;810
2021-10-29;Frederikshavn;13;813
2021-10-29;Vesthimmerland;2;820
2021-10-29;Mariagerfjord;1;846
2021-10-29;Jammerbugt;1;849
2021-10-29;Aalborg;6;851
2021-10-29;Hjørring;51;860
2021-10-30;København;108;101
2021-10-30;Frederiksberg;22;147
2021-10-30;Ballerup;9;151
2021-10-30;Brøndby;4;153
2021-10-30;Dragør;2;155
2021-10-30;Gentofte;7;157
2021-10-30;Gladsaxe;10;159
2021-10-30;Glostrup;7;161
2021-10-30;Herlev;3;163
2021-10-30;Albertslund;4;165
2021-10-30;Hvidovre;12;167
2021-10-30;Høje Tåstrup;15;169
2021-10-30;Lyngby-Taarbæk;9;173
2021-10-30;Rødovre;3;175
2021-10-30;Ishøj;3;183
2021-10-30;Tårnby;5;185
2021-10-30;Vallensbæk;3;187
2021-10-30;Furesø;5;190
2021-10-30;Allerød;11;201
2021-10-30;Fredensborg;24;210
2021-10-30;Helsingør;20;217
2021-10-30;Hillerød;32;219
2021-10-30;Hørsholm;9;223
2021-10-30;Rudersdal;23;230
2021-10-30;Egedal;7;240
2021-10-30;Frederikssund;2;250
2021-10-30;Greve;13;253
2021-10-30;Køge;14;259
2021-10-30;Halsnæs;8;260
2021-10-30;Roskilde;22;265
2021-10-30;Solrød;9;269
2021-10-30;Gribskov;12;270
2021-10-30;Odsherred;7;306
2021-10-30;Holbæk;13;316
2021-10-30;Faxe;7;320
2021-10-30;Kalundborg;17;326
2021-10-30;Ringsted;3;329
2021-10-30;Slagelse;19;330
2021-10-30;Stevns;5;336
2021-10-30;Sorø;6;340
2021-10-30;Lejre;10;350
2021-10-30;Lolland;6;360
2021-10-30;Næstved;21;370
2021-10-30;Guldborgsund;12;376
2021-10-30;Vordingborg;11;390
2021-10-30;Bornholm;4;400
2021-10-30;Middelfart;6;410
2021-10-30;Assens;6;420
2021-10-30;Faaborg-Midtfyn;9;430
2021-10-30;Kerteminde;5;440
2021-10-30;Nyborg;6;450
2021-10-30;Odense;60;461
2021-10-30;Svendborg;3;479
2021-10-30;Nordfyn;4;480
2021-10-30;Haderslev;20;510
2021-10-30;Billund;10;530
2021-10-30;Sønderborg;20;540
2021-10-30;Tønder;3;550
2021-10-30;Vejen;15;575
2021-10-30;Aabenraa;14;580
2021-10-30;Fredericia;13;607
2021-10-30;Horsens;1;615
2021-10-30;Kolding;30;621
2021-10-30;Vejle;55;630
2021-10-30;Lemvig;1;665
2021-10-30;Syddjurs;1;706
2021-10-30;Norddjurs;1;707
2021-10-30;Favrskov;2;710
2021-10-30;Randers;5;730
2021-10-30;Silkeborg;1;740
2021-10-30;Skanderborg;2;746
2021-10-30;Ikast-Brande;1;756
2021-10-30;Hedensted;5;766
2021-10-30;Morsø;2;773
2021-10-30;Skive;2;779
2021-10-30;Thisted;39;787
2021-10-30;Viborg;4;791
2021-10-30;Brønderslev;55;810
2021-10-30;Frederikshavn;4;813
2021-10-30;Vesthimmerland;16;820
2021-10-30;Rebild;4;840
2021-10-30;Mariagerfjord;21;846
2021-10-30;Jammerbugt;12;849
2021-10-30;Aalborg;12;851
2021-10-30;Hjørring;3;860
2021-10-31;København;10;101
2021-10-31;Frederiksberg;2;147
2021-10-31;Gentofte;4;157
2021-10-31;Gladsaxe;1;159
2021-10-31;Glostrup;1;161
2021-10-31;Herlev;1;163
2021-10-31;Hvidovre;3;167
2021-10-31;Høje Tåstrup;6;169
2021-10-31;Lyngby-Taarbæk;2;173
2021-10-31;Rødovre;2;175
2021-10-31;Tårnby;1;185
2021-10-31;Furesø;1;190
2021-10-31;Egedal;2;240
2021-10-31;Frederikssund;1;250
2021-10-31;Greve;9;253
2021-10-31;Køge;13;259
2021-10-31;Roskilde;13;265
2021-10-31;Solrød;9;269
2021-10-31;Odsherred;2;306
2021-10-31;Holbæk;16;316
2021-10-31;Faxe;10;320
2021-10-31;Kalundborg;6;326
2021-10-31;Ringsted;8;329
2021-10-31;Slagelse;18;330
2021-10-31;Stevns;2;336
2021-10-31;Sorø;10;340
2021-10-31;Lejre;6;350
2021-10-31;Lolland;3;360
2021-10-31;Næstved;15;370
2021-10-31;Guldborgsund;16;376
2021-10-31;Vordingborg;7;390
2021-10-31;Middelfart;10;410
2021-10-31;Assens;4;420
2021-10-31;Faaborg-Midtfyn;8;430
2021-10-31;Kerteminde;8;440
2021-10-31;Nyborg;2;450
2021-10-31;Odense;48;461
2021-10-31;Svendborg;2;479
2021-10-31;Nordfyn;4;480
2021-10-31;Haderslev;16;510
2021-10-31;Billund;7;530
2021-10-31;Sønderborg;20;540
2021-10-31;Tønder;8;550
2021-10-31;Esbjerg;2;561
2021-10-31;Vejen;14;575
2021-10-31;Aabenraa;18;580
2021-10-31;Fredericia;9;607
2021-10-31;Horsens;1;615
2021-10-31;Kolding;27;621
2021-10-31;Vejle;22;630
2021-10-31;Lemvig;2;665
2021-10-31;Ikast-Brande;3;756
2021-10-31;Hedensted;7;766
2021-10-31;Morsø;26;773
2021-10-31;Skive;1;779
2021-10-31;Thisted;3;787
2021-10-31;Viborg;1;791
2021-10-31;Brønderslev;15;810
2021-10-31;Frederikshavn;17;813
2021-10-31;Vesthimmerland;1;820
2021-10-31;Rebild;8;840
2021-10-31;Mariagerfjord;5;846
2021-10-31;Jammerbugt;1;849
2021-10-31;Aalborg;76;851
2021-10-31;Hjørring;26;860
2021-11-01;København;232;101
2021-11-01;Frederiksberg;34;147
2021-11-01;Ballerup;17;151
2021-11-01;Brøndby;18;153
2021-11-01;Dragør;14;155
2021-11-01;Gentofte;26;157
2021-11-01;Gladsaxe;13;159
2021-11-01;Glostrup;7;161
2021-11-01;Herlev;14;163
2021-11-01;Albertslund;30;165
2021-11-01;Hvidovre;23;167
2021-11-01;Høje Tåstrup;22;169
2021-11-01;Lyngby-Taarbæk;13;173
2021-11-01;Rødovre;16;175
2021-11-01;Ishøj;24;183
2021-11-01;Tårnby;17;185
2021-11-01;Vallensbæk;7;187
2021-11-01;Furesø;13;190
2021-11-01;Allerød;3;201
2021-11-01;Fredensborg;1;210
2021-11-01;Helsingør;2;217
2021-11-01;Hillerød;2;219
2021-11-01;Hørsholm;1;223
2021-11-01;Rudersdal;9;230
2021-11-01;Egedal;16;240
2021-11-01;Frederikssund;22;250
2021-11-01;Greve;21;253
2021-11-01;Køge;8;259
2021-11-01;Halsnæs;4;260
2021-11-01;Roskilde;33;265
2021-11-01;Solrød;11;269
2021-11-01;Gribskov;1;270
2021-11-01;Odsherred;5;306
2021-11-01;Holbæk;13;316
2021-11-01;Faxe;9;320
2021-11-01;Kalundborg;11;326
2021-11-01;Ringsted;3;329
2021-11-01;Slagelse;30;330
2021-11-01;Stevns;8;336
2021-11-01;Sorø;5;340
2021-11-01;Lejre;3;350
2021-11-01;Lolland;9;360
2021-11-01;Næstved;24;370
2021-11-01;Guldborgsund;18;376
2021-11-01;Vordingborg;13;390
2021-11-01;Middelfart;7;410
2021-11-01;Assens;6;420
2021-11-01;Faaborg-Midtfyn;4;430
2021-11-01;Kerteminde;5;440
2021-11-01;Nyborg;2;450
2021-11-01;Odense;43;461
2021-11-01;Nordfyn;11;480
2021-11-01;Haderslev;7;510
2021-11-01;Billund;5;530
2021-11-01;Sønderborg;14;540
2021-11-01;Tønder;19;550
2021-11-01;Esbjerg;24;561
2021-11-01;Varde;5;573
2021-11-01;Vejen;4;575
2021-11-01;Aabenraa;16;580
2021-11-01;Fredericia;1;607
2021-11-01;Horsens;65;615
2021-11-01;Kolding;25;621
2021-11-01;Vejle;27;630
2021-11-01;Herning;47;657
2021-11-01;Holstebro;3;661
2021-11-01;Lemvig;11;665
2021-11-01;Struer;5;671
2021-11-01;Syddjurs;10;706
2021-11-01;Norddjurs;18;707
2021-11-01;Favrskov;21;710
2021-11-01;Odder;7;727
2021-11-01;Randers;49;730
2021-11-01;Silkeborg;43;740
2021-11-01;Skanderborg;23;746
2021-11-01;Århus;123;751
2021-11-01;Ikast-Brande;27;756
2021-11-01;Ringkøbing-Skjern;11;760
2021-11-01;Hedensted;16;766
2021-11-01;Skive;19;779
2021-11-01;Viborg;7;791
2021-11-01;Brønderslev;6;810
2021-11-01;Frederikshavn;1;813
2021-11-01;Vesthimmerland;39;820
2021-11-01;Rebild;22;840
2021-11-01;Mariagerfjord;3;846
2021-11-01;Jammerbugt;3;849
2021-11-01;Aalborg;92;851
2021-11-01;Hjørring;1;860
2021-11-02;København;241;101
2021-11-02;Frederiksberg;26;147
2021-11-02;Ballerup;21;151
2021-11-02;Brøndby;49;153
2021-11-02;Dragør;11;155
2021-11-02;Gentofte;37;157
2021-11-02;Gladsaxe;31;159
2021-11-02;Glostrup;9;161
2021-11-02;Herlev;5;163
2021-11-02;Albertslund;23;165
2021-11-02;Hvidovre;10;167
2021-11-02;Høje Tåstrup;27;169
2021-11-02;Lyngby-Taarbæk;19;173
2021-11-02;Rødovre;13;175
2021-11-02;Ishøj;20;183
2021-11-02;Tårnby;9;185
2021-11-02;Vallensbæk;10;187
2021-11-02;Furesø;20;190
2021-11-02;Allerød;4;201
2021-11-02;Fredensborg;11;210
2021-11-02;Helsingør;17;217
2021-11-02;Hillerød;19;219
2021-11-02;Hørsholm;5;223
2021-11-02;Rudersdal;20;230
2021-11-02;Egedal;29;240
2021-11-02;Frederikssund;15;250
2021-11-02;Greve;13;253
2021-11-02;Køge;21;259
2021-11-02;Halsnæs;11;260
2021-11-02;Roskilde;28;265
2021-11-02;Gribskov;24;270
2021-11-02;Odsherred;6;306
2021-11-02;Holbæk;16;316
2021-11-02;Faxe;4;320
2021-11-02;Kalundborg;3;326
2021-11-02;Ringsted;6;329
2021-11-02;Slagelse;28;330
2021-11-02;Stevns;1;336
2021-11-02;Sorø;6;340
2021-11-02;Lejre;10;350
2021-11-02;Lolland;7;360
2021-11-02;Næstved;19;370
2021-11-02;Guldborgsund;15;376
2021-11-02;Vordingborg;8;390
2021-11-02;Bornholm;12;400
2021-11-02;Middelfart;9;410
2021-11-02;Assens;3;420
2021-11-02;Faaborg-Midtfyn;12;430
2021-11-02;Kerteminde;8;440
2021-11-02;Nyborg;7;450
2021-11-02;Odense;74;461
2021-11-02;Svendborg;1;479
2021-11-02;Nordfyn;13;480
2021-11-02;Haderslev;35;510
2021-11-02;Billund;3;530
2021-11-02;Sønderborg;16;540
2021-11-02;Tønder;1;550
2021-11-02;Esbjerg;47;561
2021-11-02;Varde;13;573
2021-11-02;Vejen;8;575
2021-11-02;Aabenraa;17;580
2021-11-02;Fredericia;10;607
2021-11-02;Horsens;13;615
2021-11-02;Kolding;44;621
2021-11-02;Vejle;24;630
2021-11-02;Herning;8;657
2021-11-02;Holstebro;58;661
2021-11-02;Lemvig;9;665
2021-11-02;Struer;12;671
2021-11-02;Syddjurs;7;706
2021-11-02;Norddjurs;19;707
2021-11-02;Favrskov;11;710
2021-11-02;Odder;17;727
2021-11-02;Randers;24;730
2021-11-02;Silkeborg;20;740
2021-11-02;Samsø;1;741
2021-11-02;Skanderborg;8;746
2021-11-02;Århus;170;751
2021-11-02;Ikast-Brande;5;756
2021-11-02;Ringkøbing-Skjern;26;760
2021-11-02;Hedensted;17;766
2021-11-02;Morsø;3;773
2021-11-02;Skive;31;779
2021-11-02;Thisted;34;787
2021-11-02;Viborg;45;791
2021-11-02;Brønderslev;4;810
2021-11-02;Vesthimmerland;10;820
2021-11-02;Læsø;3;825
2021-11-02;Rebild;11;840
2021-11-02;Jammerbugt;7;849
2021-11-02;Aalborg;69;851
2021-11-03;København;315;101
2021-11-03;Frederiksberg;44;147
2021-11-03;Ballerup;16;151
2021-11-03;Brøndby;22;153
2021-11-03;Dragør;10;155
2021-11-03;Gentofte;26;157
2021-11-03;Gladsaxe;18;159
2021-11-03;Glostrup;10;161
2021-11-03;Herlev;5;163
2021-11-03;Albertslund;12;165
2021-11-03;Hvidovre;27;167
2021-11-03;Høje Tåstrup;28;169
2021-11-03;Lyngby-Taarbæk;24;173
2021-11-03;Rødovre;26;175
2021-11-03;Ishøj;10;183
2021-11-03;Tårnby;12;185
2021-11-03;Vallensbæk;7;187
2021-11-03;Furesø;21;190
2021-11-03;Allerød;4;201
2021-11-03;Fredensborg;14;210
2021-11-03;Helsingør;27;217
2021-11-03;Hillerød;19;219
2021-11-03;Hørsholm;14;223
2021-11-03;Rudersdal;25;230
2021-11-03;Egedal;7;240
2021-11-03;Frederikssund;4;250
2021-11-03;Greve;31;253
2021-11-03;Køge;20;259
2021-11-03;Halsnæs;26;260
2021-11-03;Roskilde;25;265
2021-11-03;Solrød;14;269
2021-11-03;Gribskov;7;270
2021-11-03;Odsherred;15;306
2021-11-03;Holbæk;17;316
2021-11-03;Faxe;18;320
2021-11-03;Kalundborg;17;326
2021-11-03;Ringsted;20;329
2021-11-03;Slagelse;23;330
2021-11-03;Stevns;14;336
2021-11-03;Sorø;18;340
2021-11-03;Lejre;9;350
2021-11-03;Lolland;20;360
2021-11-03;Næstved;23;370
2021-11-03;Guldborgsund;20;376
2021-11-03;Vordingborg;17;390
2021-11-03;Bornholm;15;400
2021-11-03;Middelfart;12;410
2021-11-03;Assens;26;420
2021-11-03;Faaborg-Midtfyn;26;430
2021-11-03;Kerteminde;5;440
2021-11-03;Nyborg;6;450
2021-11-03;Odense;56;461
2021-11-03;Svendborg;37;479
2021-11-03;Nordfyn;10;480
2021-11-03;Langeland;8;482
2021-11-03;Haderslev;15;510
2021-11-03;Billund;15;530
2021-11-03;Sønderborg;14;540
2021-11-03;Tønder;19;550
2021-11-03;Esbjerg;36;561
2021-11-03;Varde;23;573
2021-11-03;Vejen;7;575
2021-11-03;Aabenraa;12;580
2021-11-03;Fredericia;14;607
2021-11-03;Horsens;97;615
2021-11-03;Kolding;20;621
2021-11-03;Vejle;23;630
2021-11-03;Herning;55;657
2021-11-03;Holstebro;3;661
2021-11-03;Lemvig;15;665
2021-11-03;Struer;2;671
2021-11-03;Syddjurs;14;706
2021-11-03;Norddjurs;12;707
2021-11-03;Favrskov;10;710
2021-11-03;Odder;27;727
2021-11-03;Randers;40;730
2021-11-03;Silkeborg;40;740
2021-11-03;Skanderborg;31;746
2021-11-03;Århus;107;751
2021-11-03;Ikast-Brande;25;756
2021-11-03;Ringkøbing-Skjern;29;760
2021-11-03;Hedensted;25;766
2021-11-03;Morsø;2;773
2021-11-03;Skive;24;779
2021-11-03;Thisted;1;787
2021-11-03;Viborg;35;791
2021-11-03;Brønderslev;8;810
2021-11-03;Frederikshavn;8;813
2021-11-03;Vesthimmerland;11;820
2021-11-03;Rebild;12;840
2021-11-03;Mariagerfjord;23;846
2021-11-03;Jammerbugt;2;849
2021-11-03;Aalborg;56;851
2021-11-03;Hjørring;36;860
2021-11-04;København;227;101
2021-11-04;Frederiksberg;31;147
2021-11-04;Ballerup;14;151
2021-11-04;Brøndby;10;153
2021-11-04;Dragør;1;155
2021-11-04;Gentofte;38;157
2021-11-04;Gladsaxe;25;159
2021-11-04;Glostrup;9;161
2021-11-04;Herlev;9;163
2021-11-04;Albertslund;14;165
2021-11-04;Hvidovre;11;167
2021-11-04;Høje Tåstrup;13;169
2021-11-04;Lyngby-Taarbæk;30;173
2021-11-04;Rødovre;7;175
2021-11-04;Ishøj;2;183
2021-11-04;Tårnby;9;185
2021-11-04;Vallensbæk;6;187
2021-11-04;Furesø;13;190
2021-11-04;Allerød;4;201
2021-11-04;Fredensborg;15;210
2021-11-04;Helsingør;13;217
2021-11-04;Hillerød;10;219
2021-11-04;Hørsholm;6;223
2021-11-04;Rudersdal;15;230
2021-11-04;Egedal;14;240
2021-11-04;Frederikssund;28;250
2021-11-04;Greve;11;253
2021-11-04;Køge;27;259
2021-11-04;Halsnæs;10;260
2021-11-04;Roskilde;23;265
2021-11-04;Solrød;4;269
2021-11-04;Gribskov;9;270
2021-11-04;Odsherred;2;306
2021-11-04;Holbæk;16;316
2021-11-04;Faxe;11;320
2021-11-04;Kalundborg;8;326
2021-11-04;Ringsted;3;329
2021-11-04;Slagelse;19;330
2021-11-04;Stevns;5;336
2021-11-04;Sorø;4;340
2021-11-04;Lejre;7;350
2021-11-04;Lolland;10;360
2021-11-04;Næstved;19;370
2021-11-04;Guldborgsund;17;376
2021-11-04;Vordingborg;5;390
2021-11-04;Bornholm;7;400
2021-11-04;Middelfart;12;410
2021-11-04;Assens;4;420
2021-11-04;Faaborg-Midtfyn;14;430
2021-11-04;Kerteminde;3;440
2021-11-04;Nyborg;7;450
2021-11-04;Odense;51;461
2021-11-04;Svendborg;28;479
2021-11-04;Nordfyn;6;480
2021-11-04;Langeland;1;482
2021-11-04;Haderslev;54;510
2021-11-04;Billund;12;530
2021-11-04;Sønderborg;16;540
2021-11-04;Tønder;6;550
2021-11-04;Esbjerg;49;561
2021-11-04;Fanø;2;563
2021-11-04;Varde;22;573
2021-11-04;Vejen;14;575
2021-11-04;Aabenraa;25;580
2021-11-04;Fredericia;9;607
2021-11-04;Horsens;6;615
2021-11-04;Kolding;20;621
2021-11-04;Vejle;24;630
2021-11-04;Herning;7;657
2021-11-04;Holstebro;45;661
2021-11-04;Lemvig;4;665
2021-11-04;Struer;11;671
2021-11-04;Syddjurs;9;706
2021-11-04;Norddjurs;14;707
2021-11-04;Favrskov;21;710
2021-11-04;Odder;2;727
2021-11-04;Randers;19;730
2021-11-04;Silkeborg;27;740
2021-11-04;Skanderborg;6;746
2021-11-04;Århus;129;751
2021-11-04;Ikast-Brande;3;756
2021-11-04;Ringkøbing-Skjern;25;760
2021-11-04;Hedensted;20;766
2021-11-04;Morsø;3;773
2021-11-04;Skive;16;779
2021-11-04;Thisted;21;787
2021-11-04;Viborg;28;791
2021-11-04;Brønderslev;7;810
2021-11-04;Frederikshavn;4;813
2021-11-04;Vesthimmerland;6;820
2021-11-04;Rebild;4;840
2021-11-04;Mariagerfjord;5;846
2021-11-04;Jammerbugt;7;849
2021-11-04;Aalborg;101;851
2021-11-04;Hjørring;11;860
2021-11-05;København;222;101
2021-11-05;Frederiksberg;41;147
2021-11-05;Ballerup;26;151
2021-11-05;Brøndby;10;153
2021-11-05;Dragør;3;155
2021-11-05;Gentofte;27;157
2021-11-05;Gladsaxe;29;159
2021-11-05;Glostrup;9;161
2021-11-05;Herlev;11;163
2021-11-05;Albertslund;25;165
2021-11-05;Hvidovre;11;167
2021-11-05;Høje Tåstrup;24;169
2021-11-05;Lyngby-Taarbæk;27;173
2021-11-05;Rødovre;14;175
2021-11-05;Ishøj;4;183
2021-11-05;Tårnby;8;185
2021-11-05;Vallensbæk;13;187
2021-11-05;Furesø;11;190
2021-11-05;Allerød;7;201
2021-11-05;Fredensborg;12;210
2021-11-05;Helsingør;22;217
2021-11-05;Hillerød;27;219
2021-11-05;Hørsholm;7;223
2021-11-05;Rudersdal;21;230
2021-11-05;Egedal;29;240
2021-11-05;Frederikssund;34;250
2021-11-05;Greve;24;253
2021-11-05;Køge;18;259
2021-11-05;Halsnæs;20;260
2021-11-05;Roskilde;32;265
2021-11-05;Solrød;6;269
2021-11-05;Gribskov;17;270
2021-11-05;Odsherred;7;306
2021-11-05;Holbæk;25;316
2021-11-05;Faxe;7;320
2021-11-05;Kalundborg;13;326
2021-11-05;Ringsted;8;329
2021-11-05;Slagelse;37;330
2021-11-05;Stevns;5;336
2021-11-05;Sorø;11;340
2021-11-05;Lejre;13;350
2021-11-05;Lolland;15;360
2021-11-05;Næstved;34;370
2021-11-05;Guldborgsund;14;376
2021-11-05;Vordingborg;7;390
2021-11-05;Bornholm;20;400
2021-11-05;Middelfart;7;410
2021-11-05;Assens;12;420
2021-11-05;Faaborg-Midtfyn;13;430
2021-11-05;Kerteminde;5;440
2021-11-05;Nyborg;6;450
2021-11-05;Odense;52;461
2021-11-05;Svendborg;29;479
2021-11-05;Nordfyn;11;480
2021-11-05;Langeland;24;482
2021-11-05;Ærø;2;492
2021-11-05;Haderslev;14;510
2021-11-05;Billund;9;530
2021-11-05;Sønderborg;25;540
2021-11-05;Tønder;11;550
2021-11-05;Esbjerg;54;561
2021-11-05;Fanø;1;563
2021-11-05;Varde;18;573
2021-11-05;Vejen;36;575
2021-11-05;Aabenraa;32;580
2021-11-05;Fredericia;18;607
2021-11-05;Horsens;90;615
2021-11-05;Kolding;32;621
2021-11-05;Vejle;53;630
2021-11-05;Herning;87;657
2021-11-05;Holstebro;4;661
2021-11-05;Lemvig;1;665
2021-11-05;Syddjurs;7;706
2021-11-05;Norddjurs;10;707
2021-11-05;Favrskov;15;710
2021-11-05;Odder;4;727
2021-11-05;Randers;36;730
2021-11-05;Silkeborg;66;740
2021-11-05;Skanderborg;47;746
2021-11-05;Århus;112;751
2021-11-05;Ikast-Brande;29;756
2021-11-05;Ringkøbing-Skjern;31;760
2021-11-05;Hedensted;21;766
2021-11-05;Skive;7;779
2021-11-05;Viborg;52;791
2021-11-05;Brønderslev;45;810
2021-11-05;Frederikshavn;9;813
2021-11-05;Vesthimmerland;4;820
2021-11-05;Rebild;2;840
2021-11-05;Mariagerfjord;4;846
2021-11-05;Jammerbugt;29;849
2021-11-05;Aalborg;4;851
2021-11-05;Hjørring;18;860
2021-11-06;København;191;101
2021-11-06;Frederiksberg;35;147
2021-11-06;Ballerup;12;151
2021-11-06;Brøndby;15;153
2021-11-06;Dragør;5;155
2021-11-06;Gentofte;12;157
2021-11-06;Gladsaxe;22;159
2021-11-06;Glostrup;9;161
2021-11-06;Herlev;14;163
2021-11-06;Albertslund;16;165
2021-11-06;Hvidovre;18;167
2021-11-06;Høje Tåstrup;33;169
2021-11-06;Lyngby-Taarbæk;31;173
2021-11-06;Rødovre;16;175
2021-11-06;Ishøj;6;183
2021-11-06;Tårnby;12;185
2021-11-06;Vallensbæk;2;187
2021-11-06;Furesø;18;190
2021-11-06;Allerød;9;201
2021-11-06;Fredensborg;22;210
2021-11-06;Helsingør;26;217
2021-11-06;Hillerød;35;219
2021-11-06;Hørsholm;10;223
2021-11-06;Rudersdal;28;230
2021-11-06;Egedal;16;240
2021-11-06;Frederikssund;6;250
2021-11-06;Greve;11;253
2021-11-06;Køge;16;259
2021-11-06;Halsnæs;9;260
2021-11-06;Roskilde;29;265
2021-11-06;Solrød;5;269
2021-11-06;Gribskov;25;270
2021-11-06;Odsherred;4;306
2021-11-06;Holbæk;23;316
2021-11-06;Faxe;18;320
2021-11-06;Kalundborg;11;326
2021-11-06;Ringsted;8;329
2021-11-06;Slagelse;20;330
2021-11-06;Stevns;8;336
2021-11-06;Sorø;5;340
2021-11-06;Lejre;9;350
2021-11-06;Lolland;10;360
2021-11-06;Næstved;32;370
2021-11-06;Guldborgsund;19;376
2021-11-06;Vordingborg;9;390
2021-11-06;Bornholm;10;400
2021-11-06;Middelfart;15;410
2021-11-06;Assens;15;420
2021-11-06;Faaborg-Midtfyn;7;430
2021-11-06;Kerteminde;5;440
2021-11-06;Nyborg;9;450
2021-11-06;Odense;89;461
2021-11-06;Nordfyn;10;480
2021-11-06;Haderslev;13;510
2021-11-06;Billund;6;530
2021-11-06;Sønderborg;22;540
2021-11-06;Tønder;9;550
2021-11-06;Esbjerg;2;561
2021-11-06;Vejen;27;575
2021-11-06;Aabenraa;30;580
2021-11-06;Fredericia;21;607
2021-11-06;Horsens;6;615
2021-11-06;Kolding;36;621
2021-11-06;Vejle;44;630
2021-11-06;Herning;1;657
2021-11-06;Holstebro;1;661
2021-11-06;Struer;4;671
2021-11-06;Syddjurs;3;706
2021-11-06;Favrskov;3;710
2021-11-06;Randers;7;730
2021-11-06;Silkeborg;47;740
2021-11-06;Skanderborg;6;746
2021-11-06;Århus;86;751
2021-11-06;Ikast-Brande;6;756
2021-11-06;Hedensted;7;766
2021-11-06;Morsø;12;773
2021-11-06;Thisted;44;787
2021-11-06;Viborg;3;791
2021-11-06;Vesthimmerland;5;820
2021-11-06;Rebild;10;840
2021-11-06;Mariagerfjord;30;846
2021-11-06;Jammerbugt;2;849
2021-11-06;Aalborg;4;851
2021-11-07;København;31;101
2021-11-07;Frederiksberg;2;147
2021-11-07;Ballerup;1;151
2021-11-07;Brøndby;1;153
2021-11-07;Dragør;4;155
2021-11-07;Gentofte;2;157
2021-11-07;Gladsaxe;1;159
2021-11-07;Glostrup;4;161
2021-11-07;Albertslund;3;165
2021-11-07;Hvidovre;6;167
2021-11-07;Høje Tåstrup;4;169
2021-11-07;Lyngby-Taarbæk;2;173
2021-11-07;Rødovre;2;175
2021-11-07;Ishøj;2;183
2021-11-07;Tårnby;4;185
2021-11-07;Vallensbæk;2;187
2021-11-07;Furesø;1;190
2021-11-07;Fredensborg;2;210
2021-11-07;Helsingør;3;217
2021-11-07;Hillerød;1;219
2021-11-07;Egedal;6;240
2021-11-07;Frederikssund;3;250
2021-11-07;Greve;12;253
2021-11-07;Køge;16;259
2021-11-07;Halsnæs;3;260
2021-11-07;Roskilde;22;265
2021-11-07;Solrød;9;269
2021-11-07;Odsherred;5;306
2021-11-07;Holbæk;17;316
2021-11-07;Faxe;8;320
2021-11-07;Kalundborg;18;326
2021-11-07;Ringsted;10;329
2021-11-07;Slagelse;28;330
2021-11-07;Stevns;5;336
2021-11-07;Sorø;11;340
2021-11-07;Lejre;12;350
2021-11-07;Lolland;14;360
2021-11-07;Næstved;29;370
2021-11-07;Guldborgsund;18;376
2021-11-07;Vordingborg;22;390
2021-11-07;Middelfart;7;410
2021-11-07;Assens;12;420
2021-11-07;Faaborg-Midtfyn;3;430
2021-11-07;Kerteminde;6;440
2021-11-07;Nyborg;2;450
2021-11-07;Odense;71;461
2021-11-07;Svendborg;1;479
2021-11-07;Nordfyn;11;480
2021-11-07;Haderslev;8;510
2021-11-07;Billund;4;530
2021-11-07;Sønderborg;28;540
2021-11-07;Tønder;6;550
2021-11-07;Esbjerg;1;561
2021-11-07;Varde;1;573
2021-11-07;Vejen;18;575
2021-11-07;Aabenraa;22;580
2021-11-07;Fredericia;16;607
2021-11-07;Kolding;27;621
2021-11-07;Vejle;47;630
2021-11-07;Herning;3;657
2021-11-07;Odder;1;727
2021-11-07;Skanderborg;3;746
2021-11-07;Århus;3;751
2021-11-07;Ikast-Brande;3;756
2021-11-07;Hedensted;7;766
2021-11-07;Viborg;1;791
2021-11-07;Brønderslev;13;810
2021-11-07;Frederikshavn;18;813
2021-11-07;Vesthimmerland;5;820
2021-11-07;Rebild;6;840
2021-11-07;Jammerbugt;18;849
2021-11-07;Aalborg;123;851
2021-11-07;Hjørring;32;860
2021-11-08;København;352;101
2021-11-08;Frederiksberg;59;147
2021-11-08;Ballerup;22;151
2021-11-08;Brøndby;13;153
2021-11-08;Dragør;15;155
2021-11-08;Gentofte;41;157
2021-11-08;Gladsaxe;25;159
2021-11-08;Glostrup;11;161
2021-11-08;Herlev;6;163
2021-11-08;Albertslund;11;165
2021-11-08;Hvidovre;19;167
2021-11-08;Høje Tåstrup;26;169
2021-11-08;Lyngby-Taarbæk;8;173
2021-11-08;Rødovre;17;175
2021-11-08;Ishøj;36;183
2021-11-08;Tårnby;34;185
2021-11-08;Vallensbæk;9;187
2021-11-08;Furesø;16;190
2021-11-08;Allerød;4;201
2021-11-08;Fredensborg;9;210
2021-11-08;Helsingør;22;217
2021-11-08;Hillerød;1;219
2021-11-08;Hørsholm;1;223
2021-11-08;Rudersdal;9;230
2021-11-08;Egedal;8;240
2021-11-08;Frederikssund;13;250
2021-11-08;Greve;12;253
2021-11-08;Køge;22;259
2021-11-08;Roskilde;36;265
2021-11-08;Solrød;9;269
2021-11-08;Odsherred;11;306
2021-11-08;Holbæk;38;316
2021-11-08;Faxe;18;320
2021-11-08;Kalundborg;29;326
2021-11-08;Ringsted;11;329
2021-11-08;Slagelse;43;330
2021-11-08;Stevns;9;336
2021-11-08;Sorø;10;340
2021-11-08;Lejre;12;350
2021-11-08;Lolland;17;360
2021-11-08;Næstved;42;370
2021-11-08;Guldborgsund;25;376
2021-11-08;Vordingborg;18;390
2021-11-08;Middelfart;7;410
2021-11-08;Assens;4;420
2021-11-08;Faaborg-Midtfyn;22;430
2021-11-08;Kerteminde;6;440
2021-11-08;Nyborg;11;450
2021-11-08;Odense;80;461
2021-11-08;Svendborg;51;479
2021-11-08;Nordfyn;24;480
2021-11-08;Langeland;1;482
2021-11-08;Haderslev;8;510
2021-11-08;Billund;21;530
2021-11-08;Sønderborg;24;540
2021-11-08;Tønder;24;550
2021-11-08;Esbjerg;33;561
2021-11-08;Varde;22;573
2021-11-08;Vejen;14;575
2021-11-08;Aabenraa;38;580
2021-11-08;Fredericia;13;607
2021-11-08;Horsens;75;615
2021-11-08;Kolding;38;621
2021-11-08;Vejle;46;630
2021-11-08;Herning;74;657
2021-11-08;Holstebro;11;661
2021-11-08;Lemvig;14;665
2021-11-08;Struer;14;671
2021-11-08;Syddjurs;16;706
2021-11-08;Norddjurs;24;707
2021-11-08;Favrskov;21;710
2021-11-08;Odder;20;727
2021-11-08;Randers;81;730
2021-11-08;Silkeborg;57;740
2021-11-08;Skanderborg;40;746
2021-11-08;Århus;153;751
2021-11-08;Ikast-Brande;35;756
2021-11-08;Ringkøbing-Skjern;47;760
2021-11-08;Hedensted;7;766
2021-11-08;Morsø;2;773
2021-11-08;Skive;23;779
2021-11-08;Viborg;12;791
2021-11-08;Brønderslev;6;810
2021-11-08;Vesthimmerland;5;820
2021-11-08;Rebild;8;840
2021-11-08;Mariagerfjord;1;846
2021-11-08;Jammerbugt;6;849
2021-11-08;Aalborg;75;851
2021-11-08;Hjørring;2;860
2021-11-09;København;569;101
2021-11-09;Frederiksberg;85;147
2021-11-09;Ballerup;33;151
2021-11-09;Brøndby;28;153
2021-11-09;Dragør;19;155
2021-11-09;Gentofte;61;157
2021-11-09;Gladsaxe;52;159
2021-11-09;Glostrup;18;161
2021-11-09;Herlev;21;163
2021-11-09;Albertslund;17;165
2021-11-09;Hvidovre;29;167
2021-11-09;Høje Tåstrup;53;169
2021-11-09;Lyngby-Taarbæk;26;173
2021-11-09;Rødovre;53;175
2021-11-09;Ishøj;35;183
2021-11-09;Tårnby;45;185
2021-11-09;Vallensbæk;17;187
2021-11-09;Furesø;34;190
2021-11-09;Allerød;13;201
2021-11-09;Fredensborg;22;210
2021-11-09;Helsingør;51;217
2021-11-09;Hillerød;25;219
2021-11-09;Hørsholm;9;223
2021-11-09;Rudersdal;30;230
2021-11-09;Egedal;29;240
2021-11-09;Frederikssund;16;250
2021-11-09;Greve;42;253
2021-11-09;Køge;70;259
2021-11-09;Halsnæs;4;260
2021-11-09;Roskilde;73;265
2021-11-09;Solrød;22;269
2021-11-09;Gribskov;47;270
2021-11-09;Odsherred;19;306
2021-11-09;Holbæk;83;316
2021-11-09;Faxe;45;320
2021-11-09;Kalundborg;43;326
2021-11-09;Ringsted;17;329
2021-11-09;Slagelse;79;330
2021-11-09;Stevns;9;336
2021-11-09;Sorø;16;340
2021-11-09;Lejre;15;350
2021-11-09;Lolland;37;360
2021-11-09;Næstved;57;370
2021-11-09;Guldborgsund;55;376
2021-11-09;Vordingborg;32;390
2021-11-09;Bornholm;45;400
2021-11-09;Middelfart;33;410
2021-11-09;Assens;41;420
2021-11-09;Faaborg-Midtfyn;54;430
2021-11-09;Kerteminde;31;440
2021-11-09;Nyborg;26;450
2021-11-09;Odense;278;461
2021-11-09;Svendborg;81;479
2021-11-09;Nordfyn;34;480
2021-11-09;Langeland;9;482
2021-11-09;Ærø;1;492
2021-11-09;Haderslev;71;510
2021-11-09;Billund;18;530
2021-11-09;Sønderborg;66;540
2021-11-09;Tønder;18;550
2021-11-09;Esbjerg;108;561
2021-11-09;Fanø;1;563
2021-11-09;Varde;59;573
2021-11-09;Vejen;35;575
2021-11-09;Aabenraa;55;580
2021-11-09;Fredericia;51;607
2021-11-09;Horsens;8;615
2021-11-09;Kolding;87;621
2021-11-09;Vejle;125;630
2021-11-09;Herning;8;657
2021-11-09;Holstebro;94;661
2021-11-09;Lemvig;8;665
2021-11-09;Struer;15;671
2021-11-09;Syddjurs;12;706
2021-11-09;Norddjurs;10;707
2021-11-09;Favrskov;57;710
2021-11-09;Odder;25;727
2021-11-09;Randers;88;730
2021-11-09;Silkeborg;27;740
2021-11-09;Skanderborg;30;746
2021-11-09;Århus;473;751
2021-11-09;Ikast-Brande;9;756
2021-11-09;Ringkøbing-Skjern;35;760
2021-11-09;Hedensted;51;766
2021-11-09;Morsø;7;773
2021-11-09;Skive;26;779
2021-11-09;Thisted;32;787
2021-11-09;Viborg;91;791
2021-11-09;Brønderslev;6;810
2021-11-09;Frederikshavn;53;813
2021-11-09;Vesthimmerland;13;820
2021-11-09;Rebild;61;840
2021-11-09;Mariagerfjord;16;846
2021-11-09;Jammerbugt;8;849
2021-11-09;Aalborg;171;851
2021-11-09;Hjørring;3;860
2021-11-10;København;574;101
2021-11-10;Frederiksberg;91;147
2021-11-10;Ballerup;62;151
2021-11-10;Brøndby;22;153
2021-11-10;Dragør;4;155
2021-11-10;Gentofte;59;157
2021-11-10;Gladsaxe;48;159
2021-11-10;Glostrup;18;161
2021-11-10;Herlev;23;163
2021-11-10;Albertslund;39;165
2021-11-10;Hvidovre;53;167
2021-11-10;Høje Tåstrup;65;169
2021-11-10;Lyngby-Taarbæk;50;173
2021-11-10;Rødovre;32;175
2021-11-10;Ishøj;15;183
2021-11-10;Tårnby;17;185
2021-11-10;Vallensbæk;17;187
2021-11-10;Furesø;21;190
2021-11-10;Allerød;14;201
2021-11-10;Fredensborg;21;210
2021-11-10;Helsingør;33;217
2021-11-10;Hillerød;35;219
2021-11-10;Hørsholm;20;223
2021-11-10;Rudersdal;39;230
2021-11-10;Egedal;23;240
2021-11-10;Frederikssund;23;250
2021-11-10;Greve;61;253
2021-11-10;Køge;49;259
2021-11-10;Halsnæs;75;260
2021-11-10;Roskilde;69;265
2021-11-10;Solrød;29;269
2021-11-10;Gribskov;23;270
2021-11-10;Odsherred;45;306
2021-11-10;Holbæk;75;316
2021-11-10;Faxe;50;320
2021-11-10;Kalundborg;42;326
2021-11-10;Ringsted;52;329
2021-11-10;Slagelse;67;330
2021-11-10;Stevns;31;336
2021-11-10;Sorø;35;340
2021-11-10;Lejre;42;350
2021-11-10;Lolland;48;360
2021-11-10;Næstved;78;370
2021-11-10;Guldborgsund;53;376
2021-11-10;Vordingborg;48;390
2021-11-10;Bornholm;45;400
2021-11-10;Middelfart;30;410
2021-11-10;Assens;45;420
2021-11-10;Faaborg-Midtfyn;52;430
2021-11-10;Kerteminde;26;440
2021-11-10;Nyborg;21;450
2021-11-10;Odense;192;461
2021-11-10;Svendborg;66;479
2021-11-10;Nordfyn;27;480
2021-11-10;Langeland;4;482
2021-11-10;Haderslev;35;510
2021-11-10;Billund;20;530
2021-11-10;Sønderborg;63;540
2021-11-10;Tønder;87;550
2021-11-10;Esbjerg;101;561
2021-11-10;Fanø;4;563
2021-11-10;Varde;76;573
2021-11-10;Vejen;45;575
2021-11-10;Aabenraa;80;580
2021-11-10;Fredericia;38;607
2021-11-10;Horsens;263;615
2021-11-10;Kolding;87;621
2021-11-10;Vejle;101;630
2021-11-10;Herning;151;657
2021-11-10;Holstebro;14;661
2021-11-10;Lemvig;20;665
2021-11-10;Struer;4;671
2021-11-10;Syddjurs;36;706
2021-11-10;Norddjurs;35;707
2021-11-10;Favrskov;27;710
2021-11-10;Odder;32;727
2021-11-10;Randers;142;730
2021-11-10;Silkeborg;94;740
2021-11-10;Samsø;27;741
2021-11-10;Skanderborg;61;746
2021-11-10;Århus;280;751
2021-11-10;Ikast-Brande;74;756
2021-11-10;Ringkøbing-Skjern;73;760
2021-11-10;Hedensted;82;766
2021-11-10;Morsø;4;773
2021-11-10;Skive;27;779
2021-11-10;Thisted;1;787
2021-11-10;Viborg;92;791
2021-11-10;Brønderslev;6;810
2021-11-10;Frederikshavn;12;813
2021-11-10;Vesthimmerland;14;820
2021-11-10;Læsø;2;825
2021-11-10;Rebild;11;840
2021-11-10;Mariagerfjord;31;846
2021-11-10;Jammerbugt;2;849
2021-11-10;Aalborg;14;851
2021-11-10;Hjørring;32;860
2021-11-11;København;431;101
2021-11-11;Frederiksberg;58;147
2021-11-11;Ballerup;18;151
2021-11-11;Brøndby;13;153
2021-11-11;Dragør;7;155
2021-11-11;Gentofte;59;157
2021-11-11;Gladsaxe;57;159
2021-11-11;Glostrup;8;161
2021-11-11;Herlev;18;163
2021-11-11;Albertslund;16;165
2021-11-11;Hvidovre;23;167
2021-11-11;Høje Tåstrup;32;169
2021-11-11;Lyngby-Taarbæk;54;173
2021-11-11;Rødovre;46;175
2021-11-11;Ishøj;7;183
2021-11-11;Tårnby;12;185
2021-11-11;Vallensbæk;28;187
2021-11-11;Furesø;31;190
2021-11-11;Allerød;5;201
2021-11-11;Fredensborg;28;210
2021-11-11;Helsingør;14;217
2021-11-11;Hillerød;30;219
2021-11-11;Hørsholm;18;223
2021-11-11;Rudersdal;28;230
2021-11-11;Egedal;35;240
2021-11-11;Frederikssund;43;250
2021-11-11;Greve;31;253
2021-11-11;Køge;61;259
2021-11-11;Halsnæs;11;260
2021-11-11;Roskilde;67;265
2021-11-11;Solrød;17;269
2021-11-11;Gribskov;17;270
2021-11-11;Odsherred;14;306
2021-11-11;Holbæk;60;316
2021-11-11;Faxe;16;320
2021-11-11;Kalundborg;38;326
2021-11-11;Ringsted;17;329
2021-11-11;Slagelse;52;330
2021-11-11;Stevns;16;336
2021-11-11;Sorø;16;340
2021-11-11;Lejre;25;350
2021-11-11;Lolland;22;360
2021-11-11;Næstved;74;370
2021-11-11;Guldborgsund;52;376
2021-11-11;Vordingborg;27;390
2021-11-11;Bornholm;43;400
2021-11-11;Middelfart;16;410
2021-11-11;Assens;27;420
2021-11-11;Faaborg-Midtfyn;58;430
2021-11-11;Kerteminde;16;440
2021-11-11;Nyborg;34;450
2021-11-11;Odense;178;461
2021-11-11;Svendborg;53;479
2021-11-11;Nordfyn;22;480
2021-11-11;Langeland;3;482
2021-11-11;Ærø;1;492
2021-11-11;Haderslev;120;510
2021-11-11;Billund;19;530
2021-11-11;Sønderborg;35;540
2021-11-11;Tønder;22;550
2021-11-11;Esbjerg;97;561
2021-11-11;Fanø;4;563
2021-11-11;Varde;43;573
2021-11-11;Vejen;34;575
2021-11-11;Aabenraa;58;580
2021-11-11;Fredericia;27;607
2021-11-11;Horsens;14;615
2021-11-11;Kolding;83;621
2021-11-11;Vejle;104;630
2021-11-11;Herning;24;657
2021-11-11;Holstebro;151;661
2021-11-11;Lemvig;29;665
2021-11-11;Struer;53;671
2021-11-11;Syddjurs;14;706
2021-11-11;Norddjurs;7;707
2021-11-11;Favrskov;36;710
2021-11-11;Odder;2;727
2021-11-11;Randers;59;730
2021-11-11;Silkeborg;87;740
2021-11-11;Samsø;7;741
2021-11-11;Skanderborg;39;746
2021-11-11;Århus;382;751
2021-11-11;Ikast-Brande;15;756
2021-11-11;Ringkøbing-Skjern;38;760
2021-11-11;Hedensted;60;766
2021-11-11;Morsø;4;773
2021-11-11;Skive;37;779
2021-11-11;Viborg;87;791
2021-11-11;Brønderslev;14;810
2021-11-11;Frederikshavn;1;813
2021-11-11;Vesthimmerland;12;820
2021-11-11;Rebild;22;840
2021-11-11;Mariagerfjord;46;846
2021-11-11;Jammerbugt;9;849
2021-11-11;Aalborg;171;851
2021-11-11;Hjørring;2;860
2021-11-12;København;433;101
2021-11-12;Frederiksberg;64;147
2021-11-12;Ballerup;19;151
2021-11-12;Brøndby;14;153
2021-11-12;Dragør;4;155
2021-11-12;Gentofte;56;157
2021-11-12;Gladsaxe;34;159
2021-11-12;Glostrup;16;161
2021-11-12;Herlev;23;163
2021-11-12;Albertslund;36;165
2021-11-12;Hvidovre;41;167
2021-11-12;Høje Tåstrup;53;169
2021-11-12;Lyngby-Taarbæk;28;173
2021-11-12;Rødovre;36;175
2021-11-12;Ishøj;16;183
2021-11-12;Tårnby;39;185
2021-11-12;Vallensbæk;9;187
2021-11-12;Furesø;6;190
2021-11-12;Allerød;15;201
2021-11-12;Fredensborg;13;210
2021-11-12;Helsingør;19;217
2021-11-12;Hillerød;39;219
2021-11-12;Hørsholm;20;223
2021-11-12;Rudersdal;31;230
2021-11-12;Egedal;26;240
2021-11-12;Frederikssund;17;250
2021-11-12;Greve;32;253
2021-11-12;Køge;66;259
2021-11-12;Halsnæs;13;260
2021-11-12;Roskilde;71;265
2021-11-12;Solrød;24;269
2021-11-12;Gribskov;26;270
2021-11-12;Odsherred;29;306
2021-11-12;Holbæk;71;316
2021-11-12;Faxe;18;320
2021-11-12;Kalundborg;45;326
2021-11-12;Ringsted;13;329
2021-11-12;Slagelse;80;330
2021-11-12;Stevns;10;336
2021-11-12;Sorø;20;340
2021-11-12;Lejre;14;350
2021-11-12;Lolland;50;360
2021-11-12;Næstved;69;370
2021-11-12;Guldborgsund;59;376
2021-11-12;Vordingborg;31;390
2021-11-12;Bornholm;50;400
2021-11-12;Middelfart;22;410
2021-11-12;Assens;15;420
2021-11-12;Faaborg-Midtfyn;39;430
2021-11-12;Kerteminde;14;440
2021-11-12;Nyborg;20;450
2021-11-12;Odense;175;461
2021-11-12;Svendborg;87;479
2021-11-12;Nordfyn;23;480
2021-11-12;Langeland;36;482
2021-11-12;Ærø;22;492
2021-11-12;Haderslev;35;510
2021-11-12;Billund;22;530
2021-11-12;Sønderborg;45;540
2021-11-12;Tønder;28;550
2021-11-12;Esbjerg;90;561
2021-11-12;Fanø;1;563
2021-11-12;Varde;43;573
2021-11-12;Vejen;28;575
2021-11-12;Aabenraa;78;580
2021-11-12;Fredericia;46;607
2021-11-12;Horsens;172;615
2021-11-12;Kolding;91;621
2021-11-12;Vejle;122;630
2021-11-12;Herning;156;657
2021-11-12;Holstebro;13;661
2021-11-12;Lemvig;1;665
2021-11-12;Struer;1;671
2021-11-12;Syddjurs;33;706
2021-11-12;Norddjurs;17;707
2021-11-12;Favrskov;27;710
2021-11-12;Odder;1;727
2021-11-12;Randers;50;730
2021-11-12;Silkeborg;114;740
2021-11-12;Samsø;1;741
2021-11-12;Skanderborg;74;746
2021-11-12;Århus;240;751
2021-11-12;Ikast-Brande;82;756
2021-11-12;Ringkøbing-Skjern;63;760
2021-11-12;Hedensted;37;766
2021-11-12;Morsø;1;773
2021-11-12;Skive;7;779
2021-11-12;Viborg;95;791
2021-11-12;Brønderslev;14;810
2021-11-12;Frederikshavn;19;813
2021-11-12;Vesthimmerland;7;820
2021-11-12;Rebild;3;840
2021-11-12;Mariagerfjord;3;846
2021-11-12;Jammerbugt;5;849
2021-11-12;Aalborg;21;851
2021-11-12;Hjørring;73;860
2021-11-13;København;275;101
2021-11-13;Frederiksberg;41;147
2021-11-13;Ballerup;21;151
2021-11-13;Brøndby;16;153
2021-11-13;Dragør;1;155
2021-11-13;Gentofte;21;157
2021-11-13;Gladsaxe;14;159
2021-11-13;Glostrup;8;161
2021-11-13;Herlev;14;163
2021-11-13;Albertslund;18;165
2021-11-13;Hvidovre;39;167
2021-11-13;Høje Tåstrup;56;169
2021-11-13;Lyngby-Taarbæk;35;173
2021-11-13;Rødovre;23;175
2021-11-13;Ishøj;26;183
2021-11-13;Tårnby;23;185
2021-11-13;Vallensbæk;6;187
2021-11-13;Furesø;18;190
2021-11-13;Allerød;19;201
2021-11-13;Fredensborg;36;210
2021-11-13;Helsingør;33;217
2021-11-13;Hillerød;51;219
2021-11-13;Hørsholm;15;223
2021-11-13;Rudersdal;54;230
2021-11-13;Egedal;25;240
2021-11-13;Frederikssund;37;250
2021-11-13;Greve;44;253
2021-11-13;Køge;46;259
2021-11-13;Halsnæs;16;260
2021-11-13;Roskilde;65;265
2021-11-13;Solrød;21;269
2021-11-13;Gribskov;40;270
2021-11-13;Odsherred;18;306
2021-11-13;Holbæk;55;316
2021-11-13;Faxe;30;320
2021-11-13;Kalundborg;29;326
2021-11-13;Ringsted;30;329
2021-11-13;Slagelse;54;330
2021-11-13;Stevns;12;336
2021-11-13;Sorø;22;340
2021-11-13;Lejre;24;350
2021-11-13;Lolland;16;360
2021-11-13;Næstved;61;370
2021-11-13;Guldborgsund;41;376
2021-11-13;Vordingborg;30;390
2021-11-13;Bornholm;34;400
2021-11-13;Middelfart;28;410
2021-11-13;Assens;5;420
2021-11-13;Faaborg-Midtfyn;3;430
2021-11-13;Kerteminde;10;440
2021-11-13;Nyborg;13;450
2021-11-13;Odense;82;461
2021-11-13;Svendborg;1;479
2021-11-13;Nordfyn;9;480
2021-11-13;Ærø;1;492
2021-11-13;Haderslev;51;510
2021-11-13;Billund;28;530
2021-11-13;Sønderborg;87;540
2021-11-13;Tønder;21;550
2021-11-13;Esbjerg;10;561
2021-11-13;Varde;8;573
2021-11-13;Vejen;53;575
2021-11-13;Aabenraa;61;580
2021-11-13;Fredericia;55;607
2021-11-13;Horsens;12;615
2021-11-13;Kolding;106;621
2021-11-13;Vejle;130;630
2021-11-13;Herning;58;657
2021-11-13;Holstebro;9;661
2021-11-13;Struer;5;671
2021-11-13;Syddjurs;8;706
2021-11-13;Favrskov;18;710
2021-11-13;Randers;11;730
2021-11-13;Silkeborg;10;740
2021-11-13;Skanderborg;11;746
2021-11-13;Århus;184;751
2021-11-13;Ikast-Brande;25;756
2021-11-13;Ringkøbing-Skjern;27;760
2021-11-13;Hedensted;26;766
2021-11-13;Morsø;7;773
2021-11-13;Skive;10;779
2021-11-13;Thisted;137;787
2021-11-13;Viborg;82;791
2021-11-13;Brønderslev;1;810
2021-11-13;Vesthimmerland;32;820
2021-11-13;Rebild;16;840
2021-11-13;Mariagerfjord;91;846
2021-11-13;Jammerbugt;8;849
2021-11-13;Aalborg;16;851
2021-11-14;København;44;101
2021-11-14;Frederiksberg;3;147
2021-11-14;Ballerup;2;151
2021-11-14;Dragør;1;155
2021-11-14;Gentofte;5;157
2021-11-14;Gladsaxe;2;159
2021-11-14;Glostrup;2;161
2021-11-14;Hvidovre;3;167
2021-11-14;Høje Tåstrup;6;169
2021-11-14;Lyngby-Taarbæk;1;173
2021-11-14;Rødovre;2;175
2021-11-14;Tårnby;1;185
2021-11-14;Vallensbæk;2;187
2021-11-14;Furesø;3;190
2021-11-14;Allerød;2;201
2021-11-14;Fredensborg;1;210
2021-11-14;Helsingør;2;217
2021-11-14;Hørsholm;2;223
2021-11-14;Egedal;8;240
2021-11-14;Frederikssund;13;250
2021-11-14;Greve;19;253
2021-11-14;Køge;50;259
2021-11-14;Roskilde;59;265
2021-11-14;Solrød;17;269
2021-11-14;Gribskov;1;270
2021-11-14;Odsherred;18;306
2021-11-14;Holbæk;43;316
2021-11-14;Faxe;49;320
2021-11-14;Kalundborg;29;326
2021-11-14;Ringsted;24;329
2021-11-14;Slagelse;59;330
2021-11-14;Stevns;19;336
2021-11-14;Sorø;20;340
2021-11-14;Lejre;21;350
2021-11-14;Lolland;23;360
2021-11-14;Næstved;70;370
2021-11-14;Guldborgsund;39;376
2021-11-14;Vordingborg;42;390
2021-11-14;Middelfart;37;410
2021-11-14;Assens;27;420
2021-11-14;Faaborg-Midtfyn;25;430
2021-11-14;Kerteminde;17;440
2021-11-14;Nyborg;24;450
2021-11-14;Odense;224;461
2021-11-14;Nordfyn;27;480
2021-11-14;Langeland;3;482
2021-11-14;Haderslev;42;510
2021-11-14;Billund;21;530
2021-11-14;Sønderborg;63;540
2021-11-14;Tønder;22;550
2021-11-14;Esbjerg;9;561
2021-11-14;Varde;2;573
2021-11-14;Vejen;50;575
2021-11-14;Aabenraa;61;580
2021-11-14;Fredericia;59;607
2021-11-14;Horsens;12;615
2021-11-14;Kolding;84;621
2021-11-14;Vejle;111;630
2021-11-14;Holstebro;2;661
2021-11-14;Lemvig;1;665
2021-11-14;Struer;2;671
2021-11-14;Silkeborg;2;740
2021-11-14;Århus;6;751
2021-11-14;Ikast-Brande;3;756
2021-11-14;Hedensted;15;766
2021-11-14;Morsø;134;773
2021-11-14;Skive;17;779
2021-11-14;Thisted;18;787
2021-11-14;Brønderslev;35;810
2021-11-14;Frederikshavn;41;813
2021-11-14;Vesthimmerland;11;820
2021-11-14;Læsø;1;825
2021-11-14;Rebild;15;840
2021-11-14;Mariagerfjord;10;846
2021-11-14;Jammerbugt;26;849
2021-11-14;Aalborg;275;851
2021-11-14;Hjørring;120;860
2021-11-15;København;596;101
2021-11-15;Frederiksberg;70;147
2021-11-15;Ballerup;28;151
2021-11-15;Brøndby;41;153
2021-11-15;Dragør;17;155
2021-11-15;Gentofte;63;157
2021-11-15;Gladsaxe;50;159
2021-11-15;Glostrup;18;161
2021-11-15;Herlev;11;163
2021-11-15;Albertslund;19;165
2021-11-15;Hvidovre;54;167
2021-11-15;Høje Tåstrup;45;169
2021-11-15;Lyngby-Taarbæk;42;173
2021-11-15;Rødovre;34;175
2021-11-15;Ishøj;51;183
2021-11-15;Tårnby;34;185
2021-11-15;Vallensbæk;14;187
2021-11-15;Furesø;28;190
2021-11-15;Allerød;28;201
2021-11-15;Fredensborg;38;210
2021-11-15;Helsingør;80;217
2021-11-15;Hillerød;64;219
2021-11-15;Hørsholm;36;223
2021-11-15;Rudersdal;51;230
2021-11-15;Egedal;41;240
2021-11-15;Frederikssund;38;250
2021-11-15;Greve;57;253
2021-11-15;Køge;60;259
2021-11-15;Halsnæs;27;260
2021-11-15;Roskilde;94;265
2021-11-15;Solrød;19;269
2021-11-15;Gribskov;59;270
2021-11-15;Odsherred;22;306
2021-11-15;Holbæk;60;316
2021-11-15;Faxe;19;320
2021-11-15;Kalundborg;49;326
2021-11-15;Ringsted;16;329
2021-11-15;Slagelse;74;330
2021-11-15;Stevns;17;336
2021-11-15;Sorø;34;340
2021-11-15;Lejre;21;350
2021-11-15;Lolland;30;360
2021-11-15;Næstved;66;370
2021-11-15;Guldborgsund;41;376
2021-11-15;Vordingborg;36;390
2021-11-15;Middelfart;21;410
2021-11-15;Assens;13;420
2021-11-15;Faaborg-Midtfyn;45;430
2021-11-15;Kerteminde;10;440
2021-11-15;Nyborg;22;450
2021-11-15;Odense;156;461
2021-11-15;Svendborg;62;479
2021-11-15;Nordfyn;16;480
2021-11-15;Langeland;5;482
2021-11-15;Haderslev;29;510
2021-11-15;Billund;35;530
2021-11-15;Sønderborg;80;540
2021-11-15;Tønder;89;550
2021-11-15;Esbjerg;53;561
2021-11-15;Varde;33;573
2021-11-15;Vejen;39;575
2021-11-15;Aabenraa;67;580
2021-11-15;Fredericia;50;607
2021-11-15;Horsens;146;615
2021-11-15;Kolding;103;621
2021-11-15;Vejle;97;630
2021-11-15;Herning;132;657
2021-11-15;Holstebro;13;661
2021-11-15;Lemvig;26;665
2021-11-15;Struer;11;671
2021-11-15;Syddjurs;46;706
2021-11-15;Norddjurs;61;707
2021-11-15;Favrskov;55;710
2021-11-15;Odder;26;727
2021-11-15;Randers;149;730
2021-11-15;Silkeborg;83;740
2021-11-15;Skanderborg;73;746
2021-11-15;Århus;364;751
2021-11-15;Ikast-Brande;72;756
2021-11-15;Ringkøbing-Skjern;69;760
2021-11-15;Hedensted;34;766
2021-11-15;Morsø;1;773
2021-11-15;Skive;34;779
2021-11-15;Thisted;2;787
2021-11-15;Viborg;15;791
2021-11-15;Brønderslev;16;810
2021-11-15;Frederikshavn;9;813
2021-11-15;Vesthimmerland;6;820
2021-11-15;Rebild;26;840
2021-11-15;Mariagerfjord;8;846
2021-11-15;Jammerbugt;18;849
2021-11-15;Aalborg;312;851
2021-11-15;Hjørring;2;860
2021-11-16;København;510;101
2021-11-16;Frederiksberg;58;147
2021-11-16;Ballerup;24;151
2021-11-16;Brøndby;13;153
2021-11-16;Dragør;21;155
2021-11-16;Gentofte;49;157
2021-11-16;Gladsaxe;47;159
2021-11-16;Glostrup;13;161
2021-11-16;Herlev;20;163
2021-11-16;Albertslund;9;165
2021-11-16;Hvidovre;20;167
2021-11-16;Høje Tåstrup;42;169
2021-11-16;Lyngby-Taarbæk;63;173
2021-11-16;Rødovre;15;175
2021-11-16;Ishøj;24;183
2021-11-16;Tårnby;38;185
2021-11-16;Vallensbæk;6;187
2021-11-16;Furesø;26;190
2021-11-16;Allerød;14;201
2021-11-16;Fredensborg;39;210
2021-11-16;Helsingør;13;217
2021-11-16;Hillerød;41;219
2021-11-16;Hørsholm;21;223
2021-11-16;Rudersdal;40;230
2021-11-16;Egedal;28;240
2021-11-16;Frederikssund;40;250
2021-11-16;Greve;29;253
2021-11-16;Køge;37;259
2021-11-16;Halsnæs;16;260
2021-11-16;Roskilde;61;265
2021-11-16;Solrød;13;269
2021-11-16;Gribskov;33;270
2021-11-16;Odsherred;18;306
2021-11-16;Holbæk;50;316
2021-11-16;Faxe;26;320
2021-11-16;Kalundborg;16;326
2021-11-16;Ringsted;11;329
2021-11-16;Slagelse;4;330
2021-11-16;Stevns;16;336
2021-11-16;Sorø;9;340
2021-11-16;Lejre;15;350
2021-11-16;Lolland;31;360
2021-11-16;Næstved;62;370
2021-11-16;Guldborgsund;39;376
2021-11-16;Vordingborg;47;390
2021-11-16;Bornholm;42;400
2021-11-16;Middelfart;27;410
2021-11-16;Assens;32;420
2021-11-16;Faaborg-Midtfyn;46;430
2021-11-16;Kerteminde;16;440
2021-11-16;Nyborg;23;450
2021-11-16;Odense;201;461
2021-11-16;Svendborg;69;479
2021-11-16;Nordfyn;39;480
2021-11-16;Langeland;5;482
2021-11-16;Ærø;2;492
2021-11-16;Haderslev;108;510
2021-11-16;Billund;14;530
2021-11-16;Sønderborg;44;540
2021-11-16;Tønder;10;550
2021-11-16;Esbjerg;93;561
2021-11-16;Fanø;1;563
2021-11-16;Varde;20;573
2021-11-16;Vejen;57;575
2021-11-16;Aabenraa;37;580
2021-11-16;Fredericia;69;607
2021-11-16;Horsens;8;615
2021-11-16;Kolding;79;621
2021-11-16;Vejle;88;630
2021-11-16;Herning;25;657
2021-11-16;Holstebro;136;661
2021-11-16;Lemvig;16;665
2021-11-16;Struer;29;671
2021-11-16;Syddjurs;17;706
2021-11-16;Norddjurs;11;707
2021-11-16;Favrskov;54;710
2021-11-16;Odder;24;727
2021-11-16;Randers;64;730
2021-11-16;Silkeborg;27;740
2021-11-16;Skanderborg;28;746
2021-11-16;Århus;426;751
2021-11-16;Ikast-Brande;4;756
2021-11-16;Ringkøbing-Skjern;37;760
2021-11-16;Hedensted;43;766
2021-11-16;Morsø;13;773
2021-11-16;Skive;45;779
2021-11-16;Thisted;90;787
2021-11-16;Viborg;85;791
2021-11-16;Brønderslev;21;810
2021-11-16;Frederikshavn;11;813
2021-11-16;Vesthimmerland;14;820
2021-11-16;Rebild;21;840
2021-11-16;Mariagerfjord;3;846
2021-11-16;Jammerbugt;31;849
2021-11-16;Aalborg;293;851
2021-11-16;Hjørring;3;860
2021-11-17;København;355;101
2021-11-17;Frederiksberg;51;147
2021-11-17;Ballerup;27;151
2021-11-17;Brøndby;10;153
2021-11-17;Dragør;3;155
2021-11-17;Gentofte;39;157
2021-11-17;Gladsaxe;50;159
2021-11-17;Glostrup;14;161
2021-11-17;Herlev;24;163
2021-11-17;Albertslund;29;165
2021-11-17;Hvidovre;22;167
2021-11-17;Høje Tåstrup;41;169
2021-11-17;Lyngby-Taarbæk;30;173
2021-11-17;Rødovre;28;175
2021-11-17;Ishøj;11;183
2021-11-17;Tårnby;10;185
2021-11-17;Vallensbæk;9;187
2021-11-17;Furesø;28;190
2021-11-17;Allerød;18;201
2021-11-17;Fredensborg;48;210
2021-11-17;Helsingør;144;217
2021-11-17;Hillerød;74;219
2021-11-17;Hørsholm;19;223
2021-11-17;Rudersdal;60;230
2021-11-17;Egedal;48;240
2021-11-17;Frederikssund;28;250
2021-11-17;Greve;28;253
2021-11-17;Køge;40;259
2021-11-17;Halsnæs;50;260
2021-11-17;Roskilde;61;265
2021-11-17;Solrød;23;269
2021-11-17;Gribskov;47;270
2021-11-17;Odsherred;27;306
2021-11-17;Holbæk;52;316
2021-11-17;Faxe;37;320
2021-11-17;Kalundborg;26;326
2021-11-17;Ringsted;59;329
2021-11-17;Slagelse;77;330
2021-11-17;Stevns;28;336
2021-11-17;Sorø;19;340
2021-11-17;Lejre;35;350
2021-11-17;Lolland;51;360
2021-11-17;Næstved;59;370
2021-11-17;Guldborgsund;39;376
2021-11-17;Vordingborg;39;390
2021-11-17;Bornholm;45;400
2021-11-17;Middelfart;17;410
2021-11-17;Assens;35;420
2021-11-17;Faaborg-Midtfyn;35;430
2021-11-17;Kerteminde;8;440
2021-11-17;Nyborg;8;450
2021-11-17;Odense;136;461
2021-11-17;Svendborg;26;479
2021-11-17;Nordfyn;16;480
2021-11-17;Langeland;3;482
2021-11-17;Ærø;1;492
2021-11-17;Haderslev;5;510
2021-11-17;Billund;14;530
2021-11-17;Sønderborg;17;540
2021-11-17;Tønder;67;550
2021-11-17;Esbjerg;48;561
2021-11-17;Fanø;1;563
2021-11-17;Varde;37;573
2021-11-17;Vejen;29;575
2021-11-17;Aabenraa;30;580
2021-11-17;Fredericia;26;607
2021-11-17;Horsens;137;615
2021-11-17;Kolding;65;621
2021-11-17;Vejle;61;630
2021-11-17;Herning;96;657
2021-11-17;Holstebro;13;661
2021-11-17;Lemvig;17;665
2021-11-17;Struer;4;671
2021-11-17;Syddjurs;51;706
2021-11-17;Norddjurs;48;707
2021-11-17;Favrskov;31;710
2021-11-17;Odder;23;727
2021-11-17;Randers;146;730
2021-11-17;Silkeborg;80;740
2021-11-17;Skanderborg;68;746
2021-11-17;Århus;179;751
2021-11-17;Ikast-Brande;32;756
2021-11-17;Ringkøbing-Skjern;83;760
2021-11-17;Hedensted;39;766
2021-11-17;Morsø;1;773
2021-11-17;Skive;34;779
2021-11-17;Viborg;96;791
2021-11-17;Brønderslev;18;810
2021-11-17;Frederikshavn;28;813
2021-11-17;Vesthimmerland;16;820
2021-11-17;Rebild;16;840
2021-11-17;Mariagerfjord;60;846
2021-11-17;Jammerbugt;5;849
2021-11-17;Aalborg;6;851
2021-11-17;Hjørring;101;860
2021-11-18;København;381;101
2021-11-18;Frederiksberg;45;147
2021-11-18;Ballerup;22;151
2021-11-18;Brøndby;16;153
2021-11-18;Dragør;2;155
2021-11-18;Gentofte;54;157
2021-11-18;Gladsaxe;34;159
2021-11-18;Glostrup;20;161
2021-11-18;Herlev;28;163
2021-11-18;Albertslund;13;165
2021-11-18;Hvidovre;33;167
2021-11-18;Høje Tåstrup;30;169
2021-11-18;Lyngby-Taarbæk;37;173
2021-11-18;Rødovre;34;175
2021-11-18;Ishøj;15;183
2021-11-18;Tårnby;6;185
2021-11-18;Vallensbæk;12;187
2021-11-18;Furesø;23;190
2021-11-18;Allerød;9;201
2021-11-18;Fredensborg;21;210
2021-11-18;Helsingør;55;217
2021-11-18;Hillerød;29;219
2021-11-18;Hørsholm;13;223
2021-11-18;Rudersdal;20;230
2021-11-18;Egedal;21;240
2021-11-18;Frederikssund;43;250
2021-11-18;Greve;18;253
2021-11-18;Køge;23;259
2021-11-18;Halsnæs;11;260
2021-11-18;Roskilde;41;265
2021-11-18;Solrød;8;269
2021-11-18;Gribskov;27;270
2021-11-18;Odsherred;15;306
2021-11-18;Holbæk;52;316
2021-11-18;Faxe;27;320
2021-11-18;Kalundborg;39;326
2021-11-18;Ringsted;25;329
2021-11-18;Slagelse;58;330
2021-11-18;Stevns;2;336
2021-11-18;Sorø;13;340
2021-11-18;Lejre;17;350
2021-11-18;Lolland;13;360
2021-11-18;Næstved;51;370
2021-11-18;Guldborgsund;46;376
2021-11-18;Vordingborg;19;390
2021-11-18;Bornholm;18;400
2021-11-18;Middelfart;10;410
2021-11-18;Assens;11;420
2021-11-18;Faaborg-Midtfyn;20;430
2021-11-18;Kerteminde;6;440
2021-11-18;Nyborg;25;450
2021-11-18;Odense;86;461
2021-11-18;Svendborg;16;479
2021-11-18;Nordfyn;11;480
2021-11-18;Langeland;1;482
2021-11-18;Haderslev;77;510
2021-11-18;Billund;13;530
2021-11-18;Sønderborg;31;540
2021-11-18;Tønder;6;550
2021-11-18;Esbjerg;60;561
2021-11-18;Fanø;1;563
2021-11-18;Varde;31;573
2021-11-18;Vejen;16;575
2021-11-18;Aabenraa;18;580
2021-11-18;Fredericia;11;607
2021-11-18;Horsens;8;615
2021-11-18;Kolding;47;621
2021-11-18;Vejle;47;630
2021-11-18;Herning;20;657
2021-11-18;Holstebro;137;661
2021-11-18;Lemvig;27;665
2021-11-18;Struer;33;671
2021-11-18;Syddjurs;12;706
2021-11-18;Norddjurs;5;707
2021-11-18;Favrskov;54;710
2021-11-18;Odder;1;727
2021-11-18;Randers;38;730
2021-11-18;Silkeborg;72;740
2021-11-18;Skanderborg;17;746
2021-11-18;Århus;226;751
2021-11-18;Ikast-Brande;5;756
2021-11-18;Ringkøbing-Skjern;60;760
2021-11-18;Hedensted;48;766
2021-11-18;Morsø;1;773
2021-11-18;Skive;47;779
2021-11-18;Thisted;1;787
2021-11-18;Viborg;71;791
2021-11-18;Brønderslev;14;810
2021-11-18;Frederikshavn;97;813
2021-11-18;Vesthimmerland;108;820
2021-11-18;Læsø;1;825
2021-11-18;Rebild;30;840
2021-11-18;Mariagerfjord;12;846
2021-11-18;Jammerbugt;18;849
2021-11-18;Aalborg;218;851
2021-11-18;Hjørring;4;860
2021-11-19;København;271;101
2021-11-19;Frederiksberg;58;147
2021-11-19;Ballerup;31;151
2021-11-19;Brøndby;6;153
2021-11-19;Gentofte;33;157
2021-11-19;Gladsaxe;23;159
2021-11-19;Glostrup;11;161
2021-11-19;Herlev;20;163
2021-11-19;Albertslund;37;165
2021-11-19;Hvidovre;28;167
2021-11-19;Høje Tåstrup;40;169
2021-11-19;Lyngby-Taarbæk;21;173
2021-11-19;Rødovre;16;175
2021-11-19;Ishøj;9;183
2021-11-19;Tårnby;19;185
2021-11-19;Vallensbæk;6;187
2021-11-19;Furesø;37;190
2021-11-19;Allerød;9;201
2021-11-19;Fredensborg;13;210
2021-11-19;Helsingør;19;217
2021-11-19;Hillerød;45;219
2021-11-19;Hørsholm;11;223
2021-11-19;Rudersdal;20;230
2021-11-19;Egedal;22;240
2021-11-19;Frederikssund;19;250
2021-11-19;Greve;16;253
2021-11-19;Køge;36;259
2021-11-19;Halsnæs;14;260
2021-11-19;Roskilde;57;265
2021-11-19;Solrød;6;269
2021-11-19;Gribskov;32;270
2021-11-19;Odsherred;16;306
2021-11-19;Holbæk;46;316
2021-11-19;Faxe;21;320
2021-11-19;Kalundborg;40;326
2021-11-19;Ringsted;19;329
2021-11-19;Slagelse;62;330
2021-11-19;Stevns;3;336
2021-11-19;Sorø;22;340
2021-11-19;Lejre;15;350
2021-11-19;Lolland;30;360
2021-11-19;Næstved;56;370
2021-11-19;Guldborgsund;31;376
2021-11-19;Vordingborg;15;390
2021-11-19;Bornholm;20;400
2021-11-19;Middelfart;12;410
2021-11-19;Assens;7;420
2021-11-19;Faaborg-Midtfyn;28;430
2021-11-19;Kerteminde;4;440
2021-11-19;Nyborg;18;450
2021-11-19;Odense;87;461
2021-11-19;Svendborg;63;479
2021-11-19;Nordfyn;7;480
2021-11-19;Langeland;6;482
2021-11-19;Ærø;2;492
2021-11-19;Haderslev;21;510
2021-11-19;Billund;18;530
2021-11-19;Sønderborg;41;540
2021-11-19;Tønder;10;550
2021-11-19;Esbjerg;48;561
2021-11-19;Fanø;9;563
2021-11-19;Varde;33;573
2021-11-19;Vejen;20;575
2021-11-19;Aabenraa;54;580
2021-11-19;Fredericia;12;607
2021-11-19;Horsens;103;615
2021-11-19;Kolding;71;621
2021-11-19;Vejle;74;630
2021-11-19;Herning;90;657
2021-11-19;Holstebro;8;661
2021-11-19;Lemvig;7;665
2021-11-19;Struer;16;671
2021-11-19;Syddjurs;36;706
2021-11-19;Norddjurs;13;707
2021-11-19;Favrskov;17;710
2021-11-19;Odder;1;727
2021-11-19;Randers;54;730
2021-11-19;Silkeborg;81;740
2021-11-19;Skanderborg;45;746
2021-11-19;Århus;188;751
2021-11-19;Ikast-Brande;47;756
2021-11-19;Ringkøbing-Skjern;37;760
2021-11-19;Hedensted;32;766
2021-11-19;Morsø;7;773
2021-11-19;Skive;9;779
2021-11-19;Thisted;42;787
2021-11-19;Viborg;105;791
2021-11-19;Brønderslev;12;810
2021-11-19;Frederikshavn;14;813
2021-11-19;Vesthimmerland;9;820
2021-11-19;Mariagerfjord;3;846
2021-11-19;Jammerbugt;116;849
2021-11-19;Aalborg;19;851
2021-11-19;Hjørring;68;860
2021-11-20;København;159;101
2021-11-20;Frederiksberg;25;147
2021-11-20;Ballerup;31;151
2021-11-20;Brøndby;12;153
2021-11-20;Dragør;4;155
2021-11-20;Gentofte;20;157
2021-11-20;Gladsaxe;27;159
2021-11-20;Glostrup;9;161
2021-11-20;Herlev;19;163
2021-11-20;Albertslund;12;165
2021-11-20;Hvidovre;21;167
2021-11-20;Høje Tåstrup;38;169
2021-11-20;Lyngby-Taarbæk;28;173
2021-11-20;Rødovre;27;175
2021-11-20;Ishøj;8;183
2021-11-20;Tårnby;5;185
2021-11-20;Vallensbæk;1;187
2021-11-20;Furesø;9;190
2021-11-20;Allerød;14;201
2021-11-20;Fredensborg;23;210
2021-11-20;Helsingør;14;217
2021-11-20;Hillerød;26;219
2021-11-20;Hørsholm;10;223
2021-11-20;Rudersdal;22;230
2021-11-20;Egedal;27;240
2021-11-20;Frederikssund;14;250
2021-11-20;Greve;28;253
2021-11-20;Køge;27;259
2021-11-20;Halsnæs;7;260
2021-11-20;Roskilde;49;265
2021-11-20;Solrød;5;269
2021-11-20;Gribskov;20;270
2021-11-20;Odsherred;20;306
2021-11-20;Holbæk;38;316
2021-11-20;Faxe;18;320
2021-11-20;Kalundborg;23;326
2021-11-20;Ringsted;26;329
2021-11-20;Slagelse;52;330
2021-11-20;Stevns;6;336
2021-11-20;Sorø;13;340
2021-11-20;Lejre;10;350
2021-11-20;Lolland;9;360
2021-11-20;Næstved;47;370
2021-11-20;Guldborgsund;37;376
2021-11-20;Vordingborg;22;390
2021-11-20;Bornholm;11;400
2021-11-20;Middelfart;16;410
2021-11-20;Assens;12;420
2021-11-20;Faaborg-Midtfyn;6;430
2021-11-20;Kerteminde;8;440
2021-11-20;Nyborg;3;450
2021-11-20;Odense;86;461
2021-11-20;Svendborg;1;479
2021-11-20;Nordfyn;9;480
2021-11-20;Langeland;2;482
2021-11-20;Haderslev;14;510
2021-11-20;Billund;10;530
2021-11-20;Sønderborg;23;540
2021-11-20;Tønder;6;550
2021-11-20;Esbjerg;11;561
2021-11-20;Varde;4;573
2021-11-20;Vejen;30;575
2021-11-20;Aabenraa;24;580
2021-11-20;Fredericia;19;607
2021-11-20;Horsens;1;615
2021-11-20;Kolding;50;621
2021-11-20;Vejle;53;630
2021-11-20;Herning;25;657
2021-11-20;Holstebro;2;661
2021-11-20;Syddjurs;6;706
2021-11-20;Norddjurs;1;707
2021-11-20;Favrskov;9;710
2021-11-20;Odder;2;727
2021-11-20;Randers;3;730
2021-11-20;Silkeborg;75;740
2021-11-20;Skanderborg;7;746
2021-11-20;Århus;73;751
2021-11-20;Ikast-Brande;16;756
2021-11-20;Ringkøbing-Skjern;29;760
2021-11-20;Hedensted;6;766
2021-11-20;Morsø;16;773
2021-11-20;Skive;5;779
2021-11-20;Thisted;67;787
2021-11-20;Viborg;12;791
2021-11-20;Brønderslev;78;810
2021-11-20;Frederikshavn;5;813
2021-11-20;Vesthimmerland;10;820
2021-11-20;Rebild;24;840
2021-11-20;Mariagerfjord;52;846
2021-11-20;Jammerbugt;29;849
2021-11-20;Aalborg;225;851
2021-11-20;Hjørring;5;860
2021-11-21;København;108;101
2021-11-21;Frederiksberg;24;147
2021-11-21;Ballerup;4;151
2021-11-21;Brøndby;8;153
2021-11-21;Gentofte;7;157
2021-11-21;Gladsaxe;4;159
2021-11-21;Glostrup;1;161
2021-11-21;Herlev;2;163
2021-11-21;Albertslund;2;165
2021-11-21;Hvidovre;23;167
2021-11-21;Høje Tåstrup;8;169
2021-11-21;Lyngby-Taarbæk;1;173
2021-11-21;Rødovre;6;175
2021-11-21;Ishøj;4;183
2021-11-21;Tårnby;6;185
2021-11-21;Vallensbæk;3;187
2021-11-21;Allerød;2;201
2021-11-21;Fredensborg;1;210
2021-11-21;Helsingør;2;217
2021-11-21;Hørsholm;1;223
2021-11-21;Rudersdal;5;230
2021-11-21;Egedal;13;240
2021-11-21;Frederikssund;6;250
2021-11-21;Greve;18;253
2021-11-21;Køge;36;259
2021-11-21;Roskilde;47;265
2021-11-21;Solrød;11;269
2021-11-21;Odsherred;9;306
2021-11-21;Holbæk;19;316
2021-11-21;Faxe;21;320
2021-11-21;Kalundborg;20;326
2021-11-21;Ringsted;9;329
2021-11-21;Slagelse;41;330
2021-11-21;Stevns;7;336
2021-11-21;Sorø;13;340
2021-11-21;Lejre;13;350
2021-11-21;Lolland;12;360
2021-11-21;Næstved;34;370
2021-11-21;Guldborgsund;16;376
2021-11-21;Vordingborg;44;390
2021-11-21;Middelfart;20;410
2021-11-21;Assens;16;420
2021-11-21;Faaborg-Midtfyn;8;430
2021-11-21;Kerteminde;10;440
2021-11-21;Nyborg;11;450
2021-11-21;Odense;82;461
2021-11-21;Svendborg;1;479
2021-11-21;Nordfyn;7;480
2021-11-21;Haderslev;22;510
2021-11-21;Billund;11;530
2021-11-21;Sønderborg;22;540
2021-11-21;Tønder;4;550
2021-11-21;Esbjerg;13;561
2021-11-21;Varde;1;573
2021-11-21;Vejen;24;575
2021-11-21;Aabenraa;32;580
2021-11-21;Fredericia;28;607
2021-11-21;Horsens;2;615
2021-11-21;Kolding;50;621
2021-11-21;Vejle;40;630
2021-11-21;Holstebro;1;661
2021-11-21;Randers;1;730
2021-11-21;Silkeborg;1;740
2021-11-21;Skanderborg;2;746
2021-11-21;Århus;2;751
2021-11-21;Ikast-Brande;2;756
2021-11-21;Hedensted;6;766
2021-11-21;Skive;1;779
2021-11-21;Thisted;2;787
2021-11-21;Brønderslev;13;810
2021-11-21;Frederikshavn;6;813
2021-11-21;Rebild;14;840
2021-11-21;Mariagerfjord;1;846
2021-11-21;Jammerbugt;14;849
2021-11-21;Aalborg;180;851
2021-11-21;Hjørring;60;860
2021-11-22;København;514;101
2021-11-22;Frederiksberg;60;147
2021-11-22;Ballerup;27;151
2021-11-22;Brøndby;29;153
2021-11-22;Dragør;22;155
2021-11-22;Gentofte;32;157
2021-11-22;Gladsaxe;43;159
2021-11-22;Glostrup;30;161
2021-11-22;Herlev;18;163
2021-11-22;Albertslund;20;165
2021-11-22;Hvidovre;34;167
2021-11-22;Høje Tåstrup;47;169
2021-11-22;Lyngby-Taarbæk;27;173
2021-11-22;Rødovre;35;175
2021-11-22;Ishøj;31;183
2021-11-22;Tårnby;53;185
2021-11-22;Vallensbæk;17;187
2021-11-22;Furesø;40;190
2021-11-22;Allerød;5;201
2021-11-22;Fredensborg;14;210
2021-11-22;Helsingør;77;217
2021-11-22;Hillerød;24;219
2021-11-22;Hørsholm;10;223
2021-11-22;Rudersdal;25;230
2021-11-22;Egedal;13;240
2021-11-22;Frederikssund;7;250
2021-11-22;Greve;34;253
2021-11-22;Køge;32;259
2021-11-22;Halsnæs;6;260
2021-11-22;Roskilde;50;265
2021-11-22;Solrød;20;269
2021-11-22;Gribskov;12;270
2021-11-22;Odsherred;10;306
2021-11-22;Holbæk;38;316
2021-11-22;Faxe;20;320
2021-11-22;Kalundborg;17;326
2021-11-22;Ringsted;8;329
2021-11-22;Slagelse;88;330
2021-11-22;Stevns;9;336
2021-11-22;Sorø;16;340
2021-11-22;Lejre;14;350
2021-11-22;Lolland;17;360
2021-11-22;Næstved;44;370
2021-11-22;Guldborgsund;29;376
2021-11-22;Vordingborg;12;390
2021-11-22;Middelfart;6;410
2021-11-22;Assens;13;420
2021-11-22;Faaborg-Midtfyn;17;430
2021-11-22;Kerteminde;4;440
2021-11-22;Nyborg;5;450
2021-11-22;Odense;77;461
2021-11-22;Svendborg;24;479
2021-11-22;Nordfyn;18;480
2021-11-22;Langeland;4;482
2021-11-22;Haderslev;11;510
2021-11-22;Billund;9;530
2021-11-22;Sønderborg;19;540
2021-11-22;Tønder;20;550
2021-11-22;Esbjerg;79;561
2021-11-22;Fanø;1;563
2021-11-22;Varde;38;573
2021-11-22;Vejen;18;575
2021-11-22;Aabenraa;24;580
2021-11-22;Fredericia;19;607
2021-11-22;Horsens;48;615
2021-11-22;Kolding;47;621
2021-11-22;Vejle;46;630
2021-11-22;Herning;62;657
2021-11-22;Holstebro;21;661
2021-11-22;Lemvig;23;665
2021-11-22;Struer;12;671
2021-11-22;Syddjurs;14;706
2021-11-22;Norddjurs;37;707
2021-11-22;Favrskov;24;710
2021-11-22;Odder;7;727
2021-11-22;Randers;68;730
2021-11-22;Silkeborg;97;740
2021-11-22;Skanderborg;37;746
2021-11-22;Århus;93;751
2021-11-22;Ikast-Brande;22;756
2021-11-22;Ringkøbing-Skjern;32;760
2021-11-22;Hedensted;11;766
2021-11-22;Morsø;1;773
2021-11-22;Skive;49;779
2021-11-22;Thisted;1;787
2021-11-22;Viborg;61;791
2021-11-22;Brønderslev;6;810
2021-11-22;Frederikshavn;2;813
2021-11-22;Rebild;4;840
2021-11-22;Mariagerfjord;3;846
2021-11-22;Jammerbugt;9;849
2021-11-22;Aalborg;131;851
2021-11-23;København;501;101
2021-11-23;Frederiksberg;53;147
2021-11-23;Ballerup;9;151
2021-11-23;Brøndby;55;153
2021-11-23;Dragør;15;155
2021-11-23;Gentofte;45;157
2021-11-23;Gladsaxe;44;159
2021-11-23;Glostrup;8;161
2021-11-23;Herlev;11;163
2021-11-23;Albertslund;4;165
2021-11-23;Hvidovre;39;167
2021-11-23;Høje Tåstrup;43;169
2021-11-23;Lyngby-Taarbæk;24;173
2021-11-23;Rødovre;16;175
2021-11-23;Ishøj;21;183
2021-11-23;Tårnby;43;185
2021-11-23;Vallensbæk;1;187
2021-11-23;Furesø;14;190
2021-11-23;Allerød;4;201
2021-11-23;Fredensborg;16;210
2021-11-23;Helsingør;10;217
2021-11-23;Hillerød;14;219
2021-11-23;Hørsholm;10;223
2021-11-23;Rudersdal;41;230
2021-11-23;Egedal;13;240
2021-11-23;Frederikssund;8;250
2021-11-23;Greve;25;253
2021-11-23;Køge;21;259
2021-11-23;Halsnæs;12;260
2021-11-23;Roskilde;30;265
2021-11-23;Solrød;10;269
2021-11-23;Gribskov;38;270
2021-11-23;Odsherred;8;306
2021-11-23;Holbæk;25;316
2021-11-23;Faxe;17;320
2021-11-23;Kalundborg;13;326
2021-11-23;Ringsted;8;329
2021-11-23;Slagelse;29;330
2021-11-23;Stevns;3;336
2021-11-23;Sorø;11;340
2021-11-23;Lejre;11;350
2021-11-23;Lolland;16;360
2021-11-23;Næstved;35;370
2021-11-23;Guldborgsund;35;376
2021-11-23;Vordingborg;10;390
2021-11-23;Bornholm;21;400
2021-11-23;Middelfart;7;410
2021-11-23;Assens;11;420
2021-11-23;Faaborg-Midtfyn;13;430
2021-11-23;Kerteminde;19;440
2021-11-23;Nyborg;9;450
2021-11-23;Odense;71;461
2021-11-23;Svendborg;12;479
2021-11-23;Nordfyn;4;480
2021-11-23;Langeland;3;482
2021-11-23;Ærø;1;492
2021-11-23;Haderslev;30;510
2021-11-23;Billund;10;530
2021-11-23;Sønderborg;25;540
2021-11-23;Tønder;11;550
2021-11-23;Esbjerg;115;561
2021-11-23;Fanø;1;563
2021-11-23;Varde;36;573
2021-11-23;Vejen;9;575
2021-11-23;Aabenraa;22;580
2021-11-23;Fredericia;13;607
2021-11-23;Horsens;51;615
2021-11-23;Kolding;29;621
2021-11-23;Vejle;32;630
2021-11-23;Herning;38;657
2021-11-23;Holstebro;47;661
2021-11-23;Lemvig;10;665
2021-11-23;Struer;14;671
2021-11-23;Syddjurs;9;706
2021-11-23;Norddjurs;5;707
2021-11-23;Favrskov;49;710
2021-11-23;Odder;5;727
2021-11-23;Randers;28;730
2021-11-23;Silkeborg;54;740
2021-11-23;Samsø;2;741
2021-11-23;Skanderborg;26;746
2021-11-23;Århus;224;751
2021-11-23;Ikast-Brande;25;756
2021-11-23;Ringkøbing-Skjern;29;760
2021-11-23;Hedensted;21;766
2021-11-23;Morsø;16;773
2021-11-23;Skive;52;779
2021-11-23;Thisted;33;787
2021-11-23;Viborg;75;791
2021-11-23;Brønderslev;9;810
2021-11-23;Frederikshavn;64;813
2021-11-23;Vesthimmerland;98;820
2021-11-23;Læsø;14;825
2021-11-23;Rebild;57;840
2021-11-23;Mariagerfjord;8;846
2021-11-23;Jammerbugt;11;849
2021-11-23;Aalborg;84;851
2021-11-23;Hjørring;1;860
2021-11-24;København;429;101
2021-11-24;Frederiksberg;55;147
2021-11-24;Ballerup;17;151
2021-11-24;Brøndby;14;153
2021-11-24;Dragør;2;155
2021-11-24;Gentofte;29;157
2021-11-24;Gladsaxe;31;159
2021-11-24;Glostrup;4;161
2021-11-24;Herlev;21;163
2021-11-24;Albertslund;39;165
2021-11-24;Hvidovre;16;167
2021-11-24;Høje Tåstrup;39;169
2021-11-24;Lyngby-Taarbæk;13;173
2021-11-24;Rødovre;19;175
2021-11-24;Ishøj;10;183
2021-11-24;Tårnby;28;185
2021-11-24;Vallensbæk;3;187
2021-11-24;Furesø;9;190
2021-11-24;Allerød;7;201
2021-11-24;Fredensborg;17;210
2021-11-24;Helsingør;95;217
2021-11-24;Hillerød;16;219
2021-11-24;Hørsholm;8;223
2021-11-24;Rudersdal;19;230
2021-11-24;Egedal;14;240
2021-11-24;Frederikssund;15;250
2021-11-24;Greve;35;253
2021-11-24;Køge;32;259
2021-11-24;Halsnæs;35;260
2021-11-24;Roskilde;39;265
2021-11-24;Solrød;9;269
2021-11-24;Gribskov;17;270
2021-11-24;Odsherred;20;306
2021-11-24;Holbæk;31;316
2021-11-24;Faxe;28;320
2021-11-24;Kalundborg;34;326
2021-11-24;Ringsted;44;329
2021-11-24;Slagelse;48;330
2021-11-24;Stevns;25;336
2021-11-24;Sorø;14;340
2021-11-24;Lejre;20;350
2021-11-24;Lolland;44;360
2021-11-24;Næstved;43;370
2021-11-24;Guldborgsund;18;376
2021-11-24;Vordingborg;39;390
2021-11-24;Bornholm;21;400
2021-11-24;Middelfart;7;410
2021-11-24;Assens;33;420
2021-11-24;Faaborg-Midtfyn;15;430
2021-11-24;Kerteminde;6;440
2021-11-24;Nyborg;16;450
2021-11-24;Odense;86;461
2021-11-24;Svendborg;14;479
2021-11-24;Nordfyn;9;480
2021-11-24;Langeland;2;482
2021-11-24;Ærø;1;492
2021-11-24;Haderslev;4;510
2021-11-24;Billund;13;530
2021-11-24;Sønderborg;23;540
2021-11-24;Tønder;15;550
2021-11-24;Esbjerg;64;561
2021-11-24;Fanø;3;563
2021-11-24;Varde;60;573
2021-11-24;Vejen;12;575
2021-11-24;Aabenraa;23;580
2021-11-24;Fredericia;13;607
2021-11-24;Horsens;68;615
2021-11-24;Kolding;24;621
2021-11-24;Vejle;50;630
2021-11-24;Herning;33;657
2021-11-24;Holstebro;27;661
2021-11-24;Lemvig;16;665
2021-11-24;Struer;3;671
2021-11-24;Syddjurs;38;706
2021-11-24;Norddjurs;30;707
2021-11-24;Favrskov;8;710
2021-11-24;Odder;7;727
2021-11-24;Randers;41;730
2021-11-24;Silkeborg;63;740
2021-11-24;Samsø;1;741
2021-11-24;Skanderborg;46;746
2021-11-24;Århus;75;751
2021-11-24;Ikast-Brande;23;756
2021-11-24;Ringkøbing-Skjern;34;760
2021-11-24;Hedensted;28;766
2021-11-24;Morsø;6;773
2021-11-24;Skive;49;779
2021-11-24;Thisted;1;787
2021-11-24;Viborg;54;791
2021-11-24;Brønderslev;8;810
2021-11-24;Frederikshavn;7;813
2021-11-24;Vesthimmerland;42;820
2021-11-24;Rebild;14;840
2021-11-24;Mariagerfjord;21;846
2021-11-24;Jammerbugt;2;849
2021-11-24;Aalborg;9;851
2021-11-24;Hjørring;14;860
2021-11-25;København;373;101
2021-11-25;Frederiksberg;45;147
2021-11-25;Ballerup;14;151
2021-11-25;Brøndby;19;153
2021-11-25;Dragør;4;155
2021-11-25;Gentofte;46;157
2021-11-25;Gladsaxe;24;159
2021-11-25;Glostrup;12;161
2021-11-25;Herlev;7;163
2021-11-25;Albertslund;12;165
2021-11-25;Hvidovre;21;167
2021-11-25;Høje Tåstrup;33;169
2021-11-25;Lyngby-Taarbæk;31;173
2021-11-25;Rødovre;29;175
2021-11-25;Ishøj;11;183
2021-11-25;Tårnby;14;185
2021-11-25;Vallensbæk;11;187
2021-11-25;Furesø;18;190
2021-11-25;Allerød;4;201
2021-11-25;Fredensborg;13;210
2021-11-25;Helsingør;66;217
2021-11-25;Hillerød;16;219
2021-11-25;Hørsholm;8;223
2021-11-25;Rudersdal;11;230
2021-11-25;Egedal;18;240
2021-11-25;Frederikssund;44;250
2021-11-25;Greve;16;253
2021-11-25;Køge;24;259
2021-11-25;Halsnæs;7;260
2021-11-25;Roskilde;29;265
2021-11-25;Solrød;8;269
2021-11-25;Gribskov;7;270
2021-11-25;Odsherred;11;306
2021-11-25;Holbæk;41;316
2021-11-25;Faxe;16;320
2021-11-25;Kalundborg;27;326
2021-11-25;Ringsted;12;329
2021-11-25;Slagelse;50;330
2021-11-25;Stevns;9;336
2021-11-25;Sorø;8;340
2021-11-25;Lejre;12;350
2021-11-25;Lolland;13;360
2021-11-25;Næstved;45;370
2021-11-25;Guldborgsund;35;376
2021-11-25;Vordingborg;13;390
2021-11-25;Bornholm;7;400
2021-11-25;Middelfart;12;410
2021-11-25;Assens;12;420
2021-11-25;Faaborg-Midtfyn;6;430
2021-11-25;Kerteminde;10;440
2021-11-25;Nyborg;27;450
2021-11-25;Odense;99;461
2021-11-25;Svendborg;9;479
2021-11-25;Nordfyn;10;480
2021-11-25;Langeland;3;482
2021-11-25;Ærø;1;492
2021-11-25;Haderslev;19;510
2021-11-25;Billund;18;530
2021-11-25;Sønderborg;26;540
2021-11-25;Tønder;9;550
2021-11-25;Esbjerg;87;561
2021-11-25;Fanø;1;563
2021-11-25;Varde;34;573
2021-11-25;Vejen;23;575
2021-11-25;Aabenraa;28;580
2021-11-25;Fredericia;8;607
2021-11-25;Horsens;29;615
2021-11-25;Kolding;43;621
2021-11-25;Vejle;45;630
2021-11-25;Herning;54;657
2021-11-25;Holstebro;39;661
2021-11-25;Lemvig;18;665
2021-11-25;Struer;16;671
2021-11-25;Syddjurs;13;706
2021-11-25;Norddjurs;1;707
2021-11-25;Favrskov;43;710
2021-11-25;Odder;8;727
2021-11-25;Randers;54;730
2021-11-25;Silkeborg;55;740
2021-11-25;Skanderborg;18;746
2021-11-25;Århus;226;751
2021-11-25;Ikast-Brande;23;756
2021-11-25;Ringkøbing-Skjern;24;760
2021-11-25;Hedensted;29;766
2021-11-25;Morsø;4;773
2021-11-25;Skive;44;779
2021-11-25;Viborg;70;791
2021-11-25;Brønderslev;6;810
2021-11-25;Frederikshavn;24;813
2021-11-25;Vesthimmerland;5;820
2021-11-25;Rebild;15;840
2021-11-25;Mariagerfjord;30;846
2021-11-25;Jammerbugt;8;849
2021-11-25;Aalborg;96;851
2021-11-26;København;382;101
2021-11-26;Frederiksberg;48;147
2021-11-26;Ballerup;17;151
2021-11-26;Brøndby;10;153
2021-11-26;Dragør;3;155
2021-11-26;Gentofte;32;157
2021-11-26;Gladsaxe;13;159
2021-11-26;Glostrup;9;161
2021-11-26;Herlev;7;163
2021-11-26;Albertslund;11;165
2021-11-26;Hvidovre;40;167
2021-11-26;Høje Tåstrup;36;169
2021-11-26;Lyngby-Taarbæk;17;173
2021-11-26;Rødovre;16;175
2021-11-26;Ishøj;8;183
2021-11-26;Tårnby;27;185
2021-11-26;Vallensbæk;5;187
2021-11-26;Furesø;13;190
2021-11-26;Allerød;4;201
2021-11-26;Fredensborg;19;210
2021-11-26;Helsingør;18;217
2021-11-26;Hillerød;16;219
2021-11-26;Hørsholm;4;223
2021-11-26;Rudersdal;13;230
2021-11-26;Egedal;21;240
2021-11-26;Frederikssund;25;250
2021-11-26;Greve;26;253
2021-11-26;Køge;30;259
2021-11-26;Halsnæs;7;260
2021-11-26;Roskilde;32;265
2021-11-26;Solrød;4;269
2021-11-26;Gribskov;5;270
2021-11-26;Odsherred;19;306
2021-11-26;Holbæk;39;316
2021-11-26;Faxe;21;320
2021-11-26;Kalundborg;29;326
2021-11-26;Ringsted;9;329
2021-11-26;Slagelse;49;330
2021-11-26;Stevns;8;336
2021-11-26;Sorø;21;340
2021-11-26;Lejre;20;350
2021-11-26;Lolland;19;360
2021-11-26;Næstved;46;370
2021-11-26;Guldborgsund;22;376
2021-11-26;Vordingborg;14;390
2021-11-26;Bornholm;35;400
2021-11-26;Middelfart;12;410
2021-11-26;Assens;15;420
2021-11-26;Faaborg-Midtfyn;53;430
2021-11-26;Kerteminde;5;440
2021-11-26;Nyborg;30;450
2021-11-26;Odense;92;461
2021-11-26;Svendborg;95;479
2021-11-26;Nordfyn;9;480
2021-11-26;Langeland;17;482
2021-11-26;Ærø;10;492
2021-11-26;Haderslev;11;510
2021-11-26;Billund;6;530
2021-11-26;Sønderborg;33;540
2021-11-26;Tønder;15;550
2021-11-26;Esbjerg;64;561
2021-11-26;Fanø;4;563
2021-11-26;Varde;31;573
2021-11-26;Vejen;24;575
2021-11-26;Aabenraa;26;580
2021-11-26;Fredericia;15;607
2021-11-26;Horsens;57;615
2021-11-26;Kolding;36;621
2021-11-26;Vejle;66;630
2021-11-26;Herning;66;657
2021-11-26;Holstebro;17;661
2021-11-26;Lemvig;6;665
2021-11-26;Struer;7;671
2021-11-26;Syddjurs;29;706
2021-11-26;Norddjurs;11;707
2021-11-26;Favrskov;14;710
2021-11-26;Odder;6;727
2021-11-26;Randers;28;730
2021-11-26;Silkeborg;75;740
2021-11-26;Skanderborg;39;746
2021-11-26;Århus;99;751
2021-11-26;Ikast-Brande;26;756
2021-11-26;Ringkøbing-Skjern;25;760
2021-11-26;Hedensted;26;766
2021-11-26;Morsø;2;773
2021-11-26;Skive;20;779
2021-11-26;Thisted;1;787
2021-11-26;Viborg;66;791
2021-11-26;Brønderslev;7;810
2021-11-26;Frederikshavn;119;813
2021-11-26;Vesthimmerland;4;820
2021-11-26;Mariagerfjord;2;846
2021-11-26;Jammerbugt;3;849
2021-11-26;Aalborg;12;851
2021-11-26;Hjørring;26;860
2021-11-27;København;288;101
2021-11-27;Frederiksberg;48;147
2021-11-27;Ballerup;29;151
2021-11-27;Brøndby;11;153
2021-11-27;Dragør;2;155
2021-11-27;Gentofte;22;157
2021-11-27;Gladsaxe;20;159
2021-11-27;Glostrup;10;161
2021-11-27;Herlev;6;163
2021-11-27;Albertslund;11;165
2021-11-27;Hvidovre;24;167
2021-11-27;Høje Tåstrup;51;169
2021-11-27;Lyngby-Taarbæk;14;173
2021-11-27;Rødovre;22;175
2021-11-27;Ishøj;7;183
2021-11-27;Tårnby;23;185
2021-11-27;Vallensbæk;6;187
2021-11-27;Furesø;14;190
2021-11-27;Allerød;6;201
2021-11-27;Fredensborg;16;210
2021-11-27;Helsingør;37;217
2021-11-27;Hillerød;19;219
2021-11-27;Hørsholm;14;223
2021-11-27;Rudersdal;18;230
2021-11-27;Egedal;26;240
2021-11-27;Frederikssund;13;250
2021-11-27;Greve;20;253
2021-11-27;Køge;17;259
2021-11-27;Halsnæs;7;260
2021-11-27;Roskilde;29;265
2021-11-27;Solrød;12;269
2021-11-27;Gribskov;13;270
2021-11-27;Odsherred;8;306
2021-11-27;Holbæk;33;316
2021-11-27;Faxe;17;320
2021-11-27;Kalundborg;17;326
2021-11-27;Ringsted;22;329
2021-11-27;Slagelse;48;330
2021-11-27;Stevns;9;336
2021-11-27;Sorø;8;340
2021-11-27;Lejre;5;350
2021-11-27;Lolland;27;360
2021-11-27;Næstved;39;370
2021-11-27;Guldborgsund;30;376
2021-11-27;Vordingborg;6;390
2021-11-27;Bornholm;15;400
2021-11-27;Middelfart;12;410
2021-11-27;Assens;9;420
2021-11-27;Faaborg-Midtfyn;13;430
2021-11-27;Kerteminde;8;440
2021-11-27;Nyborg;28;450
2021-11-27;Odense;69;461
2021-11-27;Svendborg;25;479
2021-11-27;Nordfyn;12;480
2021-11-27;Langeland;3;482
2021-11-27;Haderslev;17;510
2021-11-27;Billund;10;530
2021-11-27;Sønderborg;34;540
2021-11-27;Tønder;15;550
2021-11-27;Esbjerg;18;561
2021-11-27;Varde;12;573
2021-11-27;Vejen;19;575
2021-11-27;Aabenraa;25;580
2021-11-27;Fredericia;15;607
2021-11-27;Horsens;39;615
2021-11-27;Kolding;64;621
2021-11-27;Vejle;58;630
2021-11-27;Herning;22;657
2021-11-27;Holstebro;3;661
2021-11-27;Syddjurs;6;706
2021-11-27;Norddjurs;1;707
2021-11-27;Favrskov;11;710
2021-11-27;Odder;5;727
2021-11-27;Randers;12;730
2021-11-27;Silkeborg;4;740
2021-11-27;Skanderborg;4;746
2021-11-27;Århus;142;751
2021-11-27;Ikast-Brande;17;756
2021-11-27;Ringkøbing-Skjern;17;760
2021-11-27;Hedensted;13;766
2021-11-27;Morsø;2;773
2021-11-27;Skive;3;779
2021-11-27;Thisted;12;787
2021-11-27;Viborg;46;791
2021-11-27;Brønderslev;18;810
2021-11-27;Frederikshavn;5;813
2021-11-27;Vesthimmerland;10;820
2021-11-27;Rebild;24;840
2021-11-27;Mariagerfjord;23;846
2021-11-27;Jammerbugt;12;849
2021-11-27;Aalborg;138;851
2021-11-27;Hjørring;32;860
2021-11-28;København;295;101
2021-11-28;Frederiksberg;52;147
2021-11-28;Ballerup;26;151
2021-11-28;Brøndby;25;153
2021-11-28;Dragør;11;155
2021-11-28;Gentofte;45;157
2021-11-28;Gladsaxe;28;159
2021-11-28;Glostrup;15;161
2021-11-28;Herlev;14;163
2021-11-28;Albertslund;11;165
2021-11-28;Hvidovre;38;167
2021-11-28;Høje Tåstrup;53;169
2021-11-28;Lyngby-Taarbæk;20;173
2021-11-28;Rødovre;16;175
2021-11-28;Ishøj;14;183
2021-11-28;Tårnby;24;185
2021-11-28;Vallensbæk;9;187
2021-11-28;Furesø;14;190
2021-11-28;Allerød;10;201
2021-11-28;Fredensborg;8;210
2021-11-28;Helsingør;10;217
2021-11-28;Hillerød;16;219
2021-11-28;Hørsholm;15;223
2021-11-28;Rudersdal;25;230
2021-11-28;Egedal;28;240
2021-11-28;Frederikssund;8;250
2021-11-28;Greve;38;253
2021-11-28;Køge;27;259
2021-11-28;Halsnæs;7;260
2021-11-28;Roskilde;42;265
2021-11-28;Solrød;9;269
2021-11-28;Gribskov;9;270
2021-11-28;Odsherred;11;306
2021-11-28;Holbæk;42;316
2021-11-28;Faxe;16;320
2021-11-28;Kalundborg;21;326
2021-11-28;Ringsted;14;329
2021-11-28;Slagelse;24;330
2021-11-28;Stevns;7;336
2021-11-28;Sorø;13;340
2021-11-28;Lejre;16;350
2021-11-28;Lolland;23;360
2021-11-28;Næstved;50;370
2021-11-28;Guldborgsund;30;376
2021-11-28;Vordingborg;19;390
2021-11-28;Bornholm;2;400
2021-11-28;Middelfart;33;410
2021-11-28;Assens;14;420
2021-11-28;Faaborg-Midtfyn;19;430
2021-11-28;Kerteminde;11;440
2021-11-28;Nyborg;12;450
2021-11-28;Odense;118;461
2021-11-28;Svendborg;40;479
2021-11-28;Nordfyn;13;480
2021-11-28;Langeland;4;482
2021-11-28;Ærø;2;492
2021-11-28;Haderslev;37;510
2021-11-28;Billund;26;530
2021-11-28;Sønderborg;35;540
2021-11-28;Tønder;14;550
2021-11-28;Esbjerg;37;561
2021-11-28;Fanø;1;563
2021-11-28;Varde;32;573
2021-11-28;Vejen;55;575
2021-11-28;Aabenraa;39;580
2021-11-28;Fredericia;51;607
2021-11-28;Horsens;4;615
2021-11-28;Kolding;95;621
2021-11-28;Vejle;109;630
2021-11-28;Herning;24;657
2021-11-28;Holstebro;110;661
2021-11-28;Lemvig;3;665
2021-11-28;Struer;20;671
2021-11-28;Syddjurs;7;706
2021-11-28;Norddjurs;2;707
2021-11-28;Favrskov;32;710
2021-11-28;Odder;3;727
2021-11-28;Randers;90;730
2021-11-28;Silkeborg;69;740
2021-11-28;Skanderborg;29;746
2021-11-28;Århus;83;751
2021-11-28;Ikast-Brande;9;756
2021-11-28;Ringkøbing-Skjern;22;760
2021-11-28;Hedensted;12;766
2021-11-28;Morsø;52;773
2021-11-28;Skive;2;779
2021-11-28;Thisted;31;787
2021-11-28;Viborg;17;791
2021-11-28;Brønderslev;57;810
2021-11-28;Frederikshavn;58;813
2021-11-28;Vesthimmerland;59;820
2021-11-28;Rebild;47;840
2021-11-28;Mariagerfjord;34;846
2021-11-28;Jammerbugt;37;849
2021-11-28;Aalborg;250;851
2021-11-28;Hjørring;55;860
2021-11-29;København;389;101
2021-11-29;Frederiksberg;37;147
2021-11-29;Ballerup;14;151
2021-11-29;Brøndby;28;153
2021-11-29;Dragør;12;155
2021-11-29;Gentofte;41;157
2021-11-29;Gladsaxe;24;159
2021-11-29;Glostrup;15;161
2021-11-29;Herlev;9;163
2021-11-29;Albertslund;20;165
2021-11-29;Hvidovre;28;167
2021-11-29;Høje Tåstrup;22;169
2021-11-29;Lyngby-Taarbæk;22;173
2021-11-29;Rødovre;34;175
2021-11-29;Ishøj;34;183
2021-11-29;Tårnby;15;185
2021-11-29;Vallensbæk;8;187
2021-11-29;Furesø;21;190
2021-11-29;Allerød;12;201
2021-11-29;Fredensborg;14;210
2021-11-29;Helsingør;57;217
2021-11-29;Hillerød;16;219
2021-11-29;Hørsholm;8;223
2021-11-29;Rudersdal;16;230
2021-11-29;Egedal;16;240
2021-11-29;Frederikssund;18;250
2021-11-29;Greve;31;253
2021-11-29;Køge;30;259
2021-11-29;Halsnæs;7;260
2021-11-29;Roskilde;10;265
2021-11-29;Solrød;18;269
2021-11-29;Gribskov;8;270
2021-11-29;Odsherred;12;306
2021-11-29;Holbæk;57;316
2021-11-29;Faxe;16;320
2021-11-29;Kalundborg;33;326
2021-11-29;Ringsted;21;329
2021-11-29;Slagelse;60;330
2021-11-29;Stevns;12;336
2021-11-29;Sorø;20;340
2021-11-29;Lejre;27;350
2021-11-29;Lolland;38;360
2021-11-29;Næstved;77;370
2021-11-29;Guldborgsund;43;376
2021-11-29;Vordingborg;14;390
2021-11-29;Middelfart;61;410
2021-11-29;Assens;9;420
2021-11-29;Faaborg-Midtfyn;28;430
2021-11-29;Kerteminde;3;440
2021-11-29;Nyborg;10;450
2021-11-29;Odense;111;461
2021-11-29;Svendborg;32;479
2021-11-29;Nordfyn;31;480
2021-11-29;Langeland;1;482
2021-11-29;Ærø;3;492
2021-11-29;Haderslev;33;510
2021-11-29;Billund;19;530
2021-11-29;Sønderborg;46;540
2021-11-29;Tønder;28;550
2021-11-29;Esbjerg;211;561
2021-11-29;Fanø;2;563
2021-11-29;Varde;83;573
2021-11-29;Vejen;60;575
2021-11-29;Aabenraa;29;580
2021-11-29;Fredericia;52;607
2021-11-29;Horsens;55;615
2021-11-29;Kolding;98;621
2021-11-29;Vejle;128;630
2021-11-29;Herning;130;657
2021-11-29;Holstebro;120;661
2021-11-29;Lemvig;18;665
2021-11-29;Struer;25;671
2021-11-29;Syddjurs;38;706
2021-11-29;Norddjurs;63;707
2021-11-29;Favrskov;50;710
2021-11-29;Odder;8;727
2021-11-29;Randers;62;730
2021-11-29;Silkeborg;69;740
2021-11-29;Skanderborg;46;746
2021-11-29;Århus;153;751
2021-11-29;Ikast-Brande;61;756
2021-11-29;Ringkøbing-Skjern;48;760
2021-11-29;Hedensted;23;766
2021-11-29;Morsø;1;773
2021-11-29;Skive;39;779
2021-11-29;Thisted;5;787
2021-11-29;Viborg;63;791
2021-11-29;Brønderslev;22;810
2021-11-29;Frederikshavn;76;813
2021-11-29;Vesthimmerland;6;820
2021-11-29;Rebild;9;840
2021-11-29;Mariagerfjord;17;846
2021-11-29;Jammerbugt;65;849
2021-11-29;Aalborg;149;851
2021-11-29;Hjørring;38;860
2021-11-30;København;273;101
2021-11-30;Frederiksberg;37;147
2021-11-30;Ballerup;17;151
2021-11-30;Brøndby;41;153
2021-11-30;Dragør;10;155
2021-11-30;Gentofte;42;157
2021-11-30;Gladsaxe;37;159
2021-11-30;Glostrup;5;161
2021-11-30;Herlev;5;163
2021-11-30;Albertslund;3;165
2021-11-30;Hvidovre;19;167
2021-11-30;Høje Tåstrup;19;169
2021-11-30;Lyngby-Taarbæk;23;173
2021-11-30;Rødovre;15;175
2021-11-30;Ishøj;23;183
2021-11-30;Tårnby;16;185
2021-11-30;Vallensbæk;1;187
2021-11-30;Furesø;9;190
2021-11-30;Allerød;7;201
2021-11-30;Fredensborg;13;210
2021-11-30;Helsingør;16;217
2021-11-30;Hillerød;23;219
2021-11-30;Hørsholm;12;223
2021-11-30;Rudersdal;39;230
2021-11-30;Egedal;11;240
2021-11-30;Frederikssund;6;250
2021-11-30;Greve;14;253
2021-11-30;Køge;30;259
2021-11-30;Halsnæs;8;260
2021-11-30;Roskilde;15;265
2021-11-30;Solrød;12;269
2021-11-30;Gribskov;17;270
2021-11-30;Odsherred;14;306
2021-11-30;Holbæk;30;316
2021-11-30;Faxe;23;320
2021-11-30;Kalundborg;22;326
2021-11-30;Ringsted;14;329
2021-11-30;Slagelse;58;330
2021-11-30;Stevns;9;336
2021-11-30;Sorø;14;340
2021-11-30;Lejre;7;350
2021-11-30;Lolland;17;360
2021-11-30;Næstved;44;370
2021-11-30;Guldborgsund;47;376
2021-11-30;Vordingborg;29;390
2021-11-30;Bornholm;10;400
2021-11-30;Middelfart;41;410
2021-11-30;Assens;24;420
2021-11-30;Faaborg-Midtfyn;26;430
2021-11-30;Kerteminde;28;440
2021-11-30;Nyborg;20;450
2021-11-30;Odense;167;461
2021-11-30;Svendborg;52;479
2021-11-30;Nordfyn;16;480
2021-11-30;Langeland;6;482
2021-11-30;Ærø;2;492
2021-11-30;Haderslev;86;510
2021-11-30;Billund;33;530
2021-11-30;Sønderborg;51;540
2021-11-30;Tønder;21;550
2021-11-30;Esbjerg;147;561
2021-11-30;Fanø;7;563
2021-11-30;Varde;49;573
2021-11-30;Vejen;41;575
2021-11-30;Aabenraa;65;580
2021-11-30;Fredericia;50;607
2021-11-30;Horsens;205;615
2021-11-30;Kolding;106;621
2021-11-30;Vejle;163;630
2021-11-30;Herning;137;657
2021-11-30;Holstebro;134;661
2021-11-30;Lemvig;97;665
2021-11-30;Struer;17;671
2021-11-30;Syddjurs;29;706
2021-11-30;Norddjurs;14;707
2021-11-30;Favrskov;74;710
2021-11-30;Odder;15;727
2021-11-30;Randers;104;730
2021-11-30;Silkeborg;196;740
2021-11-30;Skanderborg;57;746
2021-11-30;Århus;349;751
2021-11-30;Ikast-Brande;58;756
2021-11-30;Ringkøbing-Skjern;42;760
2021-11-30;Hedensted;72;766
2021-11-30;Morsø;15;773
2021-11-30;Skive;99;779
2021-11-30;Thisted;20;787
2021-11-30;Viborg;239;791
2021-11-30;Brønderslev;28;810
2021-11-30;Frederikshavn;58;813
2021-11-30;Vesthimmerland;84;820
2021-11-30;Læsø;1;825
2021-11-30;Rebild;18;840
2021-11-30;Mariagerfjord;16;846
2021-11-30;Jammerbugt;102;849
2021-11-30;Aalborg;206;851
2021-11-30;Hjørring;4;860
2021-12-01;København;360;101
2021-12-01;Frederiksberg;52;147
2021-12-01;Ballerup;22;151
2021-12-01;Brøndby;24;153
2021-12-01;Dragør;1;155
2021-12-01;Gentofte;41;157
2021-12-01;Gladsaxe;40;159
2021-12-01;Glostrup;13;161
2021-12-01;Herlev;10;163
2021-12-01;Albertslund;40;165
2021-12-01;Hvidovre;20;167
2021-12-01;Høje Tåstrup;46;169
2021-12-01;Lyngby-Taarbæk;24;173
2021-12-01;Rødovre;23;175
2021-12-01;Ishøj;14;183
2021-12-01;Tårnby;13;185
2021-12-01;Vallensbæk;6;187
2021-12-01;Furesø;17;190
2021-12-01;Allerød;6;201
2021-12-01;Fredensborg;24;210
2021-12-01;Helsingør;53;217
2021-12-01;Hillerød;22;219
2021-12-01;Hørsholm;18;223
2021-12-01;Rudersdal;21;230
2021-12-01;Egedal;21;240
2021-12-01;Frederikssund;13;250
2021-12-01;Greve;32;253
2021-12-01;Køge;46;259
2021-12-01;Halsnæs;20;260
2021-12-01;Roskilde;60;265
2021-12-01;Solrød;20;269
2021-12-01;Gribskov;10;270
2021-12-01;Odsherred;29;306
2021-12-01;Holbæk;38;316
2021-12-01;Faxe;36;320
2021-12-01;Kalundborg;29;326
2021-12-01;Ringsted;54;329
2021-12-01;Slagelse;54;330
2021-12-01;Stevns;24;336
2021-12-01;Sorø;26;340
2021-12-01;Lejre;16;350
2021-12-01;Lolland;65;360
2021-12-01;Næstved;54;370
2021-12-01;Guldborgsund;38;376
2021-12-01;Vordingborg;36;390
2021-12-01;Bornholm;25;400
2021-12-01;Middelfart;39;410
2021-12-01;Assens;72;420
2021-12-01;Faaborg-Midtfyn;77;430
2021-12-01;Kerteminde;36;440
2021-12-01;Nyborg;33;450
2021-12-01;Odense;245;461
2021-12-01;Svendborg;55;479
2021-12-01;Nordfyn;25;480
2021-12-01;Langeland;5;482
2021-12-01;Haderslev;37;510
2021-12-01;Billund;30;530
2021-12-01;Sønderborg;38;540
2021-12-01;Tønder;32;550
2021-12-01;Esbjerg;66;561
2021-12-01;Varde;42;573
2021-12-01;Vejen;35;575
2021-12-01;Aabenraa;48;580
2021-12-01;Fredericia;77;607
2021-12-01;Horsens;254;615
2021-12-01;Kolding;115;621
2021-12-01;Vejle;145;630
2021-12-01;Herning;161;657
2021-12-01;Holstebro;79;661
2021-12-01;Lemvig;10;665
2021-12-01;Struer;101;671
2021-12-01;Syddjurs;65;706
2021-12-01;Norddjurs;73;707
2021-12-01;Favrskov;29;710
2021-12-01;Odder;17;727
2021-12-01;Randers;88;730
2021-12-01;Silkeborg;129;740
2021-12-01;Skanderborg;59;746
2021-12-01;Århus;204;751
2021-12-01;Ikast-Brande;75;756
2021-12-01;Ringkøbing-Skjern;40;760
2021-12-01;Hedensted;126;766
2021-12-01;Morsø;21;773
2021-12-01;Skive;87;779
2021-12-01;Thisted;27;787
2021-12-01;Viborg;246;791
2021-12-01;Brønderslev;6;810
2021-12-01;Frederikshavn;52;813
2021-12-01;Vesthimmerland;25;820
2021-12-01;Rebild;7;840
2021-12-01;Mariagerfjord;26;846
2021-12-01;Jammerbugt;1;849
2021-12-01;Aalborg;20;851
2021-12-01;Hjørring;25;860
2021-12-02;København;483;101
2021-12-02;Frederiksberg;68;147
2021-12-02;Ballerup;30;151
2021-12-02;Brøndby;18;153
2021-12-02;Dragør;4;155
2021-12-02;Gentofte;48;157
2021-12-02;Gladsaxe;23;159
2021-12-02;Glostrup;21;161
2021-12-02;Herlev;16;163
2021-12-02;Albertslund;32;165
2021-12-02;Hvidovre;16;167
2021-12-02;Høje Tåstrup;33;169
2021-12-02;Lyngby-Taarbæk;37;173
2021-12-02;Rødovre;26;175
2021-12-02;Ishøj;17;183
2021-12-02;Tårnby;14;185
2021-12-02;Vallensbæk;9;187
2021-12-02;Furesø;12;190
2021-12-02;Allerød;28;201
2021-12-02;Fredensborg;15;210
2021-12-02;Helsingør;40;217
2021-12-02;Hillerød;23;219
2021-12-02;Hørsholm;11;223
2021-12-02;Rudersdal;28;230
2021-12-02;Egedal;25;240
2021-12-02;Frederikssund;48;250
2021-12-02;Greve;18;253
2021-12-02;Køge;26;259
2021-12-02;Halsnæs;28;260
2021-12-02;Roskilde;57;265
2021-12-02;Solrød;19;269
2021-12-02;Gribskov;16;270
2021-12-02;Odsherred;26;306
2021-12-02;Holbæk;70;316
2021-12-02;Faxe;18;320
2021-12-02;Kalundborg;48;326
2021-12-02;Ringsted;24;329
2021-12-02;Slagelse;44;330
2021-12-02;Stevns;11;336
2021-12-02;Sorø;15;340
2021-12-02;Lejre;18;350
2021-12-02;Lolland;48;360
2021-12-02;Næstved;47;370
2021-12-02;Guldborgsund;52;376
2021-12-02;Vordingborg;20;390
2021-12-02;Bornholm;18;400
2021-12-02;Middelfart;48;410
2021-12-02;Assens;57;420
2021-12-02;Faaborg-Midtfyn;49;430
2021-12-02;Kerteminde;33;440
2021-12-02;Nyborg;38;450
2021-12-02;Odense;271;461
2021-12-02;Svendborg;61;479
2021-12-02;Nordfyn;24;480
2021-12-02;Langeland;8;482
2021-12-02;Ærø;2;492
2021-12-02;Haderslev;103;510
2021-12-02;Billund;29;530
2021-12-02;Sønderborg;49;540
2021-12-02;Tønder;25;550
2021-12-02;Esbjerg;50;561
2021-12-02;Fanø;2;563
2021-12-02;Varde;40;573
2021-12-02;Vejen;46;575
2021-12-02;Aabenraa;54;580
2021-12-02;Fredericia;77;607
2021-12-02;Horsens;155;615
2021-12-02;Kolding;126;621
2021-12-02;Vejle;122;630
2021-12-02;Herning;198;657
2021-12-02;Holstebro;72;661
2021-12-02;Lemvig;13;665
2021-12-02;Struer;14;671
2021-12-02;Syddjurs;33;706
2021-12-02;Norddjurs;64;707
2021-12-02;Favrskov;54;710
2021-12-02;Odder;15;727
2021-12-02;Randers;74;730
2021-12-02;Silkeborg;127;740
2021-12-02;Skanderborg;203;746
2021-12-02;Århus;454;751
2021-12-02;Ikast-Brande;96;756
2021-12-02;Ringkøbing-Skjern;43;760
2021-12-02;Hedensted;57;766
2021-12-02;Morsø;5;773
2021-12-02;Skive;71;779
2021-12-02;Thisted;4;787
2021-12-02;Viborg;155;791
2021-12-02;Brønderslev;26;810
2021-12-02;Frederikshavn;96;813
2021-12-02;Vesthimmerland;18;820
2021-12-02;Rebild;22;840
2021-12-02;Mariagerfjord;15;846
2021-12-02;Jammerbugt;20;849
2021-12-02;Aalborg;283;851
2021-12-02;Hjørring;18;860
2021-12-03;København;434;101
2021-12-03;Frederiksberg;72;147
2021-12-03;Ballerup;19;151
2021-12-03;Brøndby;17;153
2021-12-03;Dragør;8;155
2021-12-03;Gentofte;49;157
2021-12-03;Gladsaxe;36;159
2021-12-03;Glostrup;7;161
2021-12-03;Herlev;10;163
2021-12-03;Albertslund;25;165
2021-12-03;Hvidovre;21;167
2021-12-03;Høje Tåstrup;27;169
2021-12-03;Lyngby-Taarbæk;18;173
2021-12-03;Rødovre;23;175
2021-12-03;Ishøj;10;183
2021-12-03;Tårnby;15;185
2021-12-03;Vallensbæk;4;187
2021-12-03;Furesø;17;190
2021-12-03;Allerød;14;201
2021-12-03;Fredensborg;9;210
2021-12-03;Helsingør;11;217
2021-12-03;Hillerød;16;219
2021-12-03;Hørsholm;8;223
2021-12-03;Rudersdal;23;230
2021-12-03;Egedal;21;240
2021-12-03;Frederikssund;28;250
2021-12-03;Greve;22;253
2021-12-03;Køge;44;259
2021-12-03;Halsnæs;14;260
2021-12-03;Roskilde;56;265
2021-12-03;Solrød;13;269
2021-12-03;Gribskov;14;270
2021-12-03;Odsherred;31;306
2021-12-03;Holbæk;81;316
2021-12-03;Faxe;23;320
2021-12-03;Kalundborg;12;326
2021-12-03;Ringsted;17;329
2021-12-03;Slagelse;54;330
2021-12-03;Stevns;14;336
2021-12-03;Sorø;16;340
2021-12-03;Lejre;23;350
2021-12-03;Lolland;22;360
2021-12-03;Næstved;43;370
2021-12-03;Guldborgsund;34;376
2021-12-03;Vordingborg;12;390
2021-12-03;Bornholm;27;400
2021-12-03;Middelfart;37;410
2021-12-03;Assens;57;420
2021-12-03;Faaborg-Midtfyn;55;430
2021-12-03;Kerteminde;24;440
2021-12-03;Nyborg;39;450
2021-12-03;Odense;252;461
2021-12-03;Svendborg;70;479
2021-12-03;Nordfyn;25;480
2021-12-03;Langeland;16;482
2021-12-03;Ærø;16;492
2021-12-03;Haderslev;40;510
2021-12-03;Billund;34;530
2021-12-03;Sønderborg;34;540
2021-12-03;Tønder;30;550
2021-12-03;Esbjerg;155;561
2021-12-03;Fanø;2;563
2021-12-03;Varde;65;573
2021-12-03;Vejen;47;575
2021-12-03;Aabenraa;62;580
2021-12-03;Fredericia;77;607
2021-12-03;Horsens;121;615
2021-12-03;Kolding;80;621
2021-12-03;Vejle;156;630
2021-12-03;Herning;185;657
2021-12-03;Holstebro;140;661
2021-12-03;Lemvig;8;665
2021-12-03;Struer;34;671
2021-12-03;Syddjurs;38;706
2021-12-03;Norddjurs;24;707
2021-12-03;Favrskov;43;710
2021-12-03;Odder;7;727
2021-12-03;Randers;106;730
2021-12-03;Silkeborg;150;740
2021-12-03;Samsø;1;741
2021-12-03;Skanderborg;43;746
2021-12-03;Århus;217;751
2021-12-03;Ikast-Brande;100;756
2021-12-03;Ringkøbing-Skjern;261;760
2021-12-03;Hedensted;57;766
2021-12-03;Morsø;9;773
2021-12-03;Skive;93;779
2021-12-03;Thisted;18;787
2021-12-03;Viborg;220;791
2021-12-03;Brønderslev;8;810
2021-12-03;Frederikshavn;5;813
2021-12-03;Vesthimmerland;11;820
2021-12-03;Rebild;11;840
2021-12-03;Mariagerfjord;7;846
2021-12-03;Jammerbugt;5;849
2021-12-03;Aalborg;64;851
2021-12-03;Hjørring;19;860
2021-12-04;København;324;101
2021-12-04;Frederiksberg;36;147
2021-12-04;Ballerup;39;151
2021-12-04;Brøndby;23;153
2021-12-04;Dragør;5;155
2021-12-04;Gentofte;40;157
2021-12-04;Gladsaxe;43;159
2021-12-04;Glostrup;10;161
2021-12-04;Herlev;22;163
2021-12-04;Albertslund;13;165
2021-12-04;Hvidovre;29;167
2021-12-04;Høje Tåstrup;28;169
2021-12-04;Lyngby-Taarbæk;36;173
2021-12-04;Rødovre;25;175
2021-12-04;Ishøj;8;183
2021-12-04;Tårnby;22;185
2021-12-04;Vallensbæk;9;187
2021-12-04;Furesø;22;190
2021-12-04;Allerød;13;201
2021-12-04;Fredensborg;26;210
2021-12-04;Helsingør;52;217
2021-12-04;Hillerød;27;219
2021-12-04;Hørsholm;34;223
2021-12-04;Rudersdal;41;230
2021-12-04;Egedal;30;240
2021-12-04;Frederikssund;27;250
2021-12-04;Greve;22;253
2021-12-04;Køge;36;259
2021-12-04;Halsnæs;10;260
2021-12-04;Roskilde;72;265
2021-12-04;Solrød;12;269
2021-12-04;Gribskov;23;270
2021-12-04;Odsherred;26;306
2021-12-04;Holbæk;69;316
2021-12-04;Faxe;37;320
2021-12-04;Kalundborg;32;326
2021-12-04;Ringsted;39;329
2021-12-04;Slagelse;48;330
2021-12-04;Stevns;16;336
2021-12-04;Sorø;22;340
2021-12-04;Lejre;32;350
2021-12-04;Lolland;33;360
2021-12-04;Næstved;82;370
2021-12-04;Guldborgsund;41;376
2021-12-04;Vordingborg;36;390
2021-12-04;Bornholm;28;400
2021-12-04;Middelfart;56;410
2021-12-04;Assens;103;420
2021-12-04;Faaborg-Midtfyn;101;430
2021-12-04;Kerteminde;44;440
2021-12-04;Nyborg;55;450
2021-12-04;Odense;395;461
2021-12-04;Svendborg;152;479
2021-12-04;Nordfyn;60;480
2021-12-04;Langeland;19;482
2021-12-04;Ærø;5;492
2021-12-04;Haderslev;43;510
2021-12-04;Billund;27;530
2021-12-04;Sønderborg;95;540
2021-12-04;Tønder;14;550
2021-12-04;Esbjerg;157;561
2021-12-04;Fanø;1;563
2021-12-04;Varde;84;573
2021-12-04;Vejen;54;575
2021-12-04;Aabenraa;48;580
2021-12-04;Fredericia;79;607
2021-12-04;Horsens;105;615
2021-12-04;Kolding;129;621
2021-12-04;Vejle;163;630
2021-12-04;Herning;210;657
2021-12-04;Holstebro;4;661
2021-12-04;Syddjurs;25;706
2021-12-04;Norddjurs;27;707
2021-12-04;Favrskov;109;710
2021-12-04;Odder;53;727
2021-12-04;Randers;229;730
2021-12-04;Silkeborg;273;740
2021-12-04;Skanderborg;113;746
2021-12-04;Århus;580;751
2021-12-04;Ikast-Brande;119;756
2021-12-04;Ringkøbing-Skjern;56;760
2021-12-04;Hedensted;53;766
2021-12-04;Morsø;2;773
2021-12-04;Skive;4;779
2021-12-04;Thisted;13;787
2021-12-04;Viborg;22;791
2021-12-04;Brønderslev;67;810
2021-12-04;Frederikshavn;22;813
2021-12-04;Vesthimmerland;11;820
2021-12-04;Rebild;57;840
2021-12-04;Mariagerfjord;94;846
2021-12-04;Jammerbugt;29;849
2021-12-04;Aalborg;256;851
2021-12-04;Hjørring;10;860
2021-12-05;København;873;101
2021-12-05;Frederiksberg;143;147
2021-12-05;Ballerup;97;151
2021-12-05;Brøndby;27;153
2021-12-05;Dragør;38;155
2021-12-05;Gentofte;231;157
2021-12-05;Gladsaxe;164;159
2021-12-05;Glostrup;34;161
2021-12-05;Herlev;71;163
2021-12-05;Albertslund;38;165
2021-12-05;Hvidovre;98;167
2021-12-05;Høje Tåstrup;85;169
2021-12-05;Lyngby-Taarbæk;212;173
2021-12-05;Rødovre;67;175
2021-12-05;Ishøj;24;183
2021-12-05;Tårnby;87;185
2021-12-05;Vallensbæk;27;187
2021-12-05;Furesø;135;190
2021-12-05;Allerød;113;201
2021-12-05;Fredensborg;85;210
2021-12-05;Helsingør;88;217
2021-12-05;Hillerød;110;219
2021-12-05;Hørsholm;66;223
2021-12-05;Rudersdal;195;230
2021-12-05;Egedal;97;240
2021-12-05;Frederikssund;72;250
2021-12-05;Greve;71;253
2021-12-05;Køge;66;259
2021-12-05;Halsnæs;39;260
2021-12-05;Roskilde;131;265
2021-12-05;Solrød;42;269
2021-12-05;Gribskov;57;270
2021-12-05;Odsherred;36;306
2021-12-05;Holbæk;88;316
2021-12-05;Faxe;32;320
2021-12-05;Kalundborg;26;326
2021-12-05;Ringsted;37;329
2021-12-05;Slagelse;42;330
2021-12-05;Stevns;27;336
2021-12-05;Sorø;30;340
2021-12-05;Lejre;45;350
2021-12-05;Lolland;83;360
2021-12-05;Næstved;90;370
2021-12-05;Guldborgsund;47;376
2021-12-05;Vordingborg;30;390
2021-12-05;Bornholm;93;400
2021-12-05;Middelfart;57;410
2021-12-05;Assens;58;420
2021-12-05;Faaborg-Midtfyn;91;430
2021-12-05;Kerteminde;34;440
2021-12-05;Nyborg;57;450
2021-12-05;Odense;242;461
2021-12-05;Svendborg;100;479
2021-12-05;Nordfyn;45;480
2021-12-05;Langeland;19;482
2021-12-05;Ærø;1;492
2021-12-05;Haderslev;53;510
2021-12-05;Billund;41;530
2021-12-05;Sønderborg;95;540
2021-12-05;Tønder;127;550
2021-12-05;Esbjerg;158;561
2021-12-05;Fanø;4;563
2021-12-05;Varde;66;573
2021-12-05;Vejen;61;575
2021-12-05;Aabenraa;52;580
2021-12-05;Fredericia;84;607
2021-12-05;Horsens;215;615
2021-12-05;Kolding;171;621
2021-12-05;Vejle;161;630
2021-12-05;Herning;3;657
2021-12-05;Holstebro;4;661
2021-12-05;Lemvig;50;665
2021-12-05;Struer;19;671
2021-12-05;Syddjurs;41;706
2021-12-05;Norddjurs;19;707
2021-12-05;Favrskov;154;710
2021-12-05;Odder;29;727
2021-12-05;Randers;267;730
2021-12-05;Silkeborg;9;740
2021-12-05;Samsø;1;741
2021-12-05;Skanderborg;85;746
2021-12-05;Århus;1253;751
2021-12-05;Ikast-Brande;4;756
2021-12-05;Ringkøbing-Skjern;5;760
2021-12-05;Hedensted;57;766
2021-12-05;Morsø;104;773
2021-12-05;Skive;16;779
2021-12-05;Thisted;249;787
2021-12-05;Viborg;18;791
2021-12-05;Brønderslev;46;810
2021-12-05;Frederikshavn;20;813
2021-12-05;Vesthimmerland;44;820
2021-12-05;Rebild;98;840
2021-12-05;Mariagerfjord;131;846
2021-12-05;Jammerbugt;69;849
2021-12-05;Aalborg;261;851
2021-12-05;Hjørring;50;860
2021-12-06;København;658;101
2021-12-06;Frederiksberg;126;147
2021-12-06;Ballerup;26;151
2021-12-06;Brøndby;34;153
2021-12-06;Dragør;11;155
2021-12-06;Gentofte;90;157
2021-12-06;Gladsaxe;77;159
2021-12-06;Glostrup;15;161
2021-12-06;Herlev;19;163
2021-12-06;Albertslund;26;165
2021-12-06;Hvidovre;37;167
2021-12-06;Høje Tåstrup;49;169
2021-12-06;Lyngby-Taarbæk;114;173
2021-12-06;Rødovre;22;175
2021-12-06;Ishøj;32;183
2021-12-06;Tårnby;25;185
2021-12-06;Vallensbæk;17;187
2021-12-06;Furesø;36;190
2021-12-06;Allerød;26;201
2021-12-06;Fredensborg;20;210
2021-12-06;Helsingør;47;217
2021-12-06;Hillerød;24;219
2021-12-06;Hørsholm;13;223
2021-12-06;Rudersdal;39;230
2021-12-06;Egedal;39;240
2021-12-06;Frederikssund;30;250
2021-12-06;Greve;72;253
2021-12-06;Køge;82;259
2021-12-06;Halsnæs;16;260
2021-12-06;Roskilde;132;265
2021-12-06;Solrød;35;269
2021-12-06;Gribskov;21;270
2021-12-06;Odsherred;34;306
2021-12-06;Holbæk;124;316
2021-12-06;Faxe;34;320
2021-12-06;Kalundborg;80;326
2021-12-06;Ringsted;41;329
2021-12-06;Slagelse;100;330
2021-12-06;Stevns;17;336
2021-12-06;Sorø;35;340
2021-12-06;Lejre;37;350
2021-12-06;Lolland;44;360
2021-12-06;Næstved;98;370
2021-12-06;Guldborgsund;54;376
2021-12-06;Vordingborg;29;390
2021-12-06;Bornholm;4;400
2021-12-06;Middelfart;86;410
2021-12-06;Assens;72;420
2021-12-06;Faaborg-Midtfyn;128;430
2021-12-06;Kerteminde;49;440
2021-12-06;Nyborg;58;450
2021-12-06;Odense;393;461
2021-12-06;Svendborg;137;479
2021-12-06;Nordfyn;72;480
2021-12-06;Langeland;20;482
2021-12-06;Ærø;2;492
2021-12-06;Haderslev;59;510
2021-12-06;Billund;49;530
2021-12-06;Sønderborg;90;540
2021-12-06;Tønder;39;550
2021-12-06;Esbjerg;85;561
2021-12-06;Fanø;2;563
2021-12-06;Varde;41;573
2021-12-06;Vejen;98;575
2021-12-06;Aabenraa;115;580
2021-12-06;Fredericia;132;607
2021-12-06;Horsens;59;615
2021-12-06;Kolding;302;621
2021-12-06;Vejle;299;630
2021-12-06;Herning;263;657
2021-12-06;Holstebro;215;661
2021-12-06;Lemvig;18;665
2021-12-06;Struer;28;671
2021-12-06;Syddjurs;42;706
2021-12-06;Norddjurs;81;707
2021-12-06;Favrskov;70;710
2021-12-06;Odder;45;727
2021-12-06;Randers;82;730
2021-12-06;Silkeborg;157;740
2021-12-06;Skanderborg;40;746
2021-12-06;Århus;216;751
2021-12-06;Ikast-Brande;87;756
2021-12-06;Ringkøbing-Skjern;45;760
2021-12-06;Hedensted;46;766
2021-12-06;Morsø;6;773
2021-12-06;Skive;112;779
2021-12-06;Thisted;7;787
2021-12-06;Viborg;179;791
2021-12-06;Brønderslev;33;810
2021-12-06;Frederikshavn;9;813
2021-12-06;Vesthimmerland;42;820
2021-12-06;Rebild;32;840
2021-12-06;Mariagerfjord;14;846
2021-12-06;Jammerbugt;103;849
2021-12-06;Aalborg;258;851
2021-12-06;Hjørring;43;860
2021-12-07;København;886;101
2021-12-07;Frederiksberg;191;147
2021-12-07;Ballerup;33;151
2021-12-07;Brøndby;37;153
2021-12-07;Dragør;35;155
2021-12-07;Gentofte;174;157
2021-12-07;Gladsaxe;75;159
2021-12-07;Glostrup;17;161
2021-12-07;Herlev;20;163
2021-12-07;Albertslund;15;165
2021-12-07;Hvidovre;64;167
2021-12-07;Høje Tåstrup;53;169
2021-12-07;Lyngby-Taarbæk;101;173
2021-12-07;Rødovre;30;175
2021-12-07;Ishøj;19;183
2021-12-07;Tårnby;206;185
2021-12-07;Vallensbæk;14;187
2021-12-07;Furesø;52;190
2021-12-07;Allerød;29;201
2021-12-07;Fredensborg;73;210
2021-12-07;Helsingør;142;217
2021-12-07;Hillerød;87;219
2021-12-07;Hørsholm;36;223
2021-12-07;Rudersdal;113;230
2021-12-07;Egedal;40;240
2021-12-07;Frederikssund;31;250
2021-12-07;Greve;48;253
2021-12-07;Køge;54;259
2021-12-07;Halsnæs;35;260
2021-12-07;Roskilde;119;265
2021-12-07;Solrød;33;269
2021-12-07;Gribskov;32;270
2021-12-07;Odsherred;29;306
2021-12-07;Holbæk;103;316
2021-12-07;Faxe;56;320
2021-12-07;Kalundborg;64;326
2021-12-07;Ringsted;41;329
2021-12-07;Slagelse;95;330
2021-12-07;Stevns;20;336
2021-12-07;Sorø;40;340
2021-12-07;Lejre;50;350
2021-12-07;Lolland;55;360
2021-12-07;Næstved;172;370
2021-12-07;Guldborgsund;93;376
2021-12-07;Vordingborg;65;390
2021-12-07;Bornholm;41;400
2021-12-07;Middelfart;97;410
2021-12-07;Assens;82;420
2021-12-07;Faaborg-Midtfyn;116;430
2021-12-07;Kerteminde;50;440
2021-12-07;Nyborg;66;450
2021-12-07;Odense;275;461
2021-12-07;Svendborg;151;479
2021-12-07;Nordfyn;28;480
2021-12-07;Langeland;15;482
2021-12-07;Ærø;1;492
2021-12-07;Haderslev;227;510
2021-12-07;Billund;62;530
2021-12-07;Sønderborg;116;540
2021-12-07;Tønder;43;550
2021-12-07;Esbjerg;131;561
2021-12-07;Fanø;4;563
2021-12-07;Varde;32;573
2021-12-07;Vejen;126;575
2021-12-07;Aabenraa;98;580
2021-12-07;Fredericia;161;607
2021-12-07;Horsens;257;615
2021-12-07;Kolding;340;621
2021-12-07;Vejle;350;630
2021-12-07;Herning;231;657
2021-12-07;Holstebro;113;661
2021-12-07;Lemvig;53;665
2021-12-07;Struer;18;671
2021-12-07;Syddjurs;59;706
2021-12-07;Norddjurs;28;707
2021-12-07;Favrskov;98;710
2021-12-07;Odder;24;727
2021-12-07;Randers;101;730
2021-12-07;Silkeborg;119;740
2021-12-07;Samsø;1;741
2021-12-07;Skanderborg;200;746
2021-12-07;Århus;655;751
2021-12-07;Ikast-Brande;110;756
2021-12-07;Ringkøbing-Skjern;146;760
2021-12-07;Hedensted;172;766
2021-12-07;Morsø;5;773
2021-12-07;Skive;51;779
2021-12-07;Thisted;15;787
2021-12-07;Viborg;221;791
2021-12-07;Brønderslev;52;810
2021-12-07;Frederikshavn;273;813
2021-12-07;Vesthimmerland;52;820
2021-12-07;Læsø;1;825
2021-12-07;Rebild;60;840
2021-12-07;Mariagerfjord;22;846
2021-12-07;Jammerbugt;36;849
2021-12-07;Aalborg;280;851
2021-12-07;Hjørring;32;860
2021-12-08;København;1029;101
2021-12-08;Frederiksberg;208;147
2021-12-08;Ballerup;66;151
2021-12-08;Brøndby;37;153
2021-12-08;Dragør;23;155
2021-12-08;Gentofte;150;157
2021-12-08;Gladsaxe;110;159
2021-12-08;Glostrup;31;161
2021-12-08;Herlev;36;163
2021-12-08;Albertslund;64;165
2021-12-08;Hvidovre;104;167
2021-12-08;Høje Tåstrup;113;169
2021-12-08;Lyngby-Taarbæk;108;173
2021-12-08;Rødovre;67;175
2021-12-08;Ishøj;25;183
2021-12-08;Tårnby;57;185
2021-12-08;Vallensbæk;56;187
2021-12-08;Furesø;71;190
2021-12-08;Allerød;33;201
2021-12-08;Fredensborg;53;210
2021-12-08;Helsingør;77;217
2021-12-08;Hillerød;60;219
2021-12-08;Hørsholm;29;223
2021-12-08;Rudersdal;91;230
2021-12-08;Egedal;62;240
2021-12-08;Frederikssund;56;250
2021-12-08;Greve;124;253
2021-12-08;Køge;80;259
2021-12-08;Halsnæs;33;260
2021-12-08;Roskilde;122;265
2021-12-08;Solrød;42;269
2021-12-08;Gribskov;33;270
2021-12-08;Odsherred;77;306
2021-12-08;Holbæk;130;316
2021-12-08;Faxe;65;320
2021-12-08;Kalundborg;82;326
2021-12-08;Ringsted;91;329
2021-12-08;Slagelse;104;330
2021-12-08;Stevns;53;336
2021-12-08;Sorø;70;340
2021-12-08;Lejre;49;350
2021-12-08;Lolland;88;360
2021-12-08;Næstved;170;370
2021-12-08;Guldborgsund;26;376
2021-12-08;Vordingborg;58;390
2021-12-08;Bornholm;129;400
2021-12-08;Middelfart;105;410
2021-12-08;Assens;89;420
2021-12-08;Faaborg-Midtfyn;123;430
2021-12-08;Kerteminde;55;440
2021-12-08;Nyborg;47;450
2021-12-08;Odense;302;461
2021-12-08;Svendborg;147;479
2021-12-08;Nordfyn;46;480
2021-12-08;Langeland;14;482
2021-12-08;Ærø;2;492
2021-12-08;Haderslev;49;510
2021-12-08;Billund;53;530
2021-12-08;Sønderborg;109;540
2021-12-08;Tønder;62;550
2021-12-08;Esbjerg;272;561
2021-12-08;Fanø;3;563
2021-12-08;Varde;116;573
2021-12-08;Vejen;109;575
2021-12-08;Aabenraa;101;580
2021-12-08;Fredericia;119;607
2021-12-08;Horsens;331;615
2021-12-08;Kolding;217;621
2021-12-08;Vejle;300;630
2021-12-08;Herning;212;657
2021-12-08;Holstebro;168;661
2021-12-08;Lemvig;25;665
2021-12-08;Struer;119;671
2021-12-08;Syddjurs;92;706
2021-12-08;Norddjurs;68;707
2021-12-08;Favrskov;45;710
2021-12-08;Odder;21;727
2021-12-08;Randers;77;730
2021-12-08;Silkeborg;160;740
2021-12-08;Skanderborg;66;746
2021-12-08;Århus;257;751
2021-12-08;Ikast-Brande;103;756
2021-12-08;Ringkøbing-Skjern;125;760
2021-12-08;Hedensted;139;766
2021-12-08;Morsø;73;773
2021-12-08;Skive;124;779
2021-12-08;Thisted;186;787
2021-12-08;Viborg;210;791
2021-12-08;Brønderslev;69;810
2021-12-08;Frederikshavn;39;813
2021-12-08;Vesthimmerland;51;820
2021-12-08;Rebild;40;840
2021-12-08;Mariagerfjord;22;846
2021-12-08;Jammerbugt;93;849
2021-12-08;Aalborg;352;851
2021-12-08;Hjørring;295;860
2021-12-09;København;786;101
2021-12-09;Frederiksberg;145;147
2021-12-09;Ballerup;60;151
2021-12-09;Brøndby;27;153
2021-12-09;Dragør;33;155
2021-12-09;Gentofte;195;157
2021-12-09;Gladsaxe;103;159
2021-12-09;Glostrup;28;161
2021-12-09;Herlev;37;163
2021-12-09;Albertslund;40;165
2021-12-09;Hvidovre;69;167
2021-12-09;Høje Tåstrup;68;169
2021-12-09;Lyngby-Taarbæk;76;173
2021-12-09;Rødovre;48;175
2021-12-09;Ishøj;16;183
2021-12-09;Tårnby;156;185
2021-12-09;Vallensbæk;29;187
2021-12-09;Furesø;73;190
2021-12-09;Allerød;35;201
2021-12-09;Fredensborg;51;210
2021-12-09;Helsingør;58;217
2021-12-09;Hillerød;63;219
2021-12-09;Hørsholm;28;223
2021-12-09;Rudersdal;61;230
2021-12-09;Egedal;90;240
2021-12-09;Frederikssund;88;250
2021-12-09;Greve;65;253
2021-12-09;Køge;89;259
2021-12-09;Halsnæs;60;260
2021-12-09;Roskilde;196;265
2021-12-09;Solrød;33;269
2021-12-09;Gribskov;33;270
2021-12-09;Odsherred;37;306
2021-12-09;Holbæk;126;316
2021-12-09;Faxe;40;320
2021-12-09;Kalundborg;85;326
2021-12-09;Ringsted;60;329
2021-12-09;Slagelse;124;330
2021-12-09;Stevns;30;336
2021-12-09;Sorø;51;340
2021-12-09;Lejre;50;350
2021-12-09;Lolland;80;360
2021-12-09;Næstved;227;370
2021-12-09;Guldborgsund;57;376
2021-12-09;Vordingborg;40;390
2021-12-09;Bornholm;111;400
2021-12-09;Middelfart;154;410
2021-12-09;Assens;83;420
2021-12-09;Faaborg-Midtfyn;116;430
2021-12-09;Kerteminde;54;440
2021-12-09;Nyborg;64;450
2021-12-09;Odense;314;461
2021-12-09;Svendborg;189;479
2021-12-09;Nordfyn;45;480
2021-12-09;Langeland;27;482
2021-12-09;Ærø;5;492
2021-12-09;Haderslev;236;510
2021-12-09;Billund;64;530
2021-12-09;Sønderborg;137;540
2021-12-09;Tønder;56;550
2021-12-09;Esbjerg;242;561
2021-12-09;Fanø;3;563
2021-12-09;Varde;104;573
2021-12-09;Vejen;107;575
2021-12-09;Aabenraa;110;580
2021-12-09;Fredericia;159;607
2021-12-09;Horsens;254;615
2021-12-09;Kolding;263;621
2021-12-09;Vejle;309;630
2021-12-09;Herning;310;657
2021-12-09;Holstebro;162;661
2021-12-09;Lemvig;16;665
2021-12-09;Struer;34;671
2021-12-09;Syddjurs;60;706
2021-12-09;Norddjurs;90;707
2021-12-09;Favrskov;131;710
2021-12-09;Odder;45;727
2021-12-09;Randers;136;730
2021-12-09;Silkeborg;181;740
2021-12-09;Skanderborg;264;746
2021-12-09;Århus;722;751
2021-12-09;Ikast-Brande;134;756
2021-12-09;Ringkøbing-Skjern;178;760
2021-12-09;Hedensted;110;766
2021-12-09;Morsø;22;773
2021-12-09;Skive;87;779
2021-12-09;Thisted;14;787
2021-12-09;Viborg;267;791
2021-12-09;Brønderslev;55;810
2021-12-09;Frederikshavn;24;813
2021-12-09;Vesthimmerland;23;820
2021-12-09;Rebild;56;840
2021-12-09;Mariagerfjord;37;846
2021-12-09;Jammerbugt;27;849
2021-12-09;Aalborg;413;851
2021-12-09;Hjørring;6;860
2021-12-10;København;772;101
2021-12-10;Frederiksberg;153;147
2021-12-10;Ballerup;53;151
2021-12-10;Brøndby;26;153
2021-12-10;Dragør;20;155
2021-12-10;Gentofte;117;157
2021-12-10;Gladsaxe;91;159
2021-12-10;Glostrup;26;161
2021-12-10;Herlev;37;163
2021-12-10;Albertslund;33;165
2021-12-10;Hvidovre;55;167
2021-12-10;Høje Tåstrup;85;169
2021-12-10;Lyngby-Taarbæk;69;173
2021-12-10;Rødovre;50;175
2021-12-10;Ishøj;25;183
2021-12-10;Tårnby;40;185
2021-12-10;Vallensbæk;27;187
2021-12-10;Furesø;52;190
2021-12-10;Allerød;24;201
2021-12-10;Fredensborg;28;210
2021-12-10;Helsingør;57;217
2021-12-10;Hillerød;30;219
2021-12-10;Hørsholm;13;223
2021-12-10;Rudersdal;52;230
2021-12-10;Egedal;64;240
2021-12-10;Frederikssund;37;250
2021-12-10;Greve;90;253
2021-12-10;Køge;74;259
2021-12-10;Halsnæs;13;260
2021-12-10;Roskilde;163;265
2021-12-10;Solrød;26;269
2021-12-10;Gribskov;13;270
2021-12-10;Odsherred;22;306
2021-12-10;Holbæk;117;316
2021-12-10;Faxe;60;320
2021-12-10;Kalundborg;43;326
2021-12-10;Ringsted;71;329
2021-12-10;Slagelse;133;330
2021-12-10;Stevns;43;336
2021-12-10;Sorø;35;340
2021-12-10;Lejre;31;350
2021-12-10;Lolland;78;360
2021-12-10;Næstved;151;370
2021-12-10;Guldborgsund;30;376
2021-12-10;Vordingborg;36;390
2021-12-10;Bornholm;101;400
2021-12-10;Middelfart;115;410
2021-12-10;Assens;94;420
2021-12-10;Faaborg-Midtfyn;106;430
2021-12-10;Kerteminde;55;440
2021-12-10;Nyborg;74;450
2021-12-10;Odense;402;461
2021-12-10;Svendborg;91;479
2021-12-10;Nordfyn;58;480
2021-12-10;Langeland;34;482
2021-12-10;Ærø;33;492
2021-12-10;Haderslev;76;510
2021-12-10;Billund;49;530
2021-12-10;Sønderborg;101;540
2021-12-10;Tønder;39;550
2021-12-10;Esbjerg;88;561
2021-12-10;Fanø;10;563
2021-12-10;Varde;35;573
2021-12-10;Vejen;113;575
2021-12-10;Aabenraa;93;580
2021-12-10;Fredericia;99;607
2021-12-10;Horsens;43;615
2021-12-10;Kolding;218;621
2021-12-10;Vejle;338;630
2021-12-10;Herning;254;657
2021-12-10;Holstebro;167;661
2021-12-10;Lemvig;65;665
2021-12-10;Struer;38;671
2021-12-10;Syddjurs;69;706
2021-12-10;Norddjurs;32;707
2021-12-10;Favrskov;34;710
2021-12-10;Odder;13;727
2021-12-10;Randers;49;730
2021-12-10;Silkeborg;203;740
2021-12-10;Samsø;1;741
2021-12-10;Skanderborg;60;746
2021-12-10;Århus;203;751
2021-12-10;Ikast-Brande;125;756
2021-12-10;Ringkøbing-Skjern;62;760
2021-12-10;Hedensted;47;766
2021-12-10;Morsø;24;773
2021-12-10;Skive;85;779
2021-12-10;Thisted;27;787
2021-12-10;Viborg;275;791
2021-12-10;Brønderslev;95;810
2021-12-10;Frederikshavn;200;813
2021-12-10;Vesthimmerland;39;820
2021-12-10;Læsø;1;825
2021-12-10;Rebild;40;840
2021-12-10;Mariagerfjord;21;846
2021-12-10;Jammerbugt;60;849
2021-12-10;Aalborg;338;851
2021-12-10;Hjørring;216;860
2021-12-11;København;539;101
2021-12-11;Frederiksberg;71;147
2021-12-11;Ballerup;60;151
2021-12-11;Brøndby;38;153
2021-12-11;Dragør;14;155
2021-12-11;Gentofte;111;157
2021-12-11;Gladsaxe;124;159
2021-12-11;Glostrup;29;161
2021-12-11;Herlev;42;163
2021-12-11;Albertslund;50;165
2021-12-11;Hvidovre;74;167
2021-12-11;Høje Tåstrup;69;169
2021-12-11;Lyngby-Taarbæk;129;173
2021-12-11;Rødovre;59;175
2021-12-11;Ishøj;31;183
2021-12-11;Tårnby;44;185
2021-12-11;Vallensbæk;47;187
2021-12-11;Furesø;81;190
2021-12-11;Allerød;37;201
2021-12-11;Fredensborg;101;210
2021-12-11;Helsingør;176;217
2021-12-11;Hillerød;46;219
2021-12-11;Hørsholm;45;223
2021-12-11;Rudersdal;123;230
2021-12-11;Egedal;64;240
2021-12-11;Frederikssund;48;250
2021-12-11;Greve;84;253
2021-12-11;Køge;48;259
2021-12-11;Halsnæs;23;260
2021-12-11;Roskilde;138;265
2021-12-11;Solrød;24;269
2021-12-11;Gribskov;43;270
2021-12-11;Odsherred;31;306
2021-12-11;Holbæk;77;316
2021-12-11;Faxe;34;320
2021-12-11;Kalundborg;43;326
2021-12-11;Ringsted;44;329
2021-12-11;Slagelse;101;330
2021-12-11;Stevns;19;336
2021-12-11;Sorø;58;340
2021-12-11;Lejre;44;350
2021-12-11;Lolland;43;360
2021-12-11;Næstved;87;370
2021-12-11;Guldborgsund;42;376
2021-12-11;Vordingborg;31;390
2021-12-11;Bornholm;104;400
2021-12-11;Middelfart;66;410
2021-12-11;Assens;32;420
2021-12-11;Faaborg-Midtfyn;21;430
2021-12-11;Kerteminde;22;440
2021-12-11;Nyborg;15;450
2021-12-11;Odense;110;461
2021-12-11;Svendborg;1;479
2021-12-11;Nordfyn;19;480
2021-12-11;Ærø;1;492
2021-12-11;Haderslev;61;510
2021-12-11;Billund;55;530
2021-12-11;Sønderborg;96;540
2021-12-11;Tønder;57;550
2021-12-11;Esbjerg;134;561
2021-12-11;Fanø;3;563
2021-12-11;Varde;53;573
2021-12-11;Vejen;56;575
2021-12-11;Aabenraa;128;580
2021-12-11;Fredericia;94;607
2021-12-11;Horsens;154;615
2021-12-11;Kolding;131;621
2021-12-11;Vejle;246;630
2021-12-11;Herning;98;657
2021-12-11;Holstebro;22;661
2021-12-11;Lemvig;68;665
2021-12-11;Struer;21;671
2021-12-11;Syddjurs;24;706
2021-12-11;Norddjurs;38;707
2021-12-11;Favrskov;154;710
2021-12-11;Odder;71;727
2021-12-11;Randers;328;730
2021-12-11;Silkeborg;189;740
2021-12-11;Skanderborg;111;746
2021-12-11;Århus;377;751
2021-12-11;Ikast-Brande;64;756
2021-12-11;Ringkøbing-Skjern;51;760
2021-12-11;Hedensted;148;766
2021-12-11;Morsø;2;773
2021-12-11;Skive;11;779
2021-12-11;Thisted;30;787
2021-12-11;Viborg;224;791
2021-12-11;Brønderslev;116;810
2021-12-11;Frederikshavn;221;813
2021-12-11;Vesthimmerland;42;820
2021-12-11;Læsø;1;825
2021-12-11;Rebild;67;840
2021-12-11;Mariagerfjord;67;846
2021-12-11;Jammerbugt;71;849
2021-12-11;Aalborg;325;851
2021-12-11;Hjørring;203;860
2021-12-12;København;1074;101
2021-12-12;Frederiksberg;209;147
2021-12-12;Ballerup;145;151
2021-12-12;Brøndby;56;153
2021-12-12;Dragør;52;155
2021-12-12;Gentofte;225;157
2021-12-12;Gladsaxe;245;159
2021-12-12;Glostrup;54;161
2021-12-12;Herlev;109;163
2021-12-12;Albertslund;78;165
2021-12-12;Hvidovre;208;167
2021-12-12;Høje Tåstrup;120;169
2021-12-12;Lyngby-Taarbæk;226;173
2021-12-12;Rødovre;129;175
2021-12-12;Ishøj;42;183
2021-12-12;Tårnby;122;185
2021-12-12;Vallensbæk;68;187
2021-12-12;Furesø;221;190
2021-12-12;Allerød;120;201
2021-12-12;Fredensborg;82;210
2021-12-12;Helsingør;42;217
2021-12-12;Hillerød;152;219
2021-12-12;Hørsholm;55;223
2021-12-12;Rudersdal;224;230
2021-12-12;Egedal;204;240
2021-12-12;Frederikssund;130;250
2021-12-12;Greve;130;253
2021-12-12;Køge;66;259
2021-12-12;Halsnæs;54;260
2021-12-12;Roskilde;272;265
2021-12-12;Solrød;64;269
2021-12-12;Gribskov;80;270
2021-12-12;Odsherred;19;306
2021-12-12;Holbæk;102;316
2021-12-12;Faxe;68;320
2021-12-12;Kalundborg;63;326
2021-12-12;Ringsted;68;329
2021-12-12;Slagelse;126;330
2021-12-12;Stevns;24;336
2021-12-12;Sorø;44;340
2021-12-12;Lejre;65;350
2021-12-12;Lolland;31;360
2021-12-12;Næstved;130;370
2021-12-12;Guldborgsund;44;376
2021-12-12;Vordingborg;67;390
2021-12-12;Bornholm;84;400
2021-12-12;Middelfart;82;410
2021-12-12;Assens;25;420
2021-12-12;Faaborg-Midtfyn;22;430
2021-12-12;Kerteminde;19;440
2021-12-12;Nyborg;23;450
2021-12-12;Odense;143;461
2021-12-12;Nordfyn;32;480
2021-12-12;Haderslev;91;510
2021-12-12;Billund;40;530
2021-12-12;Sønderborg;112;540
2021-12-12;Tønder;49;550
2021-12-12;Esbjerg;142;561
2021-12-12;Fanø;1;563
2021-12-12;Varde;39;573
2021-12-12;Vejen;91;575
2021-12-12;Aabenraa;125;580
2021-12-12;Fredericia;123;607
2021-12-12;Horsens;329;615
2021-12-12;Kolding;229;621
2021-12-12;Vejle;269;630
2021-12-12;Herning;2;657
2021-12-12;Syddjurs;78;706
2021-12-12;Norddjurs;50;707
2021-12-12;Favrskov;280;710
2021-12-12;Odder;44;727
2021-12-12;Randers;380;730
2021-12-12;Silkeborg;238;740
2021-12-12;Skanderborg;191;746
2021-12-12;Århus;1613;751
2021-12-12;Ikast-Brande;19;756
2021-12-12;Ringkøbing-Skjern;4;760
2021-12-12;Hedensted;74;766
2021-12-12;Morsø;24;773
2021-12-12;Skive;8;779
2021-12-12;Thisted;20;787
2021-12-12;Viborg;241;791
2021-12-12;Brønderslev;139;810
2021-12-12;Frederikshavn;189;813
2021-12-12;Vesthimmerland;44;820
2021-12-12;Rebild;71;840
2021-12-12;Mariagerfjord;53;846
2021-12-12;Jammerbugt;107;849
2021-12-12;Aalborg;371;851
2021-12-12;Hjørring;220;860
2021-12-13;København;709;101
2021-12-13;Frederiksberg;138;147
2021-12-13;Ballerup;52;151
2021-12-13;Brøndby;38;153
2021-12-13;Dragør;19;155
2021-12-13;Gentofte;105;157
2021-12-13;Gladsaxe;76;159
2021-12-13;Glostrup;27;161
2021-12-13;Herlev;37;163
2021-12-13;Albertslund;22;165
2021-12-13;Hvidovre;58;167
2021-12-13;Høje Tåstrup;69;169
2021-12-13;Lyngby-Taarbæk;85;173
2021-12-13;Rødovre;54;175
2021-12-13;Ishøj;24;183
2021-12-13;Tårnby;41;185
2021-12-13;Vallensbæk;27;187
2021-12-13;Furesø;95;190
2021-12-13;Allerød;27;201
2021-12-13;Fredensborg;28;210
2021-12-13;Helsingør;74;217
2021-12-13;Hillerød;32;219
2021-12-13;Hørsholm;18;223
2021-12-13;Rudersdal;45;230
2021-12-13;Egedal;86;240
2021-12-13;Frederikssund;42;250
2021-12-13;Greve;94;253
2021-12-13;Køge;110;259
2021-12-13;Halsnæs;21;260
2021-12-13;Roskilde;161;265
2021-12-13;Solrød;24;269
2021-12-13;Gribskov;26;270
2021-12-13;Odsherred;37;306
2021-12-13;Holbæk;105;316
2021-12-13;Faxe;52;320
2021-12-13;Kalundborg;103;326
2021-12-13;Ringsted;48;329
2021-12-13;Slagelse;129;330
2021-12-13;Stevns;65;336
2021-12-13;Sorø;65;340
2021-12-13;Lejre;68;350
2021-12-13;Lolland;23;360
2021-12-13;Næstved;156;370
2021-12-13;Guldborgsund;116;376
2021-12-13;Vordingborg;71;390
2021-12-13;Bornholm;46;400
2021-12-13;Middelfart;97;410
2021-12-13;Assens;102;420
2021-12-13;Faaborg-Midtfyn;87;430
2021-12-13;Kerteminde;48;440
2021-12-13;Nyborg;44;450
2021-12-13;Odense;453;461
2021-12-13;Svendborg;13;479
2021-12-13;Nordfyn;65;480
2021-12-13;Langeland;1;482
2021-12-13;Ærø;3;492
2021-12-13;Haderslev;26;510
2021-12-13;Billund;58;530
2021-12-13;Sønderborg;93;540
2021-12-13;Tønder;45;550
2021-12-13;Esbjerg;304;561
2021-12-13;Fanø;6;563
2021-12-13;Varde;119;573
2021-12-13;Vejen;105;575
2021-12-13;Aabenraa;88;580
2021-12-13;Fredericia;84;607
2021-12-13;Horsens;33;615
2021-12-13;Kolding;187;621
2021-12-13;Vejle;252;630
2021-12-13;Herning;214;657
2021-12-13;Holstebro;162;661
2021-12-13;Lemvig;15;665
2021-12-13;Struer;51;671
2021-12-13;Syddjurs;119;706
2021-12-13;Norddjurs;90;707
2021-12-13;Favrskov;103;710
2021-12-13;Odder;12;727
2021-12-13;Randers;87;730
2021-12-13;Silkeborg;191;740
2021-12-13;Skanderborg;97;746
2021-12-13;Århus;163;751
2021-12-13;Ikast-Brande;96;756
2021-12-13;Ringkøbing-Skjern;48;760
2021-12-13;Hedensted;42;766
2021-12-13;Morsø;29;773
2021-12-13;Skive;72;779
2021-12-13;Thisted;9;787
2021-12-13;Viborg;216;791
2021-12-13;Brønderslev;91;810
2021-12-13;Frederikshavn;136;813
2021-12-13;Vesthimmerland;35;820
2021-12-13;Rebild;38;840
2021-12-13;Mariagerfjord;31;846
2021-12-13;Jammerbugt;73;849
2021-12-13;Aalborg;376;851
2021-12-13;Hjørring;231;860
2021-12-14;København;762;101
2021-12-14;Frederiksberg;130;147
2021-12-14;Ballerup;40;151
2021-12-14;Brøndby;27;153
2021-12-14;Dragør;16;155
2021-12-14;Gentofte;116;157
2021-12-14;Gladsaxe;100;159
2021-12-14;Glostrup;16;161
2021-12-14;Herlev;37;163
2021-12-14;Albertslund;8;165
2021-12-14;Hvidovre;44;167
2021-12-14;Høje Tåstrup;20;169
2021-12-14;Lyngby-Taarbæk;84;173
2021-12-14;Rødovre;40;175
2021-12-14;Ishøj;13;183
2021-12-14;Tårnby;49;185
2021-12-14;Vallensbæk;16;187
2021-12-14;Furesø;53;190
2021-12-14;Allerød;30;201
2021-12-14;Fredensborg;43;210
2021-12-14;Helsingør;102;217
2021-12-14;Hillerød;58;219
2021-12-14;Hørsholm;32;223
2021-12-14;Rudersdal;113;230
2021-12-14;Egedal;49;240
2021-12-14;Frederikssund;36;250
2021-12-14;Greve;79;253
2021-12-14;Køge;113;259
2021-12-14;Halsnæs;18;260
2021-12-14;Roskilde;104;265
2021-12-14;Solrød;39;269
2021-12-14;Gribskov;54;270
2021-12-14;Odsherred;27;306
2021-12-14;Holbæk;99;316
2021-12-14;Faxe;46;320
2021-12-14;Kalundborg;51;326
2021-12-14;Ringsted;38;329
2021-12-14;Slagelse;96;330
2021-12-14;Stevns;34;336
2021-12-14;Sorø;60;340
2021-12-14;Lejre;40;350
2021-12-14;Lolland;22;360
2021-12-14;Næstved;85;370
2021-12-14;Guldborgsund;95;376
2021-12-14;Vordingborg;63;390
2021-12-14;Bornholm;48;400
2021-12-14;Middelfart;79;410
2021-12-14;Assens;22;420
2021-12-14;Faaborg-Midtfyn;30;430
2021-12-14;Kerteminde;20;440
2021-12-14;Nyborg;19;450
2021-12-14;Odense;167;461
2021-12-14;Svendborg;20;479
2021-12-14;Nordfyn;22;480
2021-12-14;Langeland;3;482
2021-12-14;Ærø;6;492
2021-12-14;Haderslev;85;510
2021-12-14;Billund;25;530
2021-12-14;Sønderborg;85;540
2021-12-14;Tønder;25;550
2021-12-14;Esbjerg;71;561
2021-12-14;Fanø;2;563
2021-12-14;Varde;25;573
2021-12-14;Vejen;63;575
2021-12-14;Aabenraa;61;580
2021-12-14;Fredericia;64;607
2021-12-14;Horsens;199;615
2021-12-14;Kolding;121;621
2021-12-14;Vejle;158;630
2021-12-14;Herning;138;657
2021-12-14;Holstebro;120;661
2021-12-14;Lemvig;11;665
2021-12-14;Struer;48;671
2021-12-14;Syddjurs;95;706
2021-12-14;Norddjurs;81;707
2021-12-14;Favrskov;74;710
2021-12-14;Odder;19;727
2021-12-14;Randers;119;730
2021-12-14;Silkeborg;66;740
2021-12-14;Skanderborg;193;746
2021-12-14;Århus;402;751
2021-12-14;Ikast-Brande;50;756
2021-12-14;Ringkøbing-Skjern;139;760
2021-12-14;Hedensted;129;766
2021-12-14;Morsø;9;773
2021-12-14;Skive;80;779
2021-12-14;Thisted;15;787
2021-12-14;Viborg;156;791
2021-12-14;Brønderslev;41;810
2021-12-14;Frederikshavn;100;813
2021-12-14;Vesthimmerland;50;820
2021-12-14;Læsø;14;825
2021-12-14;Rebild;64;840
2021-12-14;Mariagerfjord;129;846
2021-12-14;Jammerbugt;38;849
2021-12-14;Aalborg;220;851
2021-12-14;Hjørring;46;860
